 0.042 0.085 0.083 -0.278 -0.225 0.000 0
 0.042 0.076 0.250 -0.278 -0.225 0.022 0
 0.042 0.110 0.083 -0.253 -0.200 0.356 0
 0.042 0.153 0.083 -0.253 -0.225 0.333 0
 0.042 0.153 0.083 -0.202 -0.200 0.333 0
 0.042 0.153 0.083 -0.177 -0.200 0.311 0
 0.042 0.153 0.083 -0.202 -0.175 0.289 0
 0.083 0.119 0.083 -0.253 -0.200 0.311 0
 0.083 0.153 0.083 -0.202 -0.175 0.333 0
 0.083 0.178 0.083 -0.177 -0.175 0.267 0
 0.083 0.178 0.083 -0.152 -0.175 0.244 0
 0.083 0.153 0.083 -0.152 -0.175 0.222 0
 0.083 0.153 0.083 -0.177 -0.100 0.156 0
 0.083 0.153 0.083 -0.202 -0.125 0.200 0
 0.083 0.186 0.083 -0.253 -0.125 0.222 0
 0.083 0.186 0.083 -0.227 -0.050 0.222 0
 0.083 0.110 0.083 -0.253 -0.075 0.222 0
 0.125 0.169 0.083 -0.076 -0.025 0.133 0
 0.125 0.212 0.083 -0.126 0.025 0.089 0
 0.125 0.212 0.083 -0.126 0.050 0.111 0
 0.125 0.093 0.083 -0.152 0.075 0.111 0
 0.125 0.110 0.083 -0.152 0.075 0.111 0
 0.125 0.110 0.083 -0.126 0.075 0.111 0
 0.125 0.093 0.083 -0.126 0.075 0.089 0
 0.125 0.119 0.083 -0.076 0.100 0.089 0
 0.125 0.119 0.083 -0.076 0.075 0.067 0
 0.125 0.212 0.083 0.025 0.075 0.022 0
 0.125 0.212 0.083 0.101 0.100 -0.044 0
 0.167 0.186 0.083 0.202 0.100 -0.156 0
 0.167 0.169 0.083 0.278 0.075 -0.222 0
 0.167 0.203 0.083 0.379 0.125 -0.333 0
 0.167 0.220 0.083 0.404 0.175 -0.356 0
 0.167 0.212 0.083 0.328 0.150 -0.311 0
 0.167 0.212 0.083 0.328 0.150 -0.244 0
 0.167 0.093 0.083 0.253 0.200 -0.244 0
 0.167 0.127 0.250 0.202 0.175 -0.156 0
 0.167 0.263 0.250 0.202 0.175 -0.156 0
 0.167 0.263 0.083 0.051 0.225 -0.089 0
 0.167 0.127 0.083 -0.076 0.200 0.044 0
 0.208 0.263 0.083 -0.152 0.300 0.133 0
 0.208 0.246 0.083 -0.303 0.275 0.289 0
 0.208 0.186 0.083 -0.379 0.325 0.356 0
 0.208 0.186 0.083 -0.328 0.300 0.311 0
 0.208 0.220 0.083 -0.278 0.400 0.289 0
 0.208 0.220 0.083 -0.253 0.375 0.244 0
 0.208 0.161 0.083 -0.253 0.400 0.222 0
 0.208 0.153 0.083 -0.328 0.400 0.244 0
 0.208 0.186 0.083 -0.278 0.450 0.244 0
 0.208 0.186 0.083 -0.227 0.400 0.200 0
 0.208 0.127 0.083 -0.278 0.400 0.244 0
 0.250 0.186 0.083 -0.202 0.450 0.200 0
 0.250 0.186 0.083 -0.051 0.425 0.089 0
 0.250 0.153 0.083 0.000 0.400 0.044 0
 0.250 0.153 0.083 0.000 0.500 -0.022 0
 0.250 0.153 0.083 0.025 0.500 0.000 0
 0.250 0.153 0.083 0.025 0.475 0.000 0
 0.250 0.186 0.083 0.076 0.475 -0.022 0
 0.250 0.220 0.083 0.101 0.475 -0.067 0
 0.250 0.220 0.083 0.076 0.500 -0.022 0
 0.250 0.144 0.083 0.000 0.450 0.000 0
 0.250 0.153 0.083 0.076 0.450 -0.067 0
 0.292 0.153 0.333 0.126 0.525 -0.089 0
 0.292 0.153 0.083 0.101 0.475 -0.067 0
 0.292 0.169 0.250 0.076 0.525 -0.067 0
 0.292 0.229 0.083 0.177 0.450 -0.133 0
 0.292 0.263 0.250 0.227 0.475 -0.156 0
 0.292 0.263 0.083 0.202 0.475 -0.133 0
 0.292 0.263 0.083 0.177 0.500 -0.111 0
 0.292 0.186 0.083 0.152 0.450 -0.133 0
 0.292 0.186 0.083 0.177 0.475 -0.133 0
 0.292 0.186 0.083 0.126 0.500 -0.089 0
 0.292 0.212 0.083 0.051 0.525 -0.022 0
 0.333 0.161 0.250 -0.051 0.500 0.044 0
 0.333 0.161 0.083 0.000 0.475 0.022 0
 0.333 0.161 0.083 -0.076 0.425 0.089 0
 0.333 0.212 0.083 -0.051 0.425 0.022 0
 0.333 0.212 0.083 -0.051 0.400 0.022 0
 0.333 0.127 0.083 -0.076 0.425 0.044 0
 0.333 0.127 0.083 0.000 0.400 0.022 0
 0.333 0.153 0.083 0.076 0.375 -0.044 0
 0.333 0.153 0.250 0.126 0.400 -0.089 0
 0.333 0.153 0.250 0.202 0.425 -0.156 0
 0.333 0.195 0.083 0.227 0.375 -0.156 0
 0.375 0.153 0.083 0.152 0.325 -0.178 0
 0.375 0.153 0.250 0.152 0.300 -0.178 0
 0.375 0.153 0.083 0.101 0.275 -0.089 0
 0.375 0.153 0.083 0.126 0.275 -0.111 0
 0.375 0.153 0.083 0.152 0.225 -0.133 0
 0.375 0.136 0.083 0.152 0.175 -0.178 0
 0.375 0.136 0.333 0.126 0.200 -0.178 0
 0.375 0.127 0.250 0.101 0.125 -0.178 0
 0.375 0.119 0.083 0.051 0.125 -0.089 0
 0.375 0.127 0.083 0.076 0.125 -0.133 0
 0.417 0.186 0.083 0.152 0.075 -0.156 0
 0.417 0.186 0.333 0.177 0.100 -0.178 0
 0.417 0.119 0.333 0.177 0.025 -0.222 0
 0.417 0.110 0.083 0.152 -0.075 -0.200 0
 0.417 0.339 0.083 0.152 0.025 -0.311 0
 0.417 0.347 0.083 0.177 -0.050 -0.378 0
 0.417 0.347 0.083 0.253 -0.050 -0.378 0
 0.417 0.339 0.083 0.278 -0.175 -0.378 0
 0.417 0.339 0.083 0.303 -0.150 -0.400 0
 0.417 0.297 0.083 0.328 -0.275 -0.311 0
 0.417 0.186 0.083 0.328 -0.225 -0.289 0
 0.458 0.237 0.083 0.278 -0.225 -0.200 0
 0.458 0.186 0.083 0.278 -0.300 -0.133 0
 0.458 0.186 0.083 0.303 -0.250 -0.111 0
 0.458 0.153 0.083 0.278 -0.225 0.022 0
 0.458 0.119 0.083 0.227 -0.250 0.156 0
 0.458 0.119 0.083 0.152 -0.325 0.222 0
 0.458 0.144 0.083 0.126 -0.300 0.244 0
 0.458 0.144 0.083 0.101 -0.250 0.244 0
 0.458 0.110 0.083 0.076 -0.275 0.244 0
 0.458 0.110 0.083 0.051 -0.375 0.244 0
 0.458 0.110 0.083 0.025 -0.450 0.244 0
 0.500 0.068 0.083 0.051 -0.425 0.222 0
 0.500 0.034 0.500 0.025 -0.400 0.200 0
 0.500 0.076 0.083 0.025 -0.350 0.244 0
 0.500 0.076 0.083 0.025 -0.400 0.200 0
 0.500 0.076 0.083 0.025 -0.350 0.178 0
 0.500 0.076 0.083 0.025 -0.375 0.200 0
 0.500 0.110 0.083 0.025 -0.300 0.178 0
 0.500 0.110 0.083 0.025 -0.325 0.133 0
 0.500 0.076 0.083 0.025 -0.275 0.133 0
 0.500 0.076 0.750 0.025 -0.325 0.133 0
 0.500 0.042 0.083 0.025 -0.375 0.089 0
 0.542 0.076 0.250 0.000 -0.350 0.133 0
 0.542 0.068 0.083 0.025 -0.425 0.089 0
 0.542 0.034 0.083 0.025 -0.550 0.111 0
 0.542 0.034 0.083 0.025 -0.450 0.111 0
 0.542 0.068 0.083 0.025 -0.325 0.089 0
 0.542 0.068 0.333 0.000 -0.400 0.089 0
 0.542 0.034 0.333 0.025 -0.475 0.089 0
 0.542 0.076 0.333 0.025 -0.425 0.089 0
 0.542 0.076 0.083 0.000 -0.375 0.089 0
 0.542 0.076 0.083 0.000 -0.325 0.111 0
 0.542 0.102 0.083 0.000 -0.350 0.067 0
 0.583 0.076 0.083 0.000 -0.375 0.089 0
 0.583 0.102 0.333 0.000 -0.375 0.044 0
 0.583 0.110 0.083 0.000 -0.400 -0.089 0
 0.583 0.110 0.500 0.000 -0.400 -0.133 0
 0.583 0.068 0.333 0.025 -0.425 -0.133 0
 0.583 0.068 0.250 0.000 -0.425 -0.133 0
 0.583 0.085 0.333 0.000 -0.375 -0.156 0
 0.583 0.085 0.500 0.025 -0.350 -0.178 0
 0.583 0.093 0.500 0.025 -0.375 -0.178 0
 0.583 0.110 0.333 0.025 -0.350 -0.178 0
 0.583 0.144 0.250 0.000 -0.325 -0.200 0
 0.625 0.144 0.083 0.000 -0.250 -0.133 0
 0.625 0.153 0.500 0.000 -0.200 0.000 0
 0.625 0.153 0.083 0.000 -0.250 0.044 0
 0.625 0.102 0.083 0.000 -0.325 0.067 0
 0.625 0.127 0.083 0.000 -0.250 0.089 0
 0.625 0.127 0.250 0.000 -0.250 0.089 0
 0.625 0.161 0.083 0.000 -0.275 0.111 0
 0.625 0.161 0.083 0.000 -0.225 0.111 0
 0.625 0.144 0.333 0.000 -0.200 0.111 0
 0.625 0.144 0.333 0.000 -0.175 0.133 0
 0.667 0.153 0.500 0.000 0.025 0.111 0
 0.667 0.153 0.083 0.000 -0.025 0.111 0
 0.667 0.153 0.333 0.000 0.000 0.111 0
 0.667 0.144 0.333 0.000 0.025 0.089 0
 0.667 0.119 0.333 0.025 0.025 0.067 0
 0.667 0.119 0.500 0.025 0.075 0.067 0
 0.667 0.102 0.083 0.025 0.000 0.067 0
 0.667 0.102 0.333 0.025 0.025 0.067 0
 0.667 0.102 0.333 0.025 0.050 0.067 0
 0.667 0.068 0.333 0.025 0.025 0.044 0
 0.667 0.068 0.083 0.025 0.050 0.044 0
 0.708 0.076 0.083 0.025 -0.025 0.022 0
 0.708 0.068 0.083 0.025 0.075 0.022 0
 0.708 0.068 0.500 0.000 0.100 0.022 0
 0.708 0.068 0.083 -0.025 0.175 0.022 0
 0.708 0.102 0.333 -0.025 0.100 0.022 0
 0.708 0.102 0.500 -0.025 0.175 0.000 0
 0.708 0.102 0.333 -0.025 0.225 0.000 0
 0.708 0.102 0.250 -0.025 0.225 0.000 0
 0.708 0.127 0.083 -0.025 0.200 0.000 0
 0.708 0.127 0.333 -0.025 0.275 0.000 0
 0.708 0.153 0.250 0.000 0.200 0.000 0
 0.750 0.153 0.500 0.000 0.200 0.022 0
 0.750 0.195 0.083 0.025 0.250 0.022 0
 0.750 0.195 0.083 0.025 0.250 0.022 0
 0.750 0.153 0.083 0.025 0.275 0.022 0
 0.750 0.153 0.083 0.025 0.275 0.022 0
 0.750 0.102 0.250 0.025 0.300 0.022 0
 0.750 0.102 0.500 0.025 0.300 0.044 0
 0.750 0.110 0.333 0.025 0.275 0.044 0
 0.750 0.110 0.250 0.025 0.300 0.067 0
 0.750 0.102 0.500 0.025 0.325 0.044 0
 0.750 0.076 0.500 0.025 0.375 0.044 0
 0.792 0.059 0.500 0.025 0.300 0.044 0
 0.792 0.059 0.500 0.025 0.275 0.044 0
 0.792 0.059 0.583 0.025 0.300 0.044 0
 0.792 0.059 0.500 0.025 0.350 0.044 0
 0.792 0.068 0.500 0.025 0.400 0.044 0
 0.792 0.102 0.500 0.025 0.350 0.044 0
 0.792 0.102 0.500 0.025 0.325 0.044 0
 0.792 0.093 0.333 0.025 0.325 0.022 0
 0.792 0.076 0.083 0.000 0.250 0.022 0
 0.792 0.085 0.083 0.000 0.275 0.022 0
 0.792 0.119 0.083 0.000 0.250 0.022 0
 0.833 0.059 0.500 0.000 0.200 0.022 0
 0.833 0.059 0.083 0.000 0.200 0.022 0
 0.833 0.059 0.500 0.025 0.200 0.022 0
 0.833 0.059 0.333 0.025 0.125 0.022 0
 0.833 0.059 0.333 0.025 0.100 0.000 0
 0.833 0.059 0.083 0.025 0.075 0.000 0
 0.833 0.068 0.250 0.025 0.100 0.000 0
 0.833 0.068 0.500 0.025 0.150 0.000 0
 0.833 0.059 0.583 0.025 0.125 0.000 0
 0.833 0.093 0.250 0.000 0.125 0.000 0
 0.833 0.093 0.500 0.000 0.150 0.000 0
 0.875 0.059 0.500 0.025 0.150 0.000 0
 0.875 0.034 0.583 0.000 0.100 0.000 0
 0.875 0.025 0.583 0.000 0.075 0.000 0
 0.875 0.034 0.750 0.000 0.025 -0.022 0
 0.875 0.042 0.500 0.000 -0.025 0.000 0
 0.875 0.042 0.500 0.000 -0.050 0.000 0
 0.875 0.042 0.500 0.000 -0.025 0.000 0
 0.875 0.051 0.500 0.000 0.025 0.000 0
 0.875 0.051 0.583 0.025 -0.025 0.000 0
 0.875 0.042 0.500 0.025 -0.025 0.000 0
 0.875 0.042 0.583 0.000 -0.025 0.000 0
 0.917 0.042 0.583 0.000 -0.025 0.000 0
 0.917 0.000 0.583 0.000 -0.075 -0.022 0
 0.917 0.000 0.583 0.000 0.000 0.000 0
 0.917 0.000 0.500 0.025 0.000 -0.022 0
 0.917 0.000 0.583 0.025 0.050 -0.022 0
 0.917 0.025 0.083 0.025 0.025 -0.022 0
 0.917 0.051 0.250 0.025 -0.025 -0.022 0
 0.917 0.051 0.500 0.025 -0.075 -0.022 0
 0.917 0.034 0.083 0.025 -0.075 -0.022 0
 0.917 0.034 0.583 0.025 -0.075 -0.022 0
 0.958 0.034 0.500 0.000 -0.050 -0.022 0
 0.958 0.034 0.583 0.000 -0.075 0.022 0
 0.958 0.034 0.333 0.000 -0.100 0.022 0
 0.958 0.042 0.500 -0.025 -0.150 0.022 0
 0.958 0.051 0.250 -0.051 -0.100 0.022 0
 0.958 0.051 0.083 -0.051 -0.100 0.022 0
 0.958 0.059 0.083 -0.076 -0.175 0.022 0
 0.958 0.059 0.083 -0.076 -0.175 0.022 0
 0.958 0.051 0.083 -0.101 -0.175 0.022 0
 0.958 0.042 0.083 -0.126 -0.175 0.067 0
 0.958 0.025 0.083 -0.152 -0.175 0.067 0
 0.000 0.017 0.500 -0.202 -0.200 -0.022 0
 0.000 0.000 0.333 -0.227 -0.150 -0.089 0
 0.000 0.025 0.333 -0.253 -0.150 -0.178 0
 0.000 0.034 0.083 -0.253 -0.150 -0.400 0
 0.000 0.034 0.083 -0.278 -0.225 -0.444 0
 0.000 0.076 0.083 -0.253 -0.200 -0.467 0
 0.000 0.076 0.500 -0.278 -0.250 -0.511 0
 0.000 0.025 0.083 -0.253 -0.250 -0.533 1
 0.000 0.076 0.083 -0.227 -0.250 -0.622 1
 0.000 0.076 0.083 -0.227 -0.275 -0.622 1
 0.000 0.076 0.083 -0.227 -0.325 -0.556 1
 0.042 0.119 0.083 -0.152 -0.350 -0.489 1
 0.042 0.076 0.083 -0.152 -0.350 -0.400 1
 0.042 0.102 0.083 -0.126 -0.275 -0.156 1
 0.042 0.102 0.083 -0.126 -0.275 -0.067 1
 0.042 0.085 0.083 -0.126 -0.275 -0.022 1
 0.042 0.127 0.250 -0.076 -0.225 0.022 1
 0.042 0.144 0.500 -0.025 -0.250 -0.022 1
 0.042 0.144 0.250 -0.025 -0.225 0.000 1
 0.042 0.110 0.083 -0.025 -0.250 0.022 1
 0.042 0.127 0.333 0.000 -0.225 0.067 1
 0.042 0.127 0.083 -0.051 -0.225 0.111 1
 0.083 0.144 0.083 -0.051 -0.200 0.156 1
 0.083 0.144 0.083 0.000 -0.250 0.067 1
 0.083 0.144 0.250 0.051 -0.200 -0.022 1
 0.083 0.136 0.250 0.101 -0.175 -0.067 1
 0.083 0.136 0.083 0.101 -0.200 -0.133 0
 0.083 0.127 0.333 0.051 -0.125 -0.067 0
 0.083 0.169 0.083 0.000 -0.075 0.022 0
 0.083 0.169 0.333 0.000 -0.150 0.022 0
 0.083 0.161 0.250 -0.025 -0.075 0.000 0
 0.083 0.102 0.083 0.025 -0.050 -0.022 0
 0.083 0.093 0.250 0.051 0.025 -0.044 0
 0.125 0.153 0.083 -0.025 0.075 0.000 0
 0.125 0.127 0.083 -0.101 0.025 0.133 0
 0.125 0.127 0.250 -0.202 0.025 0.200 0
 0.125 0.102 0.083 -0.177 0.050 0.222 0
 0.125 0.102 0.083 -0.152 0.075 0.222 0
 0.125 0.212 0.083 -0.025 0.025 0.022 0
 0.125 0.220 0.250 0.076 0.025 -0.089 0
 0.125 0.220 0.750 0.152 0.075 -0.156 0
 0.125 0.212 0.750 0.177 0.100 -0.178 0
 0.125 0.212 0.083 0.202 0.075 -0.200 0
 0.125 0.119 0.500 0.177 0.075 -0.244 0
 0.167 0.102 0.083 0.202 0.175 -0.267 0
 0.167 0.186 0.083 0.227 0.150 -0.289 0
 0.167 0.186 0.250 0.152 0.200 -0.178 0
 0.167 0.127 0.083 0.076 0.225 -0.156 0
 0.167 0.093 0.083 -0.025 0.225 0.067 0
 0.167 0.093 0.083 -0.126 0.225 0.156 0
 0.167 0.085 0.083 -0.177 0.300 0.200 0
 0.167 0.068 0.083 -0.227 0.300 0.222 0
 0.167 0.068 0.083 -0.278 0.400 0.244 0
 0.167 0.102 0.083 -0.328 0.375 0.356 0
 0.167 0.144 0.083 -0.328 0.400 0.422 0
 0.208 0.144 0.250 -0.177 0.425 0.244 0
 0.208 0.102 0.083 -0.101 0.450 0.111 1
 0.208 0.102 0.083 -0.076 0.475 0.111 1
 0.208 0.169 0.083 -0.025 0.475 0.022 1
 0.208 0.169 0.083 0.000 0.450 0.000 1
 0.208 0.127 0.083 0.000 0.525 -0.022 1
 0.208 0.119 0.083 -0.025 0.575 0.022 1
 0.208 0.119 0.083 0.025 0.550 0.000 1
 0.208 0.119 0.083 -0.076 0.600 0.111 1
 0.208 0.119 0.083 -0.076 0.650 0.044 1
 0.250 0.102 0.083 -0.126 0.600 0.178 1
 0.250 0.102 0.083 -0.177 0.600 0.244 1
 0.250 0.102 0.083 -0.076 0.550 0.089 1
 0.250 0.102 0.083 -0.051 0.550 0.067 1
 0.250 0.076 0.083 0.000 0.575 0.044 1
 0.250 0.051 0.083 0.025 0.575 0.022 1
 0.250 0.093 0.083 0.126 0.575 -0.111 1
 0.250 0.144 0.083 0.177 0.475 -0.222 1
 0.250 0.144 0.083 0.404 0.450 -0.467 1
 0.250 0.110 0.083 0.429 0.400 -0.489 1
 0.250 0.051 0.083 0.379 0.425 -0.467 1
 0.292 0.042 0.083 0.354 0.425 -0.467 0
 0.292 0.034 0.750 0.253 0.425 -0.333 0
 0.292 0.034 0.083 0.177 0.425 -0.311 0
 0.292 0.051 0.083 0.126 0.400 -0.244 0
 0.292 0.127 0.083 0.126 0.525 -0.222 0
 0.292 0.212 0.083 0.101 0.425 -0.178 0
 0.292 0.212 0.083 0.076 0.350 -0.022 0
 0.292 0.178 0.083 0.051 0.375 0.022 0
 0.292 0.102 0.083 0.000 0.325 0.089 0
 0.292 0.076 0.083 0.000 0.300 0.089 0
 0.292 0.076 0.083 0.025 0.275 0.089 0
 0.333 0.127 0.083 0.051 0.325 0.089 0
 0.333 0.076 0.083 0.051 0.350 0.044 0
 0.333 0.034 0.083 0.000 0.375 0.000 0
 0.333 0.034 0.083 -0.051 0.325 0.022 0
 0.333 0.042 0.250 -0.101 0.325 0.067 0
 0.333 0.042 0.083 -0.126 0.300 0.022 0
 0.333 0.034 0.083 -0.152 0.325 0.022 0
 0.333 0.034 0.083 -0.126 0.275 -0.022 0
 0.333 0.203 0.083 -0.126 0.275 -0.044 0
 0.333 0.203 0.083 -0.101 0.225 -0.067 0
 0.333 0.042 0.083 -0.101 0.225 -0.067 0
 0.375 0.042 0.083 -0.051 0.225 -0.022 0
 0.375 0.059 0.083 0.000 0.100 -0.022 0
 0.375 0.076 0.083 0.051 0.100 -0.022 0
 0.375 0.076 0.333 0.076 0.025 -0.044 0
 0.375 0.051 0.750 0.076 0.100 -0.044 0
 0.375 0.042 0.583 0.101 0.125 -0.089 0
 0.375 0.042 0.583 0.101 0.100 -0.089 0
 0.375 0.127 0.083 0.152 0.100 -0.067 0
 0.375 0.127 0.333 0.152 0.050 -0.044 0
 0.375 0.195 0.083 0.177 -0.075 -0.044 0
 0.375 0.195 0.083 0.177 -0.100 -0.044 0
 0.417 0.127 0.083 0.202 -0.225 0.133 0
 0.417 0.110 0.083 0.177 -0.250 0.178 0
 0.417 0.119 0.083 0.202 -0.200 0.267 0
 0.417 0.127 0.083 0.227 -0.225 0.311 0
 0.417 0.127 0.250 0.202 -0.250 0.444 0
 0.417 0.110 0.083 0.227 -0.225 0.467 0
 0.417 0.144 0.250 0.202 -0.200 0.556 0
 0.417 0.144 0.083 0.177 -0.225 0.600 0
 0.417 0.127 0.083 0.152 -0.200 0.622 0
 0.417 0.119 0.083 0.126 -0.225 0.644 0
 0.417 0.110 0.083 0.152 -0.275 0.578 0
 0.458 0.127 0.083 0.126 -0.175 0.444 0
 0.458 0.127 0.083 0.101 -0.225 0.378 0
 0.458 0.127 0.083 0.101 -0.275 0.333 0
 0.458 0.127 0.250 0.076 -0.375 0.222 0
 0.458 0.102 0.083 0.051 -0.425 0.200 0
 0.458 0.153 0.083 0.051 -0.450 0.111 0
 0.458 0.153 0.083 0.051 -0.450 0.067 0
 0.458 0.153 0.083 0.051 -0.425 0.067 0
 0.458 0.127 0.083 0.051 -0.300 0.044 0
 0.458 0.127 0.250 0.025 -0.300 0.022 0
 0.500 0.212 0.333 0.000 -0.225 0.022 0
 0.500 0.229 0.583 0.000 -0.175 0.000 0
 0.500 0.229 0.500 -0.025 -0.250 0.000 0
 0.500 0.161 0.083 0.000 -0.200 0.000 0
 0.500 0.102 0.083 0.000 -0.200 0.000 0
 0.500 0.119 0.083 -0.025 -0.225 0.000 0
 0.500 0.119 0.083 -0.025 -0.250 0.000 0
 0.500 0.110 0.083 -0.025 -0.175 0.000 0
 0.500 0.136 0.083 -0.025 -0.250 0.000 0
 0.500 0.153 0.083 -0.025 -0.275 0.022 0
 0.500 0.153 0.083 -0.025 -0.275 0.022 0
 0.542 0.085 0.083 0.000 -0.325 0.022 0
 0.542 0.102 0.083 0.000 -0.350 0.022 0
 0.542 0.102 0.083 0.000 -0.275 0.022 0
 0.542 0.085 0.083 0.000 -0.325 0.022 0
 0.542 0.076 0.083 0.000 -0.300 0.022 0
 0.542 0.068 0.083 0.000 -0.300 0.022 0
 0.542 0.042 0.583 0.000 -0.325 0.000 0
 0.542 0.042 0.083 0.000 -0.325 0.000 0
 0.542 0.042 0.083 -0.025 -0.350 0.000 0
 0.542 0.034 0.500 -0.025 -0.375 0.000 0
 0.542 0.051 0.333 -0.025 -0.400 0.022 0
 0.583 0.110 0.083 -0.025 -0.425 0.000 0
 0.583 0.110 0.083 -0.025 -0.375 0.000 0
 0.583 0.085 0.083 -0.025 -0.425 0.000 0
 0.583 0.076 0.083 -0.025 -0.425 0.000 0
 0.583 0.059 0.083 -0.025 -0.425 0.000 0
 0.583 0.076 0.083 -0.025 -0.425 0.000 0
 0.583 0.076 0.250 0.000 -0.425 0.000 0
 0.583 0.068 0.083 0.025 -0.375 -0.022 0
 0.583 0.068 0.083 0.025 -0.325 -0.022 0
 0.583 0.042 0.250 0.025 -0.375 -0.044 0
 0.583 0.034 0.333 0.025 -0.375 -0.044 0
 0.625 0.068 0.083 0.025 -0.225 -0.044 0
 0.625 0.042 0.083 0.025 -0.225 -0.044 0
 0.625 0.025 0.083 0.025 -0.125 -0.044 0
 0.625 0.025 0.083 0.025 -0.125 -0.044 0
 0.625 0.025 0.250 0.025 -0.125 -0.044 0
 0.625 0.025 0.333 0.000 -0.075 -0.044 0
 0.625 0.034 0.083 0.000 0.000 -0.022 0
 0.625 0.068 0.083 0.000 0.025 -0.022 0
 0.625 0.068 0.083 0.000 0.025 -0.022 0
 0.625 0.042 0.083 0.000 0.025 0.000 0
 0.625 0.042 0.750 0.000 0.050 0.000 0
 0.667 0.042 0.500 0.000 0.025 0.000 0
 0.667 0.000 0.583 0.000 0.025 0.000 0
 0.667 0.017 0.333 0.000 0.100 0.000 0
 0.667 0.017 0.333 0.000 0.100 0.000 0
 0.667 0.025 0.333 0.000 0.075 0.000 0
 0.667 0.025 0.500 0.000 0.075 0.000 0
 0.667 0.025 0.500 0.000 0.075 0.000 0
 0.667 0.025 0.500 0.000 0.100 0.000 0
 0.667 0.025 0.500 0.000 0.175 0.000 0
 0.667 0.000 0.750 0.000 0.200 0.000 0
 0.667 0.000 0.750 0.000 0.200 0.000 0
 0.708 0.000 0.750 0.000 0.225 0.000 0
 0.708 0.000 0.750 0.000 0.225 0.000 0
 0.708 0.025 0.333 0.000 0.225 0.000 0
 0.708 0.034 0.333 0.000 0.250 0.000 0
 0.708 0.034 0.750 0.000 0.250 0.022 0
 0.708 0.025 0.083 0.000 0.200 0.022 0
 0.708 0.034 0.083 0.000 0.175 0.022 0
 0.708 0.076 0.083 0.000 0.225 0.022 0
 0.708 0.076 0.583 0.000 0.300 0.022 0
 0.708 0.042 0.583 0.000 0.275 0.022 0
 0.708 0.042 0.250 0.000 0.300 0.022 0
 0.750 0.068 0.083 0.000 0.300 0.044 0
 0.750 0.068 0.083 0.000 0.300 0.044 0
 0.750 0.068 0.333 0.000 0.350 0.044 0
 0.750 0.034 0.083 0.000 0.375 0.022 0
 0.750 0.034 0.083 0.000 0.350 0.022 0
 0.750 0.042 0.500 0.000 0.350 0.022 0
 0.750 0.042 0.083 0.000 0.275 0.022 0
 0.750 0.034 0.083 0.000 0.275 0.022 0
 0.750 0.051 0.083 0.000 0.225 0.022 0
 0.750 0.051 0.250 0.000 0.250 0.022 0
 0.792 0.034 0.083 0.000 0.200 0.000 0
 0.792 0.034 0.083 0.000 0.225 0.000 0
 0.792 0.034 0.500 0.000 0.200 0.000 0
 0.792 0.025 0.500 0.000 0.200 0.000 0
 0.792 0.025 0.083 0.000 0.175 0.000 0
 0.792 0.051 0.250 0.000 0.175 0.000 0
 0.792 0.051 0.250 0.000 0.175 0.000 0
 0.792 0.034 0.583 -0.025 0.175 0.000 0
 0.792 0.034 0.333 -0.025 0.100 0.022 0
 0.792 0.034 0.333 -0.025 0.150 0.022 0
 0.792 0.076 0.083 -0.025 0.150 0.022 0
 0.833 0.042 0.083 -0.025 0.175 0.022 1
 0.833 0.042 0.083 -0.025 0.125 0.022 1
 0.833 0.034 0.083 -0.025 0.100 0.022 1
 0.833 0.034 0.083 -0.025 0.175 0.022 1
 0.833 0.034 0.250 -0.025 0.150 0.022 1
 0.833 0.034 0.083 -0.025 0.175 0.022 1
 0.833 0.034 0.083 0.000 0.175 0.022 1
 0.833 0.034 0.083 0.000 0.175 0.000 1
 0.833 0.068 0.083 0.000 0.250 0.000 1
 0.833 0.093 0.083 -0.025 0.200 0.000 1
 0.833 0.093 0.083 -0.025 0.175 0.000 1
 0.875 0.102 0.083 -0.025 0.125 0.000 1
 0.875 0.076 0.083 -0.025 0.125 0.000 1
 0.875 0.085 0.083 -0.025 0.150 0.000 1
 0.875 0.136 0.083 -0.025 0.150 0.000 0
 0.875 0.102 0.083 -0.025 0.150 0.000 0
 0.875 0.102 0.083 -0.025 0.125 0.000 0
 0.875 0.093 0.083 -0.025 0.125 0.000 0
 0.875 0.102 0.083 -0.025 0.075 0.000 0
 0.875 0.102 0.083 0.000 0.050 0.000 0
 0.875 0.093 0.083 0.000 0.025 0.000 0
 0.875 0.169 0.083 0.000 0.025 0.000 0
 0.917 0.297 0.500 0.025 0.000 -0.178 0
 0.917 0.280 0.333 0.051 0.000 -0.156 0
 0.917 0.237 0.500 0.051 -0.075 -0.111 0
 0.917 0.212 0.583 0.076 0.000 -0.089 0
 0.917 0.153 0.750 0.076 -0.050 -0.067 0
 0.917 0.153 0.250 0.076 0.000 -0.044 0
 0.917 0.136 0.583 0.101 0.025 -0.044 0
 0.917 0.059 0.583 0.101 0.025 -0.044 0
 0.917 0.059 0.750 0.101 -0.025 -0.044 0
 0.917 0.034 0.583 0.101 -0.025 -0.044 0
 0.917 0.051 0.083 0.076 -0.075 0.156 0
 0.958 0.059 0.083 0.051 -0.050 0.111 0
 0.958 0.025 0.083 0.051 -0.075 0.067 0
 0.958 0.025 0.750 0.025 -0.075 0.044 0
 0.958 0.025 0.750 0.025 -0.050 0.022 0
 0.958 0.025 0.583 0.025 -0.050 0.000 0
 0.958 0.025 0.083 0.000 -0.075 0.000 0
 0.958 0.025 0.083 0.000 0.000 0.022 0
 0.958 0.025 0.583 -0.025 -0.025 0.000 0
 0.958 0.025 0.583 -0.025 -0.025 0.022 0
 0.958 0.025 0.750 -0.025 -0.025 0.022 0
 0.958 0.025 0.333 -0.025 -0.050 0.022 0
 0.000 0.000 0.500 -0.025 -0.075 0.022 0
 0.000 0.000 0.500 -0.025 -0.075 0.022 0
 0.000 0.025 0.250 -0.025 -0.150 0.022 0
 0.000 0.051 0.083 -0.025 -0.175 0.022 0
 0.000 0.068 0.250 -0.025 -0.200 0.022 0
 0.000 0.085 0.250 -0.025 -0.250 0.000 0
 0.000 0.102 0.083 0.025 -0.325 0.000 0
 0.000 0.085 0.083 0.025 -0.300 -0.022 0
 0.000 0.076 0.083 0.000 -0.275 -0.022 0
 0.000 0.051 0.083 0.000 -0.275 -0.022 0
 0.042 0.076 0.083 0.000 -0.250 -0.022 0
 0.042 0.085 0.083 0.000 -0.250 -0.022 0
 0.042 0.085 0.083 0.000 -0.225 -0.022 0
 0.042 0.076 0.083 0.000 -0.250 -0.022 0
 0.042 0.025 0.083 -0.025 -0.225 -0.022 0
 0.042 0.025 0.500 -0.051 -0.250 0.000 0
 0.042 0.025 0.583 -0.076 -0.275 0.044 0
 0.042 0.025 0.583 -0.101 -0.225 0.044 0
 0.042 0.025 0.583 -0.101 -0.250 0.044 0
 0.042 0.051 0.083 -0.126 -0.250 0.044 0
 0.042 0.051 0.250 -0.152 -0.225 0.022 0
 0.083 0.076 0.083 -0.177 -0.175 0.044 0
 0.083 0.110 0.083 -0.202 -0.225 -0.067 0
 0.083 0.119 0.500 -0.202 -0.175 0.000 0
 0.083 0.119 0.333 -0.202 -0.125 -0.022 0
 0.083 0.119 0.083 -0.202 -0.100 -0.178 0
 0.083 0.153 0.083 -0.227 -0.050 -0.289 0
 0.083 0.153 0.083 -0.202 0.000 -0.356 0
 0.083 0.153 0.083 -0.177 -0.025 -0.356 0
 0.083 0.153 0.083 -0.152 0.025 -0.356 0
 0.083 0.153 0.083 -0.152 0.025 -0.422 0
 0.083 0.153 0.083 -0.177 0.075 -0.400 1
 0.125 0.136 0.083 -0.152 0.025 -0.356 1
 0.125 0.119 0.083 -0.177 0.025 -0.489 1
 0.125 0.119 0.083 -0.202 0.050 -0.511 1
 0.125 0.153 0.083 -0.227 0.025 -0.356 1
 0.125 0.186 0.083 -0.253 0.100 -0.200 1
 0.125 0.186 0.083 -0.278 0.075 -0.133 1
 0.125 0.186 0.083 -0.253 0.050 -0.111 1
 0.125 0.263 0.083 -0.177 0.100 -0.178 1
 0.125 0.263 0.083 -0.101 0.150 -0.133 1
 0.125 0.263 0.083 -0.076 0.100 -0.133 1
 0.125 0.153 0.083 -0.202 0.075 0.000 1
 0.167 0.076 0.083 -0.227 0.175 0.156 1
 0.167 0.153 0.083 -0.152 0.200 0.200 1
 0.167 0.229 0.083 -0.025 0.250 0.089 1
 0.167 0.229 0.083 -0.025 0.250 0.089 1
 0.167 0.153 0.083 0.025 0.250 0.089 1
 0.167 0.153 0.083 0.025 0.225 0.022 1
 0.167 0.153 0.083 -0.051 0.275 0.089 1
 0.167 0.153 0.083 -0.101 0.225 0.133 0
 0.167 0.153 0.083 -0.101 0.250 0.133 0
 0.167 0.153 0.083 -0.177 0.350 0.267 0
 0.167 0.153 0.083 -0.126 0.375 0.200 0
 0.208 0.153 0.083 -0.126 0.375 0.156 0
 0.208 0.186 0.083 -0.051 0.350 0.133 0
 0.208 0.449 0.083 0.126 0.350 -0.111 0
 0.208 0.492 0.083 0.227 0.325 -0.244 0
 0.208 0.492 0.250 0.303 0.250 -0.222 0
 0.208 0.534 0.083 0.354 0.350 -0.044 0
 0.208 0.534 0.500 0.429 0.200 0.289 0
 0.208 0.492 0.500 0.480 0.175 0.400 0
 0.208 0.407 0.500 0.707 0.175 0.178 0
 0.208 0.407 0.583 0.732 0.325 0.200 0
 0.208 0.407 0.583 0.732 0.225 0.178 0
 0.250 0.229 0.750 0.556 0.325 0.311 0
 0.250 0.229 0.583 0.429 0.300 0.489 0
 0.250 0.263 0.333 0.303 0.300 0.622 0
 0.250 0.263 0.083 0.202 0.250 0.644 0
 0.250 0.153 0.583 0.126 0.275 0.467 0
 0.250 0.153 0.583 0.051 0.325 0.133 0
 0.250 0.186 0.583 0.000 0.400 0.044 0
 0.250 0.186 0.583 -0.025 0.400 0.044 0
 0.250 0.153 0.750 -0.076 0.275 0.022 0
 0.250 0.178 0.750 -0.076 0.300 0.044 0
 0.250 0.178 0.750 -0.076 0.275 0.044 0
 0.292 0.110 0.750 -0.076 0.275 0.022 0
 0.292 0.144 0.583 -0.076 0.350 0.022 0
 0.292 0.144 0.583 -0.076 0.350 0.022 0
 0.292 0.136 0.583 -0.076 0.450 0.022 0
 0.292 0.110 0.750 -0.076 0.375 0.022 0
 0.292 0.102 0.083 -0.101 0.600 0.000 0
 0.292 0.051 0.083 -0.101 0.650 0.022 1
 0.292 0.059 0.083 -0.101 0.625 0.000 1
 0.292 0.059 0.083 -0.126 0.550 -0.022 1
 0.292 0.051 0.083 -0.126 0.550 -0.067 1
 0.333 0.059 0.083 -0.126 0.425 -0.111 1
 0.333 0.153 0.083 -0.152 0.425 -0.156 1
 0.333 0.153 0.083 -0.152 0.375 -0.178 1
 0.333 0.127 0.083 -0.126 0.400 -0.200 1
 0.333 0.153 0.083 -0.101 0.325 -0.422 1
 0.333 0.161 0.083 -0.076 0.275 -0.444 1
 0.333 0.144 0.083 -0.076 0.225 -0.467 1
 0.333 0.178 0.083 -0.051 0.250 -0.444 1
 0.333 0.195 0.083 -0.025 0.225 -0.422 1
 0.333 0.195 0.083 -0.025 0.200 -0.378 1
 0.333 0.161 0.083 0.000 0.200 -0.333 1
 0.375 0.203 0.083 0.076 0.150 -0.111 1
 0.375 0.186 0.583 0.076 0.100 -0.044 1
 0.375 0.186 0.333 0.101 0.050 0.022 1
 0.375 0.186 0.583 0.076 0.075 0.267 1
 0.375 0.186 0.583 0.076 -0.025 0.333 1
 0.375 0.153 0.583 0.076 -0.200 0.333 1
 0.375 0.153 0.583 0.076 -0.225 0.356 1
 0.375 0.119 0.083 0.076 -0.200 0.356 1
 0.375 0.119 0.583 0.076 -0.250 0.356 1
 0.375 0.144 0.583 0.076 -0.250 0.311 1
 0.375 0.144 0.333 0.076 -0.250 0.222 0
 0.417 0.136 0.250 0.051 -0.300 0.111 0
 0.417 0.136 0.250 0.025 -0.275 0.067 0
 0.417 0.178 0.500 0.051 -0.350 0.111 0
 0.417 0.212 0.500 0.051 -0.275 0.089 0
 0.417 0.263 0.333 0.051 -0.275 0.111 0
 0.417 0.263 0.250 0.076 -0.275 0.089 0
 0.417 0.263 0.250 0.076 -0.300 0.089 0
 0.417 0.263 0.250 0.076 -0.275 0.089 0
 0.417 0.263 0.250 0.076 -0.275 0.111 0
 0.417 0.263 0.250 0.051 -0.250 0.111 0
 0.417 0.263 0.250 0.051 -0.200 0.111 0
 0.458 0.186 0.083 0.101 -0.300 0.089 0
 0.458 0.186 0.083 0.076 -0.275 0.022 0
 0.458 0.186 0.083 0.076 -0.300 0.000 0
 0.458 0.186 0.083 0.076 -0.225 -0.022 0
 0.458 0.186 0.083 0.051 -0.150 -0.022 0
 0.458 0.186 0.083 0.051 -0.175 -0.022 0
 0.458 0.186 0.083 0.051 -0.175 -0.022 0
 0.458 0.186 0.083 0.051 -0.150 -0.022 0
 0.458 0.186 0.083 0.051 -0.125 -0.022 0
 0.458 0.186 0.083 0.051 -0.150 -0.022 0
 0.458 0.186 0.083 0.051 -0.125 -0.022 0
 0.500 0.153 0.083 0.000 -0.400 0.000 0
 0.500 0.153 0.083 0.000 -0.325 0.000 0
 0.500 0.102 0.083 0.025 -0.375 0.000 0
 0.500 0.102 0.083 0.025 -0.350 0.000 0
 0.500 0.102 0.083 0.025 -0.450 0.000 0
 0.500 0.102 0.250 0.025 -0.475 -0.022 0
 0.500 0.102 0.083 0.025 -0.500 -0.022 0
 0.500 0.102 0.083 0.025 -0.525 -0.022 0
 0.500 0.076 0.333 0.025 -0.575 -0.022 0
 0.500 0.076 0.083 0.025 -0.575 -0.022 0
 0.500 0.076 0.083 0.025 -0.625 -0.022 0
 0.542 0.051 0.083 0.025 -0.525 -0.022 0
 0.542 0.059 0.083 0.000 -0.525 -0.022 0
 0.542 0.059 0.083 0.000 -0.525 -0.022 0
 0.542 0.059 0.083 0.025 -0.500 -0.022 0
 0.542 0.076 0.083 0.025 -0.475 0.000 0
 0.542 0.076 0.083 0.025 -0.475 0.000 0
 0.542 0.076 0.083 0.025 -0.500 0.000 0
 0.542 0.076 0.083 0.025 -0.525 0.000 0
 0.542 0.093 0.083 0.025 -0.525 0.000 0
 0.542 0.102 0.083 0.025 -0.550 0.000 0
 0.542 0.102 0.083 0.025 -0.300 0.000 0
 0.583 0.093 0.083 0.025 -0.250 0.000 0
 0.583 0.127 0.083 0.025 -0.175 0.000 0
 0.583 0.127 0.083 0.000 -0.200 0.000 0
 0.583 0.127 0.083 0.000 -0.150 0.000 0
 0.583 0.127 0.083 0.000 -0.100 0.000 0
 0.583 0.127 0.083 0.000 -0.075 0.000 0
 0.583 0.102 0.083 0.000 -0.025 0.000 0
 0.583 0.102 0.083 0.000 0.050 0.000 0
 0.583 0.076 0.083 0.000 0.025 0.000 0
 0.583 0.085 0.083 0.000 0.100 0.000 0
 0.583 0.085 0.083 0.000 0.075 0.000 0
 0.625 0.076 0.083 0.000 0.150 -0.022 0
 0.625 0.093 0.083 0.000 0.150 -0.022 0
 0.625 0.093 0.083 0.000 0.125 -0.022 0
 0.625 0.093 0.083 0.000 0.100 -0.022 0
 0.625 0.068 0.083 0.025 0.125 -0.022 0
 0.625 0.025 0.500 0.025 0.125 -0.022 0
 0.625 0.025 0.083 0.025 0.200 -0.022 0
 0.625 0.051 0.083 0.025 0.175 -0.022 0
 0.625 0.051 0.083 0.025 0.250 -0.022 0
 0.625 0.059 0.083 0.025 0.250 -0.022 0
 0.667 0.059 0.500 0.025 0.275 0.000 0
 0.667 0.034 0.500 0.025 0.250 0.000 0
 0.667 0.025 0.500 0.025 0.275 0.000 0
 0.667 0.025 0.750 0.025 0.325 0.000 0
 0.667 0.025 0.750 0.000 0.300 0.000 0
 0.667 0.025 0.083 0.000 0.325 0.000 0
 0.667 0.025 0.083 0.000 0.300 0.000 0
 0.667 0.025 0.083 0.000 0.275 0.000 0
 0.667 0.025 0.083 0.000 0.300 0.000 0
 0.667 0.025 0.083 0.000 0.275 0.000 0
 0.667 0.000 0.750 0.000 0.325 0.000 0
 0.708 0.000 0.750 0.000 0.275 0.000 0
 0.708 0.000 0.750 0.000 0.250 0.000 0
 0.708 0.000 0.750 0.000 0.250 0.000 0
 0.708 0.025 0.500 0.000 0.275 0.000 0
 0.708 0.025 0.500 0.000 0.275 0.000 0
 0.708 0.025 0.083 0.000 0.325 0.000 0
 0.708 0.025 0.083 0.000 0.300 0.000 0
 0.708 0.025 0.083 0.000 0.350 0.000 0
 0.708 0.025 0.083 0.000 0.300 0.000 0
 0.708 0.000 0.583 0.000 0.350 0.000 0
 0.708 0.000 0.333 0.000 0.350 0.000 0
 0.750 0.042 0.083 0.000 0.300 0.000 0
 0.750 0.051 0.083 0.000 0.275 0.000 0
 0.750 0.093 0.083 0.000 0.275 -0.022 0
 0.750 0.119 0.083 0.000 0.275 0.000 0
 0.750 0.119 0.083 0.000 0.275 0.000 0
 0.750 0.059 0.083 0.000 0.275 0.000 0
 0.750 0.059 0.083 0.000 0.250 0.000 0
 0.750 0.059 0.083 0.000 0.275 0.000 0
 0.750 0.059 0.083 0.000 0.250 0.000 0
 0.750 0.059 0.083 0.000 0.225 0.000 0
 0.750 0.051 0.083 0.000 0.250 -0.022 0
 0.792 0.059 0.083 0.000 0.250 -0.022 0
 0.792 0.051 0.083 0.000 0.250 0.000 0
 0.792 0.076 0.083 0.000 0.225 -0.022 0
 0.792 0.076 0.083 0.000 0.175 0.000 0
 0.792 0.051 0.083 0.000 0.175 0.000 0
 0.792 0.068 0.083 0.000 0.125 0.000 0
 0.792 0.068 0.083 0.000 0.125 0.000 0
 0.792 0.059 0.083 0.000 0.150 0.000 0
 0.792 0.059 0.083 0.000 0.075 0.000 0
 0.792 0.051 0.083 0.000 0.025 0.022 0
 0.792 0.051 0.083 0.000 0.025 0.022 0
 0.833 0.025 0.083 0.000 0.000 0.000 0
 0.833 0.042 0.083 0.000 -0.025 0.000 0
 0.833 0.042 0.083 0.000 -0.025 -0.022 0
 0.833 0.025 0.083 0.000 -0.050 -0.022 0
 0.833 0.025 0.833 0.000 -0.050 -0.022 0
 0.833 0.051 0.083 0.000 0.000 -0.022 0
 0.833 0.051 0.083 0.000 -0.025 -0.022 0
 0.833 0.042 0.083 0.000 -0.025 -0.022 0
 0.833 0.042 0.083 0.025 0.000 -0.022 0
 0.833 0.034 0.083 0.025 0.025 -0.022 0
 0.833 0.025 0.083 0.025 -0.025 0.000 0
 0.875 0.025 0.083 0.025 -0.050 0.000 0
 0.875 0.034 0.083 0.025 -0.075 0.000 0
 0.875 0.034 0.083 0.025 -0.025 0.000 0
 0.875 0.025 0.083 0.025 -0.050 0.000 0
 0.875 0.051 0.083 0.025 -0.025 0.000 0
 0.875 0.051 0.083 0.025 -0.025 0.000 0
 0.875 0.051 0.083 0.025 -0.100 0.000 0
 0.875 0.025 0.083 0.000 -0.075 0.000 0
 0.875 0.025 0.083 0.000 -0.025 0.000 0
 0.875 0.051 0.083 0.000 0.000 0.000 0
 0.875 0.051 0.083 0.000 0.050 -0.022 0
 0.917 0.051 0.083 0.000 0.050 -0.022 0
 0.917 0.051 0.250 0.000 0.025 -0.022 0
 0.917 0.051 0.083 0.000 0.000 0.000 0
 0.917 0.051 0.083 0.000 0.025 0.000 0
 0.917 0.051 0.333 0.000 -0.025 0.000 0
 0.917 0.076 0.333 0.000 0.000 0.000 0
 0.917 0.076 0.250 0.000 0.025 0.000 0
 0.917 0.051 0.250 -0.025 0.025 0.000 0
 0.917 0.051 0.333 -0.025 0.025 0.000 0
 0.917 0.093 0.250 -0.025 0.050 0.022 0
 0.958 0.093 0.333 -0.025 0.000 0.022 0
 0.958 0.076 0.083 -0.025 0.025 0.022 0
 0.958 0.068 0.083 -0.051 0.000 0.022 0
 0.958 0.068 0.083 -0.051 -0.025 0.022 0
 0.958 0.068 0.083 -0.076 -0.025 0.022 0
 0.958 0.068 0.083 -0.076 -0.100 0.022 0
 0.958 0.068 0.083 -0.076 -0.050 0.044 0
 0.958 0.068 0.083 -0.051 -0.050 0.044 0
 0.958 0.059 0.000 -0.076 -0.075 0.044 0
 0.958 0.034 0.000 -0.101 -0.125 0.044 0
 0.958 0.025 0.000 -0.101 -0.150 0.044 0
 0.000 0.051 0.083 -0.152 -0.175 0.000 0
 0.000 0.051 0.083 -0.126 -0.175 0.022 0
 0.000 0.051 0.750 -0.152 -0.200 -0.067 0
 0.000 0.051 0.750 -0.126 -0.225 -0.067 0
 0.000 0.076 0.083 -0.152 -0.275 -0.111 0
 0.000 0.076 0.083 -0.177 -0.325 -0.200 0
 0.000 0.076 0.083 -0.177 -0.300 -0.267 0
 0.000 0.076 0.083 -0.152 -0.325 -0.200 0
 0.000 0.068 0.083 -0.152 -0.350 -0.267 0
 0.000 0.076 0.083 -0.152 -0.350 -0.289 0
 0.000 0.076 0.083 -0.126 -0.325 -0.222 0
 0.042 0.034 0.583 -0.152 -0.275 -0.378 0
 0.042 0.034 0.083 -0.152 -0.325 -0.333 0
 0.042 0.034 0.083 -0.177 -0.275 -0.333 0
 0.042 0.076 0.333 -0.177 -0.300 -0.400 0
 0.042 0.076 0.583 -0.177 -0.250 -0.356 0
 0.042 0.076 0.250 -0.202 -0.250 -0.289 0
 0.042 0.034 0.583 -0.253 -0.225 -0.356 0
 0.042 0.034 0.583 -0.227 -0.225 -0.289 0
 0.042 0.034 0.583 -0.227 -0.200 -0.267 0
 0.042 0.059 0.083 -0.379 -0.250 -0.200 0
 0.042 0.059 0.083 -0.354 -0.225 -0.156 0
 0.083 0.059 0.083 -0.303 -0.200 0.000 0
 0.083 0.059 0.083 -0.278 -0.150 0.000 0
 0.083 0.059 0.083 -0.253 -0.150 0.111 0
 0.083 0.059 0.083 -0.227 -0.075 0.133 0
 0.083 0.059 0.083 -0.202 -0.050 0.133 0
 0.083 0.059 0.083 -0.152 -0.075 0.133 0
 0.083 0.059 0.083 -0.152 -0.075 0.133 0
 0.083 0.059 0.083 -0.152 -0.050 0.133 0
 0.083 0.110 0.083 -0.278 -0.025 0.378 0
 0.083 0.153 0.083 -0.253 -0.050 0.378 0
 0.083 0.263 0.083 -0.227 -0.050 0.356 0
 0.125 0.263 0.083 -0.227 0.000 0.333 0
 0.125 0.186 0.083 -0.177 -0.050 0.289 0
 0.125 0.186 0.083 -0.177 -0.025 0.289 0
 0.125 0.186 0.083 -0.177 -0.025 0.289 0
 0.125 0.127 0.250 -0.025 -0.025 0.133 0
 0.125 0.127 0.250 -0.025 -0.050 0.133 0
 0.125 0.127 0.250 -0.025 -0.050 0.133 0
 0.125 0.127 0.250 0.253 -0.050 -0.244 0
 0.125 0.127 0.250 0.227 0.000 -0.244 0
 0.125 0.127 0.250 0.202 0.000 -0.222 0
 0.125 0.127 0.250 0.202 0.000 -0.200 0
 0.167 0.127 0.250 0.152 0.000 -0.156 0
 0.167 0.153 0.333 0.126 0.200 -0.133 0
 0.167 0.153 0.333 0.126 0.200 -0.133 0
 0.167 0.153 0.333 -0.025 0.200 0.022 0
 0.167 0.271 0.333 -0.101 0.175 0.111 0
 0.167 0.271 0.083 -0.152 0.175 0.178 0
 0.167 0.212 0.083 -0.177 0.225 0.222 0
 0.167 0.212 0.083 -0.177 0.200 0.222 0
 0.167 0.212 0.083 -0.177 0.225 0.222 0
 0.167 0.263 0.083 -0.126 0.300 0.156 0
 0.167 0.263 0.083 -0.126 0.300 0.178 0
 0.208 0.186 0.083 -0.126 0.400 0.178 0
 0.208 0.186 0.083 -0.126 0.400 0.178 0
 0.208 0.186 0.083 -0.126 0.400 0.178 1
 0.208 0.186 0.083 -0.051 0.400 0.089 1
 0.208 0.339 0.250 -0.025 0.400 0.067 1
 0.208 0.339 0.500 0.051 0.450 -0.022 1
 0.208 0.263 0.083 0.051 0.425 -0.044 1
 0.208 0.263 0.083 0.000 0.475 -0.022 1
 0.208 0.229 0.083 -0.126 0.525 0.133 1
 0.208 0.229 0.083 -0.227 0.550 0.178 1
 0.208 0.161 0.083 -0.227 0.525 0.178 1
 0.250 0.186 0.083 -0.051 0.450 0.000 1
 0.250 0.229 0.083 0.101 0.475 -0.111 1
 0.250 0.229 0.083 0.202 0.475 -0.244 1
 0.250 0.263 0.083 0.303 0.575 -0.378 0
 0.250 0.263 0.083 0.278 0.525 -0.356 0
 0.250 0.305 0.083 0.328 0.500 -0.444 0
 0.250 0.229 0.083 0.404 0.500 -0.511 0
 0.250 0.229 0.083 0.505 0.500 -0.622 0
 0.250 0.229 0.083 0.581 0.450 -0.689 0
 0.250 0.220 0.083 0.606 0.400 -0.689 0
 0.250 0.263 0.083 0.505 0.350 -0.622 0
 0.292 0.271 0.083 0.278 0.325 -0.378 0
 0.292 0.305 0.083 0.202 0.300 -0.289 0
 0.292 0.305 0.083 0.152 0.350 -0.222 0
 0.292 0.288 0.083 0.177 0.350 -0.111 0
 0.292 0.288 0.083 0.152 0.350 0.200 0
 0.292 0.263 0.083 0.177 0.475 0.422 0
 0.292 0.263 0.083 0.152 0.425 0.444 0
 0.292 0.263 0.083 0.177 0.375 0.444 0
 0.292 0.263 0.083 0.177 0.350 0.422 0
 0.292 0.263 0.083 0.227 0.375 0.400 0
 0.292 0.263 0.083 0.227 0.325 0.378 0
 0.333 0.153 0.083 0.227 0.050 0.622 0
 0.333 0.153 0.083 0.202 0.050 0.644 0
 0.333 0.153 0.083 0.152 0.050 0.556 0
 0.333 0.110 0.083 0.126 0.100 0.378 0
 0.333 0.102 0.083 0.076 0.150 0.200 0
 0.333 0.381 0.083 0.076 0.125 0.222 0
 0.333 0.381 0.083 0.076 0.150 0.222 0
 0.333 0.110 0.083 0.076 0.100 0.222 0
 0.333 0.110 0.083 0.076 0.050 0.200 0
 0.333 0.076 0.083 0.076 0.000 0.200 0
 0.375 0.119 0.083 0.000 0.075 0.022 0
 0.375 0.178 0.083 0.000 0.100 0.022 0
 0.375 0.178 0.083 0.000 0.050 0.000 0
 0.375 0.186 0.083 0.000 0.075 -0.022 0
 0.375 0.186 0.083 0.000 0.025 -0.044 0
 0.375 0.212 0.083 0.000 -0.075 -0.089 0
 0.375 0.212 0.083 0.000 -0.100 -0.089 0
 0.375 0.212 0.083 0.000 -0.125 -0.089 0
 0.375 0.153 0.083 0.000 -0.150 -0.044 1
 0.375 0.178 0.583 0.000 -0.175 -0.044 1
 0.375 0.178 0.583 0.000 -0.200 -0.022 1
 0.417 0.153 0.333 0.000 -0.050 0.000 1
 0.417 0.153 0.083 0.000 -0.050 0.000 1
 0.417 0.153 0.083 0.000 -0.150 0.000 1
 0.417 0.110 0.083 0.000 -0.175 0.022 1
 0.417 0.153 0.083 0.000 -0.250 0.044 1
 0.417 0.254 0.083 0.000 -0.225 0.022 1
 0.417 0.254 0.250 0.000 -0.300 0.022 1
 0.417 0.186 0.083 0.000 -0.325 0.000 1
 0.417 0.229 0.083 0.000 -0.250 -0.022 1
 0.417 0.229 0.083 0.000 -0.225 -0.044 1
 0.417 0.229 0.083 0.025 -0.275 -0.067 1
 0.458 0.229 0.083 0.025 -0.325 0.000 1
 0.458 0.229 0.500 0.025 -0.350 0.000 1
 0.458 0.220 0.083 0.025 -0.375 0.022 1
 0.458 0.186 0.250 0.025 -0.400 0.022 1
 0.458 0.186 0.083 0.051 -0.400 0.044 1
 0.458 0.186 0.083 0.051 -0.375 0.067 1
 0.458 0.186 0.083 0.051 -0.325 0.044 1
 0.458 0.186 0.083 0.051 -0.350 0.089 1
 0.458 0.186 0.250 0.051 -0.325 0.089 1
 0.458 0.169 0.083 0.025 -0.325 0.067 1
 0.458 0.186 0.083 0.025 -0.325 0.067 1
 0.500 0.178 0.583 0.025 -0.325 0.022 1
 0.500 0.153 0.083 0.025 -0.325 0.000 1
 0.500 0.153 0.583 0.025 -0.325 0.000 1
 0.500 0.153 0.083 0.000 -0.325 0.000 1
 0.500 0.178 0.583 0.000 -0.350 -0.022 1
 0.500 0.178 0.083 0.025 -0.325 0.000 1
 0.500 0.144 0.083 0.025 -0.300 -0.022 1
 0.500 0.144 0.500 0.025 -0.325 -0.022 1
 0.500 0.127 0.083 0.025 -0.325 0.000 1
 0.500 0.102 0.083 0.025 -0.300 -0.022 1
 0.500 0.102 0.083 0.025 -0.325 0.000 1
 0.542 0.102 0.500 0.025 -0.400 0.000 1
 0.542 0.144 0.083 0.025 -0.375 0.000 1
 0.542 0.144 0.083 0.025 -0.375 0.000 1
 0.542 0.144 0.083 0.025 -0.375 0.000 1
 0.542 0.144 0.083 0.000 -0.375 0.000 1
 0.542 0.144 0.083 0.000 -0.400 0.000 1
 0.542 0.144 0.083 0.000 -0.350 0.000 1
 0.542 0.144 0.083 0.000 -0.350 0.000 1
 0.542 0.144 0.083 0.000 -0.325 0.000 1
 0.542 0.144 0.083 0.000 -0.300 0.000 1
 0.542 0.144 0.083 0.000 -0.300 0.000 1
 0.583 0.144 0.083 0.000 -0.275 0.000 1
 0.583 0.144 0.083 0.000 -0.250 0.000 1
 0.583 0.144 0.083 0.000 -0.250 0.000 1
 0.583 0.144 0.083 0.000 -0.225 0.000 1
 0.583 0.144 0.083 0.000 -0.200 0.000 1
 0.583 0.144 0.083 0.000 -0.175 0.000 1
 0.583 0.144 0.083 0.000 -0.150 0.000 1
 0.583 0.144 0.083 0.000 -0.150 0.000 1
 0.583 0.144 0.083 0.000 -0.150 0.000 1
 0.583 0.144 0.083 0.000 -0.100 0.000 1
 0.583 0.144 0.083 0.000 -0.050 0.000 0
 0.625 0.144 0.083 0.000 -0.025 0.000 0
 0.625 0.144 0.083 0.000 0.000 0.000 0
 0.625 0.144 0.083 0.000 0.000 0.000 0
 0.625 0.144 0.083 0.000 0.000 0.000 0
 0.625 0.144 0.083 0.000 0.000 0.000 0
 0.625 0.144 0.083 0.000 0.000 0.000 0
 0.625 0.144 0.083 0.000 0.000 0.000 0
 0.625 0.144 0.083 0.000 0.000 0.000 0
 0.625 0.144 0.083 0.000 0.000 0.000 0
 0.625 0.144 0.083 0.000 0.000 0.000 0
 0.625 0.144 0.083 0.000 0.000 0.000 0
 0.667 0.144 0.083 0.000 0.000 0.000 0
 0.667 0.144 0.083 0.000 0.000 0.000 0
 0.667 0.144 0.083 0.000 0.000 0.000 0
 0.667 0.144 0.083 0.000 0.000 0.000 0
 0.667 0.144 0.083 0.000 0.000 0.000 0
 0.667 0.144 0.083 0.000 0.000 0.000 0
 0.667 0.144 0.083 0.000 0.000 0.000 0
 0.667 0.144 0.083 0.000 0.000 0.000 0
 0.667 0.144 0.083 0.000 0.000 0.000 0
 0.667 0.144 0.083 0.000 0.000 0.000 0
 0.667 0.144 0.083 0.000 0.000 0.000 0
 0.708 0.076 0.500 0.025 -0.075 -0.022 0
 0.708 0.076 0.500 0.025 -0.075 -0.022 0
 0.708 0.076 0.583 0.025 -0.025 -0.022 0
 0.708 0.076 0.083 0.025 -0.025 -0.022 0
 0.708 0.076 0.083 0.025 -0.025 -0.022 0
 0.708 0.085 0.083 0.025 0.050 -0.022 0
 0.708 0.085 0.083 0.025 0.075 -0.022 0
 0.708 0.119 0.250 0.025 0.050 -0.022 0
 0.708 0.119 0.083 0.025 0.125 -0.022 0
 0.708 0.085 0.250 0.025 0.125 -0.022 0
 0.708 0.085 0.083 0.000 0.150 0.000 0
 0.750 0.093 0.083 0.000 0.175 0.000 0
 0.750 0.093 0.083 0.000 0.175 0.000 0
 0.750 0.093 0.083 0.000 0.200 0.000 0
 0.750 0.085 0.083 0.000 0.225 0.000 0
 0.750 0.085 0.250 0.000 0.250 0.000 0
 0.750 0.076 0.250 0.000 0.250 0.000 0
 0.750 0.085 0.083 0.000 0.275 0.000 0
 0.750 0.085 0.083 0.000 0.275 0.000 0
 0.750 0.059 0.083 0.000 0.300 0.000 0
 0.750 0.059 0.083 0.000 0.325 0.000 0
 0.750 0.059 0.083 0.000 0.400 0.000 0
 0.792 0.051 0.083 0.000 0.425 0.000 0
 0.792 0.076 0.083 0.000 0.375 0.000 0
 0.792 0.076 0.083 0.000 0.400 0.000 0
 0.792 0.076 0.083 0.000 0.375 0.000 0
 0.792 0.059 0.083 0.000 0.300 0.000 0
 0.792 0.034 0.083 0.000 0.300 0.000 0
 0.792 0.042 0.083 0.000 0.300 0.000 0
 0.792 0.051 0.083 0.000 0.225 0.000 0
 0.792 0.076 0.083 0.000 0.250 0.000 0
 0.792 0.076 0.083 0.000 0.225 0.000 0
 0.792 0.076 0.083 0.000 0.200 0.000 0
 0.833 0.102 0.083 0.000 0.175 0.000 0
 0.833 0.102 0.083 0.000 0.175 0.000 0
 0.833 0.102 0.083 0.000 0.150 0.000 0
 0.833 0.102 0.083 0.000 0.075 0.000 0
 0.833 0.076 0.083 0.000 0.125 0.000 0
 0.833 0.102 0.083 0.000 0.100 0.000 0
 0.833 0.102 0.083 0.000 0.100 0.000 0
 0.833 0.102 0.083 0.000 0.075 0.000 0
 0.833 0.102 0.083 0.000 0.050 0.000 0
 0.833 0.102 0.083 0.000 0.000 0.000 0
 0.833 0.093 0.083 0.000 0.050 0.000 0
 0.875 0.153 0.083 0.000 -0.025 0.000 0
 0.875 0.102 0.083 0.000 -0.050 0.000 0
 0.875 0.102 0.083 0.000 0.000 0.000 0
 0.875 0.102 0.083 0.000 0.000 0.000 0
 0.875 0.102 0.083 0.000 0.000 0.000 0
 0.875 0.102 0.083 0.000 0.000 0.000 0
 0.875 0.127 0.083 0.000 0.000 0.000 0
 0.875 0.136 0.083 0.000 0.000 0.000 0
 0.875 0.136 0.083 0.000 -0.075 0.000 0
 0.875 0.136 0.083 0.000 -0.025 0.000 0
 0.875 0.136 0.083 0.000 -0.050 0.000 0
 0.917 0.110 0.083 0.000 -0.075 0.000 0
 0.917 0.110 0.083 0.000 -0.050 0.000 0
 0.917 0.102 0.083 0.000 -0.025 0.000 0
 0.917 0.093 0.083 0.000 -0.100 0.000 0
 0.917 0.119 0.083 0.000 -0.075 0.000 0
 0.917 0.119 0.583 0.000 -0.075 0.000 0
 0.917 0.119 0.250 0.000 -0.075 0.000 0
 0.917 0.119 0.083 0.000 -0.075 0.000 0
 0.917 0.119 0.083 0.000 -0.050 0.000 0
 0.917 0.127 0.083 0.000 -0.100 0.000 0
 0.958 0.161 0.083 0.000 -0.025 0.000 0
 0.958 0.144 0.333 0.000 0.000 0.000 0
 0.958 0.144 0.083 0.000 -0.050 0.000 0
 0.958 0.110 0.083 0.000 -0.025 0.000 0
 0.958 0.110 0.083 0.000 -0.075 0.000 0
 0.958 0.110 0.083 0.000 -0.025 0.000 0
 0.958 0.127 0.083 -0.025 -0.050 0.000 0
 0.958 0.127 0.083 -0.025 -0.075 0.000 0
 0.958 0.127 0.083 -0.025 -0.025 0.000 0
 0.958 0.127 0.250 -0.051 -0.050 0.000 0
 0.958 0.102 0.083 -0.051 -0.050 0.000 0
 0.000 0.110 0.083 -0.076 -0.075 -0.022 0
 0.000 0.127 0.083 -0.076 -0.100 -0.022 0
 0.000 0.161 0.083 -0.101 -0.100 -0.044 0
 0.000 0.161 0.083 -0.101 -0.075 -0.044 0
 0.000 0.161 0.083 -0.101 -0.100 -0.044 0
 0.000 0.161 0.083 -0.076 -0.100 -0.044 0
 0.000 0.161 0.083 -0.076 -0.100 -0.044 0
 0.000 0.161 0.083 -0.076 -0.100 -0.044 0
 0.000 0.161 0.083 -0.051 -0.075 -0.044 0
 0.000 0.161 0.083 -0.051 -0.075 -0.044 0
 0.000 0.178 0.083 -0.202 -0.100 -0.467 0
 0.042 0.178 0.083 -0.177 -0.150 -0.467 0
 0.042 0.153 0.083 -0.202 -0.225 -0.511 0
 0.042 0.110 0.083 -0.227 -0.275 -0.511 0
 0.042 0.153 0.083 -0.253 -0.275 -0.511 0
 0.042 0.153 0.083 -0.253 -0.300 -0.511 0
 0.042 0.153 0.083 -0.253 -0.275 -0.511 0
 0.042 0.153 0.083 -0.253 -0.275 -0.511 0
 0.042 0.186 0.250 -0.303 -0.275 -0.467 0
 0.042 0.186 0.083 -0.278 -0.275 -0.467 0
 0.042 0.186 0.083 -0.126 -0.275 -0.022 0
 0.042 0.153 0.083 -0.152 -0.300 0.000 0
 0.083 0.153 0.583 -0.152 -0.275 0.111 0
 0.083 0.153 0.583 -0.126 -0.250 0.111 0
 0.083 0.153 0.583 -0.101 -0.250 0.111 0
 0.083 0.153 0.583 -0.101 -0.250 0.111 0
 0.083 0.153 0.583 -0.101 -0.250 0.111 0
 0.083 0.186 0.083 -0.177 -0.225 0.222 0
 0.083 0.119 0.083 -0.177 -0.250 0.222 0
 0.083 0.186 0.083 -0.227 -0.275 0.267 0
 0.083 0.186 0.083 -0.227 -0.275 0.244 0
 0.083 0.153 0.083 -0.227 -0.250 0.267 0
 0.083 0.153 0.083 -0.227 -0.200 0.244 0
 0.125 0.153 0.083 -0.253 -0.100 0.289 0
 0.125 0.153 0.083 -0.253 -0.075 0.289 0
 0.125 0.153 0.083 -0.278 -0.075 0.311 0
 0.125 0.119 0.083 -0.253 -0.050 0.289 0
 0.125 0.153 0.083 -0.227 -0.075 0.222 0
 0.125 0.153 0.083 -0.177 -0.100 0.178 0
 0.125 0.178 0.083 -0.152 -0.025 0.133 0
 0.125 0.203 0.583 -0.051 0.000 0.067 0
 0.125 0.229 0.583 0.076 0.000 -0.067 0
 0.125 0.246 0.583 0.152 0.025 -0.133 0
 0.125 0.288 0.250 0.202 0.100 -0.156 0
 0.167 0.229 0.250 0.076 0.100 -0.089 0
 0.167 0.186 0.083 0.025 0.150 -0.022 0
 0.167 0.229 0.083 0.000 0.075 0.022 0
 0.167 0.229 0.083 0.101 0.125 -0.067 0
 0.167 0.229 0.083 0.126 0.125 -0.067 0
 0.167 0.229 0.500 0.177 0.175 -0.156 0
 0.167 0.186 0.083 0.051 0.250 -0.044 0
 0.167 0.186 0.250 -0.025 0.250 0.022 0
 0.167 0.186 0.083 -0.051 0.300 0.067 0
 0.167 0.153 0.083 -0.076 0.275 0.089 0
 0.167 0.153 0.083 -0.051 0.275 0.067 0
 0.208 0.186 0.083 0.025 0.325 0.000 0
 0.208 0.127 0.083 0.051 0.400 -0.044 0
 0.208 0.127 0.083 0.000 0.375 0.000 0
 0.208 0.195 0.083 -0.076 0.425 0.022 0
 0.208 0.195 0.083 -0.177 0.500 0.178 0
 0.208 0.178 0.083 -0.177 0.475 0.200 0
 0.208 0.178 0.083 -0.202 0.475 0.222 0
 0.208 0.178 0.083 -0.202 0.525 0.200 0
 0.208 0.153 0.083 -0.177 0.525 0.178 0
 0.208 0.153 0.083 -0.152 0.500 0.156 0
 0.250 0.153 0.083 -0.152 0.575 0.111 0
 0.250 0.195 0.083 -0.202 0.525 0.200 0
 0.250 0.195 0.083 -0.253 0.625 0.222 0
 0.250 0.186 0.083 -0.177 0.625 0.178 0
 0.250 0.186 0.500 -0.126 0.575 0.089 0
 0.250 0.186 0.083 -0.152 0.575 0.111 0
 0.250 0.102 0.083 -0.126 0.500 0.111 0
 0.250 0.153 0.250 0.000 0.500 0.044 0
 0.250 0.161 0.250 0.126 0.450 -0.133 0
 0.250 0.161 0.083 0.227 0.375 -0.267 0
 0.250 0.153 0.083 0.303 0.425 -0.356 0
 0.292 0.186 0.083 0.455 0.350 -0.533 0
 0.292 0.186 0.083 0.530 0.350 -0.578 0
 0.292 0.186 0.083 0.505 0.350 -0.578 0
 0.292 0.229 0.083 0.505 0.350 -0.556 0
 0.292 0.229 0.333 0.581 0.275 -0.667 0
 0.292 0.458 0.083 0.631 0.300 -0.644 0
 0.292 0.458 0.250 0.530 0.275 -0.600 0
 0.292 0.373 0.333 0.429 0.250 -0.467 0
 0.292 0.449 0.083 0.354 0.225 -0.356 0
 0.292 0.449 0.333 0.303 0.225 -0.244 0
 0.292 0.263 0.083 0.253 0.175 -0.111 0
 0.333 0.263 0.333 0.253 0.125 0.222 0
 0.333 0.263 0.333 0.253 0.100 0.244 0
 0.333 0.229 0.333 0.253 0.075 0.289 0
 0.333 0.186 0.333 0.227 0.050 0.333 0
 0.333 0.186 0.083 0.152 0.075 0.244 0
 0.333 0.186 0.333 0.126 0.125 0.289 0
 0.333 0.153 0.333 0.101 0.100 0.333 0
 0.333 0.153 0.500 0.076 0.075 0.378 0
 0.333 0.119 0.583 0.025 0.075 0.333 0
 0.333 0.153 0.583 0.025 -0.025 0.244 0
 0.333 0.153 0.250 0.000 -0.025 0.089 0
 0.375 0.229 0.083 -0.025 -0.150 -0.111 0
 0.375 0.263 0.083 -0.025 -0.125 -0.156 0
 0.375 0.263 0.500 -0.025 -0.125 -0.111 0
 0.375 0.246 0.083 -0.025 -0.175 0.000 0
 0.375 0.186 0.083 -0.025 -0.275 0.067 0
 0.375 0.186 0.083 0.000 -0.300 0.111 0
 0.375 0.237 0.083 0.025 -0.375 0.133 0
 0.375 0.237 0.083 0.051 -0.375 0.178 0
 0.375 0.212 0.083 0.076 -0.400 0.267 0
 0.375 0.186 0.083 0.076 -0.375 0.244 0
 0.375 0.186 0.083 0.076 -0.375 0.267 0
 0.417 0.119 0.083 0.101 -0.400 0.378 0
 0.417 0.110 0.083 0.101 -0.425 0.356 0
 0.417 0.110 0.083 0.101 -0.375 0.311 0
 0.417 0.119 0.083 0.101 -0.425 0.267 0
 0.417 0.119 0.083 0.076 -0.500 0.222 0
 0.417 0.076 0.083 0.051 -0.425 0.178 0
 0.417 0.110 0.083 0.051 -0.400 0.156 0
 0.417 0.110 0.083 0.025 -0.350 0.111 0
 0.417 0.153 0.083 0.025 -0.275 0.133 0
 0.417 0.153 0.083 0.051 -0.225 0.111 0
 0.417 0.153 0.083 0.025 -0.275 0.089 0
 0.458 0.076 0.083 0.025 -0.250 0.044 0
 0.458 0.076 0.083 0.025 -0.300 0.044 0
 0.458 0.110 0.500 0.025 -0.225 0.022 0
 0.458 0.110 0.083 0.025 -0.150 0.000 0
 0.458 0.110 0.083 0.025 -0.125 0.000 0
 0.458 0.102 0.083 0.025 -0.100 0.000 0
 0.458 0.102 0.083 0.025 -0.075 0.000 0
 0.458 0.102 0.250 0.025 -0.100 0.000 0
 0.458 0.110 0.083 0.000 -0.050 0.000 0
 0.458 0.110 0.083 0.000 -0.125 0.000 0
 0.458 0.110 0.083 0.000 -0.150 0.000 0
 0.500 0.076 0.083 0.000 -0.125 0.000 0
 0.500 0.110 0.083 0.000 -0.100 0.000 0
 0.500 0.110 0.083 0.000 -0.125 0.000 0
 0.500 0.110 0.083 0.000 -0.050 0.000 0
 0.500 0.110 0.083 0.000 -0.100 0.000 0
 0.500 0.110 0.083 0.000 -0.150 0.000 0
 0.500 0.110 0.083 0.000 -0.150 0.000 0
 0.500 0.119 0.083 0.000 -0.175 0.000 0
 0.500 0.119 0.083 0.000 -0.200 0.000 0
 0.500 0.110 0.083 0.000 -0.150 0.000 0
 0.542 0.076 0.083 0.025 -0.150 0.000 0
 0.542 0.076 0.083 0.025 -0.125 0.000 0
 0.542 0.076 0.083 0.025 -0.150 0.000 0
 0.542 0.102 0.083 0.025 -0.175 0.000 0
 0.542 0.102 0.250 0.025 -0.200 0.000 0
 0.542 0.076 0.333 0.025 -0.150 0.000 0
 0.542 0.102 0.083 0.025 -0.150 0.000 0
 0.542 0.102 0.583 0.025 -0.175 0.000 0
 0.542 0.076 0.083 0.025 -0.175 0.000 0
 0.542 0.110 0.583 0.025 -0.150 0.000 0
 0.542 0.110 0.083 0.025 -0.175 0.000 0
 0.583 0.076 0.083 0.000 -0.150 0.000 0
 0.583 0.102 0.083 0.000 -0.175 0.000 0
 0.583 0.102 0.083 0.000 -0.175 0.000 0
 0.583 0.076 0.083 0.000 -0.200 0.000 0
 0.583 0.076 0.083 0.000 -0.200 0.000 0
 0.583 0.076 0.250 0.000 -0.175 0.000 0
 0.583 0.068 0.083 0.000 -0.175 0.000 0
 0.583 0.068 0.083 0.000 -0.175 0.000 0
 0.583 0.068 0.083 0.000 -0.175 0.000 0
 0.583 0.068 0.083 0.000 -0.175 0.000 0
 0.583 0.068 0.083 0.000 -0.150 0.000 0
 0.625 0.076 0.083 0.000 -0.175 0.000 0
 0.625 0.034 0.083 0.000 -0.125 0.000 0
 0.625 0.059 0.250 0.000 -0.150 -0.022 0
 0.625 0.059 0.083 0.000 -0.125 -0.022 0
 0.625 0.034 0.750 0.000 -0.200 -0.022 0
 0.625 0.034 0.083 0.000 -0.200 -0.022 0
 0.625 0.034 0.083 0.000 -0.150 -0.022 0
 0.625 0.034 0.583 0.000 -0.175 -0.022 0
 0.625 0.034 0.083 0.000 -0.175 -0.022 0
 0.625 0.068 0.083 0.000 -0.125 -0.022 0
 0.625 0.068 0.083 0.000 -0.125 -0.022 0
 0.667 0.034 0.083 0.000 -0.100 -0.022 0
 0.667 0.059 0.083 0.000 -0.100 0.000 0
 0.667 0.059 0.083 0.000 -0.100 0.000 0
 0.667 0.034 0.083 0.000 -0.100 0.000 0
 0.667 0.068 0.083 0.000 -0.075 0.000 0
 0.667 0.068 0.083 0.000 -0.075 0.000 0
 0.667 0.093 0.083 0.000 -0.075 0.000 0
 0.667 0.093 0.083 0.000 -0.025 0.000 0
 0.667 0.068 0.083 0.000 -0.025 0.000 0
 0.667 0.059 0.083 0.000 -0.075 0.000 0
 0.667 0.059 0.083 0.000 0.000 0.000 0
 0.708 0.051 0.083 0.000 0.000 0.000 0
 0.708 0.051 0.083 0.000 0.025 0.000 0
 0.708 0.059 0.083 0.000 0.050 -0.022 0
 0.708 0.059 0.083 0.000 0.075 -0.022 0
 0.708 0.059 0.083 0.000 0.075 -0.022 0
 0.708 0.034 0.583 0.000 0.100 -0.022 0
 0.708 0.034 0.500 0.000 0.125 -0.022 0
 0.708 0.034 0.083 0.000 0.175 -0.022 0
 0.708 0.025 0.083 0.000 0.175 -0.022 0
 0.708 0.025 0.083 0.000 0.150 -0.022 0
 0.708 0.000 0.083 0.000 0.200 -0.022 0
 0.750 0.000 0.083 0.000 0.225 -0.022 0
 0.750 0.000 0.083 0.000 0.250 0.000 0
 0.750 0.000 0.083 0.000 0.275 0.000 0
 0.750 0.000 0.083 0.000 0.300 0.000 0
 0.750 0.025 0.083 0.000 0.325 0.000 0
 0.750 0.025 0.083 0.000 0.350 0.000 0
 0.750 0.025 0.583 0.000 0.300 0.000 0
 0.750 0.025 0.750 0.000 0.350 0.000 0
 0.750 0.025 0.083 0.000 0.400 0.000 0
 0.750 0.025 0.083 0.000 0.350 0.000 0
 0.750 0.025 0.083 0.000 0.375 0.000 0
 0.792 0.059 0.083 0.000 0.350 0.000 0
 0.792 0.059 0.083 0.000 0.325 0.000 0
 0.792 0.059 0.083 0.000 0.350 0.000 0
 0.792 0.059 0.083 0.000 0.400 0.000 0
 0.792 0.059 0.083 0.000 0.375 0.000 0
 0.792 0.059 0.083 0.000 0.400 0.000 0
 0.792 0.093 0.083 0.000 0.400 0.000 0
 0.792 0.093 0.083 0.000 0.375 0.000 0
 0.792 0.085 0.083 0.000 0.425 0.000 0
 0.792 0.110 0.083 0.000 0.375 0.000 0
 0.833 0.136 0.083 0.000 0.450 0.000 0
 0.833 0.136 0.083 0.000 0.450 0.000 0
 0.833 0.136 0.083 0.000 0.425 0.000 0
 0.833 0.119 0.083 0.000 0.400 0.000 0
 0.833 0.102 0.083 0.000 0.400 0.000 0
 0.833 0.102 0.083 0.000 0.400 0.000 0
 0.833 0.110 0.083 0.000 0.350 0.000 0
 0.833 0.110 0.083 0.000 0.300 0.000 0
 0.833 0.119 0.083 0.000 0.275 0.000 0
 0.833 0.119 0.083 0.000 0.275 0.000 0
 0.833 0.059 0.083 0.000 0.250 0.000 0
 0.875 0.085 0.083 0.000 0.250 0.000 0
 0.875 0.076 0.083 0.000 0.225 0.000 0
 0.875 0.085 0.083 0.000 0.175 0.000 0
 0.875 0.093 0.083 0.000 0.125 0.000 0
 0.875 0.093 0.083 0.000 0.125 0.000 0
 0.875 0.051 0.083 0.000 0.050 0.000 0
 0.875 0.076 0.083 0.000 0.025 0.000 0
 0.875 0.076 0.250 0.000 0.000 0.000 0
 0.875 0.059 0.083 0.000 -0.050 0.000 0
 0.875 0.051 0.583 0.000 -0.100 0.000 0
 0.875 0.059 0.583 0.000 -0.200 0.000 0
 0.917 0.051 0.583 0.000 -0.250 0.022 0
 0.917 0.051 0.583 0.000 -0.275 0.022 0
 0.917 0.025 0.583 0.000 -0.275 0.022 0
 0.917 0.051 0.750 0.000 -0.300 0.022 0
 0.917 0.051 0.750 0.000 -0.350 0.022 0
 0.917 0.051 0.083 0.000 -0.300 0.022 0
 0.917 0.051 0.583 0.000 -0.300 0.022 0
 0.917 0.051 0.333 0.000 -0.300 0.022 0
 0.917 0.059 0.083 0.000 -0.325 0.022 0
 0.917 0.059 0.083 0.000 -0.325 0.022 0
 0.917 0.051 0.083 0.000 -0.300 0.000 0
 0.958 0.051 0.583 -0.025 -0.300 0.000 0
 0.958 0.051 0.583 -0.025 -0.250 0.000 0
 0.958 0.051 0.583 -0.025 -0.250 0.000 0
 0.958 0.051 0.583 -0.025 -0.275 0.000 0
 0.958 0.059 0.583 -0.025 -0.250 0.000 0
 0.958 0.059 0.083 -0.025 -0.300 0.000 0
 0.958 0.059 0.083 -0.025 -0.275 0.000 0
 0.958 0.059 0.083 -0.051 -0.300 0.000 0
 0.958 0.051 0.583 -0.051 -0.275 0.022 0
 0.958 0.051 0.583 -0.076 -0.250 0.022 0
 0.958 0.051 0.583 -0.101 -0.275 0.022 0
 0.000 0.068 0.083 -0.076 -0.300 0.000 0
 0.000 0.059 0.250 -0.076 -0.275 0.022 0
 0.000 0.076 0.083 -0.076 -0.300 0.000 0
 0.000 0.076 0.083 -0.051 -0.300 0.022 0
 0.000 0.068 0.083 -0.051 -0.300 0.022 0
 0.000 0.076 0.083 -0.076 -0.300 0.000 0
 0.000 0.093 0.083 -0.051 -0.350 0.000 0
 0.000 0.102 0.083 -0.076 -0.350 -0.044 0
 0.000 0.102 0.083 -0.051 -0.300 -0.022 0
 0.000 0.110 0.083 -0.025 -0.350 -0.044 0
 0.000 0.110 0.250 -0.025 -0.375 -0.089 0
 0.042 0.076 0.083 -0.051 -0.350 -0.067 0
 0.042 0.076 0.083 -0.051 -0.375 -0.067 0
 0.042 0.136 0.083 -0.076 -0.375 -0.111 0
 0.042 0.136 0.083 -0.076 -0.350 -0.111 0
 0.042 0.119 0.083 -0.076 -0.300 -0.133 0
 0.042 0.153 0.250 -0.076 -0.300 -0.178 0
 0.042 0.153 0.083 -0.076 -0.300 -0.222 0
 0.042 0.153 0.250 -0.076 -0.250 -0.267 0
 0.042 0.153 0.083 -0.101 -0.225 -0.244 0
 0.042 0.110 0.083 -0.126 -0.200 -0.311 0
 0.083 0.085 0.083 -0.152 -0.175 -0.467 0
 0.083 0.153 0.500 -0.152 -0.200 -0.489 0
 0.083 0.153 0.083 -0.152 -0.150 -0.467 0
 0.083 0.186 0.333 -0.126 -0.125 -0.489 0
 0.083 0.186 0.333 -0.101 -0.125 -0.444 0
 0.083 0.186 0.333 -0.101 -0.125 -0.400 0
 0.083 0.178 0.083 -0.101 -0.050 -0.356 0
 0.083 0.153 0.083 -0.126 -0.025 -0.333 0
 0.083 0.153 0.083 -0.152 -0.025 -0.311 0
 0.083 0.153 0.500 -0.152 0.000 -0.156 0
 0.083 0.186 0.083 -0.177 0.050 -0.089 0
 0.125 0.153 0.583 -0.202 0.050 0.156 0
 0.125 0.153 0.083 -0.202 0.100 0.156 0
 0.125 0.153 0.083 -0.202 0.125 0.133 0
 0.125 0.195 0.083 -0.177 0.125 0.111 0
 0.125 0.195 0.083 -0.177 0.150 0.111 0
 0.125 0.186 0.083 -0.126 0.100 0.067 0
 0.125 0.186 0.083 -0.025 0.150 0.000 0
 0.125 0.144 0.083 0.101 0.150 -0.044 0
 0.125 0.110 0.083 0.152 0.175 -0.044 0
 0.125 0.110 0.083 0.202 0.175 -0.111 0
 0.125 0.110 0.500 0.278 0.150 -0.111 0
 0.167 0.119 0.583 0.278 0.250 -0.111 0
 0.167 0.119 0.583 0.227 0.250 -0.067 0
 0.167 0.110 0.500 0.177 0.300 -0.067 0
 0.167 0.186 0.083 0.101 0.300 -0.133 0
 0.167 0.186 0.083 0.025 0.300 -0.067 0
 0.167 0.161 0.083 -0.126 0.325 0.133 0
 0.167 0.263 0.250 -0.152 0.325 0.156 0
 0.167 0.263 0.250 -0.177 0.300 0.111 0
 0.167 0.263 0.250 -0.177 0.300 0.111 0
 0.167 0.263 0.250 -0.202 0.250 0.067 0
 0.167 0.263 0.250 -0.202 0.275 0.000 0
 0.208 0.263 0.250 -0.177 0.250 0.044 0
 0.208 0.263 0.250 -0.152 0.250 0.067 0
 0.208 0.263 0.250 -0.076 0.225 0.133 0
 0.208 0.263 0.250 -0.025 0.200 0.133 0
 0.208 0.263 0.250 0.051 0.250 0.000 0
 0.208 0.263 0.250 0.000 0.225 0.000 0
 0.208 0.263 0.250 0.000 0.200 0.000 0
 0.208 0.263 0.250 0.000 0.150 0.000 0
 0.208 0.263 0.250 0.000 0.150 0.000 0
 0.208 0.263 0.250 0.000 0.175 0.000 0
 0.208 0.263 0.250 0.000 0.175 0.000 0
 0.250 0.263 0.250 0.000 0.100 0.000 0
 0.250 0.263 0.250 0.000 0.050 0.000 0
 0.250 0.263 0.250 0.000 0.050 0.000 0
 0.250 0.263 0.250 0.000 0.050 0.000 0
 0.250 0.102 0.083 0.076 0.625 -0.067 0
 0.250 0.102 0.500 0.025 0.650 -0.089 0
 0.250 0.102 0.083 0.000 0.675 -0.089 0
 0.250 0.119 0.083 -0.051 0.700 -0.067 0
 0.250 0.136 0.083 -0.101 0.700 0.067 0
 0.250 0.186 0.083 -0.177 0.700 0.178 0
 0.250 0.237 0.083 -0.177 0.725 0.200 0
 0.292 0.229 0.583 -0.126 0.750 0.156 0
 0.292 0.297 0.500 -0.101 0.750 0.111 0
 0.292 0.297 0.250 -0.076 0.725 0.111 0
 0.292 0.212 0.083 -0.177 0.750 0.200 0
 0.292 0.229 0.083 -0.076 0.775 0.178 0
 0.292 0.229 0.083 -0.025 0.800 0.111 0
 0.292 0.186 0.083 -0.025 0.825 0.178 0
 0.292 0.161 0.250 0.025 0.825 0.022 0
 0.292 0.161 0.500 0.126 0.825 -0.111 0
 0.292 0.153 0.083 0.126 0.800 -0.133 0
 0.292 0.237 0.083 0.152 0.775 -0.156 0
 0.333 0.458 0.083 0.253 0.800 -0.244 0
 0.333 0.373 0.083 0.253 0.850 -0.267 0
 0.333 0.407 0.083 0.303 0.800 -0.289 0
 0.333 0.407 0.083 0.278 0.175 -0.178 0
 0.333 0.398 0.083 0.303 0.175 0.089 0
 0.333 0.339 0.083 0.379 0.125 0.111 0
 0.333 0.254 0.083 0.379 0.100 0.133 0
 0.333 0.186 0.083 0.354 0.125 0.156 0
 0.333 0.186 0.083 0.354 0.125 0.156 0
 0.333 0.195 0.083 0.328 0.050 0.133 0
 0.375 0.186 0.083 0.126 -0.025 0.289 0
 0.375 0.186 0.083 0.076 -0.025 0.267 0
 0.375 0.186 0.083 0.051 0.000 0.244 0
 0.375 0.136 0.083 0.000 -0.075 0.178 0
 0.375 0.153 0.083 -0.051 -0.075 -0.044 0
 0.375 0.153 0.083 -0.051 -0.125 -0.133 0
 0.375 0.153 0.083 -0.051 -0.125 -0.089 0
 0.375 0.136 0.333 -0.051 -0.125 -0.067 0
 0.375 0.136 0.083 -0.025 -0.125 -0.044 0
 0.375 0.127 0.083 -0.025 -0.125 0.022 0
 0.375 0.102 0.083 0.000 -0.125 0.089 0
 0.417 0.136 0.250 0.051 -0.125 0.089 0
 0.417 0.136 0.083 0.051 -0.175 0.133 0
 0.417 0.161 0.083 0.076 -0.100 0.111 0
 0.417 0.161 0.083 0.076 -0.100 0.156 0
 0.417 0.161 0.083 0.051 -0.150 0.133 0
 0.417 0.161 0.083 0.051 -0.150 0.111 0
 0.417 0.153 0.083 0.051 -0.125 0.089 0
 0.417 0.169 0.083 0.025 -0.200 0.067 0
 0.417 0.169 0.083 0.025 -0.200 0.022 0
 0.417 0.212 0.083 0.025 -0.175 0.000 0
 0.417 0.212 0.083 0.051 -0.175 0.022 0
 0.458 0.144 0.083 0.025 -0.175 0.067 0
 0.458 0.144 0.500 0.025 -0.175 0.111 0
 0.458 0.076 0.083 0.025 -0.125 0.089 0
 0.458 0.076 0.083 0.025 -0.200 0.111 0
 0.458 0.076 0.083 0.025 -0.150 0.089 0
 0.458 0.068 0.083 0.025 -0.225 0.111 0
 0.458 0.068 0.083 0.025 -0.250 0.111 0
 0.458 0.085 0.083 0.025 -0.225 0.111 0
 0.458 0.085 0.083 0.051 -0.200 0.111 0
 0.458 0.085 0.083 0.025 -0.175 0.089 0
 0.458 0.119 0.083 0.025 -0.250 0.089 0
 0.500 0.085 0.083 0.025 -0.275 0.067 0
 0.500 0.085 0.083 0.025 -0.300 0.044 0
 0.500 0.093 0.583 0.025 -0.275 0.044 0
 0.500 0.093 0.500 0.025 -0.275 0.044 0
 0.500 0.085 0.500 0.025 -0.275 0.022 0
 0.500 0.076 0.083 0.025 -0.275 0.022 0
 0.500 0.085 0.333 0.025 -0.200 0.022 0
 0.500 0.085 0.333 0.000 -0.225 0.044 0
 0.500 0.051 0.583 0.000 -0.200 0.044 0
 0.500 0.051 0.583 0.000 -0.150 0.044 0
 0.500 0.051 0.583 0.000 -0.200 0.067 0
 0.542 0.051 0.583 0.000 -0.200 0.067 0
 0.542 0.051 0.083 0.000 -0.150 0.044 0
 0.542 0.025 0.583 0.025 -0.150 0.067 0
 0.542 0.025 0.583 0.025 -0.150 0.067 0
 0.542 0.051 0.583 0.025 -0.125 0.067 0
 0.542 0.051 0.083 0.025 -0.100 0.067 0
 0.542 0.025 0.583 0.025 -0.125 0.067 0
 0.542 0.051 0.083 0.025 -0.125 0.067 0
 0.542 0.051 0.083 0.025 -0.125 0.067 0
 0.542 0.025 0.083 0.025 -0.075 0.044 0
 0.542 0.051 0.083 0.025 -0.050 0.044 0
 0.583 0.051 0.083 0.025 -0.075 0.044 0
 0.583 0.076 0.083 0.000 -0.150 0.000 0
 0.583 0.076 0.083 0.000 -0.125 0.000 0
 0.583 0.076 0.083 0.000 -0.100 0.000 0
 0.583 0.076 0.083 -0.025 -0.175 0.000 0
 0.583 0.127 0.083 -0.025 -0.200 -0.022 0
 0.583 0.127 0.083 -0.025 -0.200 -0.044 0
 0.583 0.127 0.083 -0.025 -0.175 -0.044 0
 0.583 0.102 0.083 -0.025 -0.250 -0.044 0
 0.583 0.076 0.083 -0.025 -0.225 -0.044 0
 0.625 0.102 0.083 -0.025 -0.200 -0.044 0
 0.625 0.051 0.083 -0.025 -0.275 -0.022 0
 0.625 0.093 0.083 -0.025 -0.225 -0.022 0
 0.625 0.093 0.083 0.000 -0.250 0.000 0
 0.625 0.051 0.083 0.025 -0.225 0.000 0
 0.625 0.076 0.083 0.025 -0.200 0.000 0
 0.625 0.076 0.083 0.025 -0.250 0.022 0
 0.625 0.076 0.083 0.025 -0.175 0.022 0
 0.625 0.076 0.083 0.025 -0.175 0.022 0
 0.625 0.076 0.083 0.025 -0.150 0.022 0
 0.625 0.076 0.083 0.025 -0.150 0.022 0
 0.667 0.051 0.083 0.025 -0.125 0.022 0
 0.667 0.051 0.083 0.025 -0.100 0.022 0
 0.667 0.051 0.083 0.000 -0.075 0.000 0
 0.667 0.051 0.083 0.000 -0.075 0.000 0
 0.667 0.076 0.083 0.000 0.000 0.000 0
 0.667 0.076 0.083 0.000 0.000 0.000 0
 0.667 0.051 0.083 0.000 0.050 0.000 0
 0.667 0.059 0.083 0.000 0.025 0.022 0
 0.667 0.059 0.083 0.000 0.175 0.022 0
 0.667 0.076 0.083 0.000 0.175 0.022 0
 0.667 0.076 0.083 0.000 0.150 0.022 0
 0.708 0.068 0.083 0.000 0.225 0.022 0
 0.708 0.068 0.083 0.000 0.225 0.022 0
 0.708 0.051 0.083 0.000 0.225 0.022 0
 0.708 0.051 0.083 0.000 0.225 0.022 0
 0.708 0.051 0.083 0.000 0.225 0.022 0
 0.708 0.051 0.083 0.000 0.300 0.022 0
 0.708 0.051 0.083 0.000 0.250 0.000 0
 0.708 0.076 0.083 0.000 0.275 0.000 0
 0.708 0.076 0.083 0.000 0.225 0.000 0
 0.708 0.076 0.083 0.000 0.250 0.000 0
 0.708 0.076 0.083 0.000 0.275 0.000 0
 0.750 0.076 0.083 0.000 0.350 0.000 0
 0.750 0.076 0.083 0.000 0.325 0.000 0
 0.750 0.076 0.083 0.000 0.375 0.000 0
 0.750 0.068 0.083 0.000 0.375 0.000 0
 0.750 0.076 0.083 0.000 0.350 0.000 0
 0.750 0.076 0.083 0.000 0.375 0.000 0
 0.750 0.076 0.083 0.000 0.350 0.000 0
 0.750 0.076 0.083 0.000 0.325 0.000 0
 0.750 0.076 0.083 0.000 0.375 -0.022 0
 0.750 0.076 0.083 0.000 0.375 0.000 0
 0.750 0.076 0.083 0.000 0.400 0.000 0
 0.792 0.102 0.083 0.025 0.350 0.000 0
 0.792 0.102 0.083 0.025 0.400 0.000 0
 0.792 0.102 0.083 0.025 0.375 0.000 0
 0.792 0.076 0.083 0.025 0.350 0.000 0
 0.792 0.102 0.083 0.025 0.300 0.000 0
 0.792 0.102 0.083 0.025 0.300 0.000 0
 0.792 0.076 0.083 0.025 0.300 0.000 0
 0.792 0.076 0.083 0.025 0.325 0.022 0
 0.792 0.076 0.333 0.025 0.350 0.000 0
 0.792 0.076 0.083 0.025 0.325 0.000 0
 0.792 0.051 0.083 0.000 0.350 0.000 0
 0.833 0.102 0.083 0.000 0.375 0.000 0
 0.833 0.076 0.083 0.000 0.325 0.000 0
 0.833 0.076 0.083 0.000 0.300 0.000 0
 0.833 0.076 0.083 0.000 0.325 0.000 0
 0.833 0.076 0.083 0.000 0.300 0.000 0
 0.833 0.051 0.083 0.000 0.325 0.000 0
 0.833 0.051 0.083 0.000 0.275 0.000 0
 0.833 0.051 0.083 0.000 0.250 0.000 0
 0.833 0.051 0.083 0.000 0.275 0.000 0
 0.833 0.068 0.083 0.000 0.225 0.000 0
 0.833 0.068 0.083 0.000 0.225 0.000 0
 0.875 0.051 0.083 0.000 0.175 0.000 0
 0.875 0.051 0.083 0.000 0.175 0.000 0
 0.875 0.051 0.083 0.000 0.150 0.000 0
 0.875 0.051 0.083 0.000 0.225 0.000 0
 0.875 0.051 0.083 0.000 0.175 0.000 0
 0.875 0.102 0.083 0.000 0.125 0.000 0
 0.875 0.102 0.083 0.000 0.100 0.000 0
 0.875 0.051 0.083 0.000 0.075 0.000 0
 0.875 0.076 0.083 0.000 0.025 0.000 0
 0.875 0.076 0.083 0.000 0.000 0.000 0
 0.917 0.102 0.083 0.000 -0.075 0.000 0
 0.917 0.102 0.083 0.000 -0.100 0.000 0
 0.917 0.102 0.083 0.000 -0.125 0.022 0
 0.917 0.076 0.083 0.000 -0.125 0.022 0
 0.917 0.051 0.083 0.000 -0.150 0.022 0
 0.917 0.051 0.083 0.000 -0.175 0.022 0
 0.917 0.051 0.083 0.000 -0.150 0.022 0
 0.917 0.051 0.083 0.000 -0.150 0.022 0
 0.917 0.102 0.083 0.000 -0.175 0.022 0
 0.917 0.102 0.083 0.000 -0.150 0.022 0
 0.917 0.102 0.083 0.000 -0.225 0.022 0
 0.958 0.076 0.083 -0.025 -0.175 0.022 0
 0.958 0.076 0.083 -0.025 -0.150 0.000 0
 0.958 0.076 0.083 -0.025 -0.150 0.000 0
 0.958 0.076 0.083 -0.025 -0.200 0.000 0
 0.958 0.076 0.083 -0.051 -0.175 0.000 0
 0.958 0.076 0.083 -0.051 -0.175 0.000 0
 0.958 0.076 0.083 -0.051 -0.175 0.000 0
 0.958 0.076 0.083 -0.051 -0.200 -0.022 0
 0.958 0.076 0.083 -0.051 -0.175 -0.022 0
 0.958 0.102 0.083 -0.076 -0.225 -0.022 0
 0.958 0.127 0.083 -0.076 -0.175 -0.044 0
 0.000 0.102 0.083 -0.101 -0.200 -0.111 0
 0.000 0.110 0.083 -0.152 -0.175 -0.222 0
 0.000 0.110 0.083 -0.152 -0.200 -0.289 0
 0.000 0.119 0.083 -0.152 -0.225 -0.356 0
 0.000 0.119 0.083 -0.152 -0.225 -0.378 0
 0.000 0.186 0.083 -0.152 -0.250 -0.400 0
 0.000 0.212 0.083 -0.126 -0.275 -0.378 0
 0.000 0.220 0.083 -0.126 -0.275 -0.356 0
 0.000 0.220 0.500 -0.101 -0.325 -0.356 0
 0.000 0.195 0.083 -0.076 -0.275 -0.311 0
 0.000 0.186 0.083 -0.076 -0.350 -0.267 0
 0.042 0.144 0.083 -0.025 -0.350 -0.200 0
 0.042 0.203 0.083 -0.025 -0.325 -0.178 0
 0.042 0.203 0.083 0.000 -0.325 -0.111 0
 0.042 0.212 0.083 0.000 -0.350 -0.133 0
 0.042 0.212 0.083 -0.025 -0.325 -0.111 0
 0.042 0.263 0.083 -0.051 -0.300 -0.133 0
 0.042 0.263 0.333 -0.051 -0.275 -0.156 0
 0.042 0.263 0.250 -0.051 -0.300 -0.156 0
 0.042 0.229 0.083 -0.076 -0.250 -0.200 0
 0.042 0.229 0.250 -0.101 -0.275 -0.200 0
 0.042 0.339 0.083 -0.051 -0.275 -0.178 0
 0.083 0.331 0.083 -0.051 -0.275 -0.111 0
 0.083 0.297 0.083 -0.076 -0.250 -0.111 0
 0.083 0.297 0.500 -0.076 -0.175 -0.089 0
 0.083 0.288 0.083 -0.051 -0.125 -0.089 0
 0.083 0.263 0.250 -0.076 -0.075 -0.067 0
 0.083 0.263 0.083 -0.076 -0.100 -0.067 0
 0.083 0.322 0.083 -0.101 -0.075 -0.044 0
 0.083 0.339 0.083 -0.076 -0.075 -0.044 0
 0.083 0.339 0.083 -0.051 -0.050 -0.022 0
 0.083 0.314 0.333 -0.076 0.025 0.000 0
 0.083 0.314 0.083 -0.076 0.000 -0.022 0
 0.125 0.288 0.083 -0.076 0.050 0.000 0
 0.125 0.297 0.083 -0.101 0.050 0.067 0
 0.125 0.339 0.083 -0.126 0.125 0.089 0
 0.125 0.339 0.083 -0.076 0.150 0.089 0
 0.125 0.331 0.083 -0.051 0.150 0.022 1
 0.125 0.331 0.083 0.051 0.125 -0.044 1
 0.125 0.305 0.083 0.076 0.200 0.000 1
 0.125 0.254 0.083 0.076 0.225 -0.022 1
 0.125 0.254 0.083 0.000 0.275 -0.044 1
 0.125 0.280 0.083 -0.101 0.275 0.067 1
 0.125 0.381 0.250 -0.051 0.300 0.022 1
 0.167 0.407 0.333 0.126 0.325 -0.111 1
 0.167 0.237 0.333 0.101 0.275 -0.133 1
 0.167 0.237 0.083 -0.025 0.250 -0.044 1
 0.167 0.288 0.083 -0.101 0.225 0.111 1
 0.167 0.305 0.083 -0.202 0.300 0.200 1
 0.167 0.339 0.333 -0.152 0.300 0.089 1
 0.167 0.381 0.083 -0.101 0.325 0.044 1
 0.167 0.381 0.083 -0.051 0.325 0.067 1
 0.167 0.331 0.083 0.000 0.300 0.022 1
 0.167 0.314 0.083 -0.126 0.350 0.156 1
 0.208 0.339 0.083 -0.227 0.425 0.244 1
 0.208 0.339 0.083 -0.202 0.450 0.267 1
 0.208 0.339 0.250 -0.101 0.475 0.178 1
 0.208 0.373 0.083 0.000 0.425 0.022 1
 0.208 0.458 0.583 0.152 0.425 -0.200 1
 0.208 0.458 0.583 0.202 0.450 -0.133 1
 0.208 0.314 0.583 0.177 0.450 0.000 1
 0.208 0.280 0.500 0.126 0.400 -0.044 1
 0.208 0.229 0.083 0.101 0.425 -0.133 1
 0.208 0.153 0.083 0.152 0.425 -0.222 1
 0.208 0.076 0.083 0.126 0.425 -0.244 1
 0.250 0.314 0.083 0.202 0.475 -0.289 1
 0.250 0.415 0.250 0.227 0.450 -0.289 1
 0.250 0.415 0.250 0.253 0.475 -0.222 1
 0.250 0.390 0.083 0.177 0.475 0.222 1
 0.250 0.390 0.083 0.025 0.475 0.400 1
 0.250 0.390 0.083 0.000 0.450 0.311 1
 0.250 0.305 0.083 0.000 0.550 0.067 1
 0.250 0.398 0.083 0.101 0.525 0.178 1
 0.250 0.398 0.083 0.177 0.500 0.422 1
 0.250 0.314 0.083 0.253 0.525 0.467 1
 0.250 0.314 0.083 0.227 0.500 0.467 1