 0.083 0.110 0.083 -0.253 -0.225 0.422 0
 0.083 0.110 0.083 -0.253 -0.225 0.422 0
 0.083 0.110 0.083 -0.227 -0.225 0.400 0
 0.083 0.110 0.083 -0.202 -0.225 0.311 0
 0.083 0.110 0.083 -0.177 -0.225 0.244 0
 0.083 0.110 0.083 -0.152 -0.225 0.200 0
 0.083 0.110 0.083 -0.101 -0.225 0.133 0
 0.083 0.110 0.083 -0.076 -0.225 0.133 0
 0.083 0.110 0.083 -0.051 -0.375 0.067 0
 0.083 0.110 0.083 -0.025 -0.225 0.044 0
 0.125 0.110 0.250 0.051 0.125 -0.089 0
 0.125 0.186 0.083 0.076 0.050 -0.067 0
 0.125 0.195 0.250 0.152 0.200 -0.111 0
 0.125 0.195 0.500 0.152 0.125 -0.156 0
 0.125 0.178 0.083 0.101 0.225 -0.111 0
 0.125 0.178 0.333 0.076 0.350 -0.089 0
 0.125 0.153 0.083 0.101 0.425 -0.111 0
 0.125 0.153 0.083 0.076 0.325 -0.111 0
 0.125 0.153 0.083 0.051 0.200 -0.089 0
 0.125 0.127 0.083 0.025 0.225 -0.067 0
 0.125 0.127 0.250 0.025 0.200 -0.089 0
 0.167 0.119 0.083 -0.101 0.375 0.000 0
 0.167 0.136 0.250 -0.177 0.550 0.067 0
 0.167 0.136 0.250 -0.177 0.500 0.089 0
 0.167 0.153 0.333 -0.126 0.650 0.067 0
 0.167 0.153 0.083 -0.126 0.475 0.067 0
 0.167 0.110 0.083 -0.177 0.450 0.133 0
 0.167 0.110 0.083 -0.177 0.525 0.156 0
 0.167 0.110 0.083 -0.177 0.525 0.156 0
 0.167 0.085 0.083 -0.177 0.600 0.156 0
 0.167 0.153 0.083 -0.202 0.575 0.200 0
 0.167 0.153 0.083 -0.177 0.625 0.178 0
 0.208 0.093 0.083 -0.101 0.350 0.133 0
 0.208 0.059 0.083 -0.126 0.300 0.178 0
 0.208 0.136 0.250 -0.101 0.625 0.178 0
 0.208 0.153 0.083 -0.051 0.575 0.111 0
 0.208 0.153 0.083 -0.025 0.550 0.067 0
 0.208 0.153 0.083 0.000 0.425 0.044 0
 0.208 0.186 0.333 0.101 0.500 -0.022 0
 0.208 0.110 0.083 0.126 0.550 -0.067 0
 0.208 0.186 0.083 0.126 0.575 -0.067 0
 0.208 0.186 0.083 0.126 0.475 -0.089 0
 0.208 0.153 0.333 0.051 0.550 -0.067 0
 0.250 0.153 0.083 0.101 0.450 -0.044 0
 0.250 0.153 0.083 0.051 0.525 -0.067 0
 0.250 0.110 0.083 0.025 0.400 0.000 0
 0.250 0.153 0.083 0.000 0.625 0.000 0
 0.250 0.186 0.333 0.025 0.700 0.022 0
 0.250 0.186 0.083 -0.051 0.650 0.044 0
 0.250 0.186 0.083 -0.051 0.600 0.067 0
 0.250 0.229 0.333 0.025 0.700 0.022 0
 0.250 0.263 0.083 0.051 0.625 0.000 0
 0.250 0.305 0.333 0.101 0.625 -0.089 0
 0.292 0.153 0.083 0.051 0.550 -0.044 0
 0.292 0.220 0.250 0.076 0.650 -0.044 0
 0.292 0.220 0.083 0.076 0.375 -0.089 0
 0.292 0.229 0.333 0.126 0.425 -0.067 0
 0.292 0.229 0.083 0.101 0.450 -0.133 0
 0.292 0.153 0.333 0.101 0.425 -0.089 0
 0.292 0.246 0.250 0.126 0.525 -0.089 0
 0.292 0.246 0.083 0.101 0.475 -0.133 0
 0.292 0.220 0.083 0.076 0.200 -0.111 0
 0.292 0.153 0.083 0.051 0.400 -0.044 0
 0.292 0.220 0.250 0.076 0.375 -0.067 0
 0.333 0.186 0.083 0.101 0.375 -0.133 0
 0.333 0.153 0.083 0.101 0.275 -0.111 0
 0.333 0.127 0.083 0.076 0.225 -0.133 0
 0.333 0.153 0.333 0.101 0.225 -0.089 0
 0.333 0.153 0.083 0.126 0.225 -0.133 0
 0.333 0.237 0.083 0.126 0.275 -0.178 0
 0.333 0.237 0.083 0.126 0.225 -0.156 0
 0.333 0.237 0.250 0.126 0.075 -0.178 0
 0.333 0.195 0.250 0.152 0.175 -0.200 0
 0.333 0.153 0.333 0.177 0.075 -0.222 0
 0.333 0.153 0.083 0.126 0.125 -0.200 0
 0.375 0.220 0.083 0.152 -0.075 -0.200 0
 0.375 0.153 0.083 0.152 0.000 -0.200 0
 0.375 0.153 0.083 0.126 0.000 -0.200 0
 0.375 0.186 0.083 0.101 -0.075 -0.200 0
 0.375 0.186 0.083 0.101 0.000 -0.178 0
 0.375 0.186 0.333 0.076 -0.150 -0.156 0
 0.375 0.271 0.083 0.101 -0.025 -0.156 0
 0.375 0.271 0.083 0.076 -0.025 -0.156 0
 0.375 0.305 0.083 0.076 -0.050 -0.156 0
 0.375 0.339 0.083 0.101 -0.125 -0.156 0
 0.375 0.339 0.250 0.101 -0.125 -0.178 0
 0.417 0.220 0.333 0.101 -0.100 -0.200 0
 0.417 0.186 0.083 0.126 -0.075 -0.222 0
 0.417 0.186 0.083 0.126 -0.125 -0.200 0
 0.417 0.186 0.333 0.101 -0.200 -0.200 0
 0.417 0.186 0.333 0.101 -0.300 -0.178 0
 0.417 0.186 0.250 0.076 -0.225 -0.178 0
 0.417 0.161 0.250 0.076 -0.300 -0.156 0
 0.417 0.102 0.083 0.076 -0.300 -0.156 0
 0.417 0.153 0.250 0.076 -0.275 -0.156 0
 0.417 0.153 0.250 0.051 -0.300 -0.133 0
 0.458 0.178 0.250 0.051 -0.300 -0.111 0
 0.458 0.178 0.250 0.025 -0.250 -0.089 0
 0.458 0.110 0.250 0.025 -0.375 -0.089 0
 0.458 0.110 0.500 0.025 -0.300 -0.067 0
 0.458 0.085 0.333 0.025 -0.325 -0.089 0
 0.458 0.076 0.250 0.025 -0.375 -0.067 0
 0.458 0.076 0.333 0.025 -0.425 -0.067 0
 0.458 0.076 0.250 0.000 -0.375 -0.044 0
 0.458 0.102 0.500 0.000 -0.400 -0.067 0
 0.458 0.102 0.583 0.000 -0.400 -0.067 0
 0.458 0.034 0.083 0.025 -0.375 -0.044 0
 0.500 0.076 0.833 0.025 -0.425 -0.044 0
 0.500 0.068 0.250 0.025 -0.475 -0.067 0
 0.500 0.068 0.500 0.025 -0.475 -0.067 0
 0.500 0.076 0.083 0.025 -0.450 -0.067 0
 0.500 0.076 0.250 0.025 -0.475 -0.067 0
 0.500 0.076 0.250 0.025 -0.475 -0.067 0
 0.500 0.076 0.750 0.025 -0.400 -0.067 0
 0.500 0.042 0.500 0.025 -0.375 -0.022 0
 0.500 0.042 0.583 0.025 -0.350 -0.022 0
 0.500 0.034 0.500 0.000 -0.300 -0.022 0
 0.500 0.034 0.250 0.000 -0.275 -0.022 0
 0.542 0.076 0.500 0.000 -0.400 -0.022 0
 0.542 0.076 0.583 0.000 -0.375 -0.022 0
 0.542 0.034 0.583 0.000 -0.375 0.000 0
 0.542 0.034 0.583 0.000 -0.425 0.000 0
 0.542 0.034 0.583 0.000 -0.275 0.000 0
 0.542 0.110 0.333 0.000 -0.325 0.000 0
 0.542 0.110 0.333 0.000 -0.300 -0.022 0
 0.542 0.076 0.250 0.000 -0.250 -0.022 0
 0.542 0.076 0.583 0.000 -0.250 -0.022 0
 0.542 0.076 0.583 0.000 -0.250 -0.044 0
 0.542 0.076 0.583 0.025 -0.275 -0.044 0
 0.583 0.102 0.583 0.025 -0.200 -0.022 0
 0.583 0.076 0.083 0.025 -0.225 -0.022 0
 0.583 0.076 0.083 0.025 -0.250 -0.022 0
 0.583 0.076 0.500 0.025 -0.200 -0.022 0
 0.583 0.076 0.083 0.025 -0.225 -0.022 0
 0.583 0.144 0.333 0.025 -0.225 -0.022 0
 0.583 0.144 0.083 0.025 -0.225 -0.022 0
 0.583 0.110 0.083 0.025 -0.250 -0.044 0
 0.583 0.110 0.500 0.025 -0.250 -0.022 0
 0.583 0.153 0.083 0.000 -0.250 -0.022 0
 0.583 0.153 0.083 0.000 -0.200 -0.022 0
 0.625 0.110 0.083 0.000 -0.050 -0.022 0
 0.625 0.110 0.250 0.000 -0.075 -0.022 0
 0.625 0.110 0.333 0.000 -0.100 -0.022 0
 0.625 0.076 0.250 0.000 -0.125 -0.022 0
 0.625 0.102 0.083 0.000 -0.075 -0.022 0
 0.625 0.110 0.250 0.000 -0.075 -0.022 0
 0.625 0.110 0.083 0.000 -0.100 0.000 0
 0.625 0.076 0.083 0.000 -0.050 -0.022 0
 0.625 0.076 0.500 0.000 -0.075 -0.022 0
 0.625 0.110 0.333 0.000 0.000 -0.022 0
 0.625 0.110 0.250 0.025 0.000 -0.022 0
 0.667 0.034 0.333 0.025 -0.025 -0.044 0
 0.667 0.042 0.250 0.025 0.025 -0.044 0
 0.667 0.042 0.250 0.025 0.050 -0.044 0
 0.667 0.076 0.250 0.025 0.125 -0.067 0
 0.667 0.076 0.250 0.025 0.075 -0.067 0
 0.667 0.068 0.500 0.025 0.025 -0.089 0
 0.667 0.034 0.750 0.025 0.075 -0.044 0
 0.667 0.051 0.083 0.025 0.075 -0.067 0
 0.667 0.085 0.083 0.025 0.125 -0.044 0
 0.667 0.119 0.250 0.000 0.100 -0.044 0
 0.667 0.153 0.250 0.000 0.100 0.000 0
 0.708 0.229 0.333 0.000 0.150 -0.022 0
 0.708 0.229 0.250 0.025 0.200 -0.022 0
 0.708 0.220 0.333 0.025 0.175 -0.022 0
 0.708 0.178 0.333 0.025 0.200 -0.022 0
 0.708 0.169 0.333 0.025 0.225 -0.022 0
 0.708 0.136 0.333 0.025 0.200 -0.044 0
 0.708 0.127 0.333 0.025 0.175 -0.022 0
 0.708 0.110 0.250 0.025 0.200 -0.044 0
 0.708 0.068 0.250 0.025 0.150 -0.044 0
 0.708 0.068 0.083 0.025 0.200 -0.067 0
 0.750 0.093 0.083 0.051 0.300 -0.022 0
 0.750 0.110 0.083 0.025 0.275 -0.044 0
 0.750 0.110 0.083 0.025 0.225 -0.022 0
 0.750 0.076 0.083 0.025 0.225 -0.022 0
 0.750 0.076 0.083 0.025 0.250 0.000 0
 0.750 0.051 0.333 0.025 0.300 0.000 0
 0.750 0.076 0.083 0.025 0.250 0.000 0
 0.750 0.076 0.083 0.025 0.325 0.000 0
 0.750 0.076 0.083 0.025 0.275 -0.022 0
 0.750 0.076 0.083 0.025 0.325 -0.022 0
 0.750 0.076 0.000 0.025 0.325 -0.022 0
 0.792 0.102 0.083 0.000 0.250 -0.022 0
 0.792 0.102 0.083 0.000 0.250 -0.022 0
 0.792 0.085 0.083 0.000 0.225 -0.022 0
 0.792 0.102 0.083 0.000 0.150 -0.022 0
 0.792 0.102 0.083 0.000 0.150 -0.022 0
 0.792 0.102 0.083 0.000 0.175 -0.022 0
 0.792 0.102 0.083 0.000 0.225 -0.022 0
 0.792 0.102 0.083 0.000 0.175 -0.022 0
 0.792 0.102 0.083 0.000 0.225 -0.022 0
 0.792 0.076 0.083 0.000 0.175 -0.022 0
 0.792 0.102 0.083 0.000 0.125 0.000 0
 0.833 0.102 0.083 0.000 0.125 -0.044 0
 0.833 0.102 0.083 0.000 0.175 -0.044 0
 0.833 0.102 0.083 0.000 0.125 -0.044 0
 0.833 0.102 0.083 0.000 0.150 -0.067 0
 0.833 0.102 0.083 0.000 0.100 -0.067 0
 0.833 0.102 0.083 0.025 0.075 -0.067 0
 0.833 0.102 0.083 0.025 0.050 -0.067 0
 0.833 0.102 0.083 0.025 0.075 -0.067 0
 0.833 0.102 0.083 0.025 0.050 -0.067 0
 0.833 0.102 0.083 0.025 0.000 -0.089 0
 0.833 0.102 0.083 0.025 0.025 -0.067 0
 0.875 0.102 0.083 0.025 0.025 -0.089 0
 0.875 0.102 0.083 0.025 0.025 -0.089 0
 0.875 0.085 0.083 0.025 0.075 -0.067 0
 0.875 0.102 0.083 0.025 0.025 -0.067 0
 0.875 0.102 0.083 0.025 0.000 -0.067 0
 0.875 0.102 0.083 0.025 -0.050 -0.044 0
 0.875 0.102 0.083 0.000 -0.025 -0.044 0
 0.875 0.102 0.083 0.000 -0.075 -0.022 0
 0.875 0.102 0.083 0.000 -0.075 0.000 0
 0.875 0.102 0.083 0.000 -0.025 0.000 0
 0.875 0.102 0.083 0.000 -0.075 0.000 0
 0.917 0.127 0.083 0.000 -0.075 0.022 0
 0.917 0.127 0.083 0.000 -0.050 0.022 0
 0.917 0.102 0.083 0.000 -0.075 0.022 0
 0.917 0.076 0.083 0.000 -0.075 0.022 0
 0.917 0.076 0.083 0.000 -0.050 0.022 0
 0.917 0.076 0.083 0.025 -0.100 0.022 0
 0.917 0.076 0.083 0.025 -0.100 0.000 0
 0.917 0.076 0.083 0.025 -0.125 0.000 0
 0.917 0.085 0.083 0.025 -0.125 -0.022 0
 0.917 0.085 0.083 0.025 -0.200 -0.022 0
 0.917 0.085 0.083 0.025 -0.175 -0.022 0
 0.958 0.051 0.833 0.025 -0.275 -0.044 0
 0.958 0.051 0.833 0.025 -0.250 -0.044 0
 0.958 0.051 0.000 0.000 -0.300 -0.044 0
 0.958 0.025 0.000 -0.025 -0.250 -0.044 0
 0.958 0.051 0.833 -0.025 -0.325 -0.044 0
 0.958 0.051 0.583 -0.025 -0.375 -0.022 0
 0.958 0.051 0.750 -0.051 -0.425 0.000 0
 0.958 0.034 0.083 -0.051 -0.425 0.044 0
 0.958 0.076 0.083 -0.076 -0.425 0.067 0
 0.958 0.076 0.083 -0.076 -0.325 0.067 0
 0.000 0.051 0.083 -0.076 -0.450 0.111 0
 0.000 0.051 0.083 -0.101 -0.500 0.111 0
 0.000 0.085 0.083 -0.101 -0.525 0.133 0
 0.000 0.085 0.083 -0.101 -0.600 0.133 0
 0.000 0.076 0.083 -0.126 -0.550 0.178 0
 0.000 0.051 0.083 -0.126 -0.600 0.200 0
 0.000 0.051 0.083 -0.126 -0.675 0.200 0
 0.000 0.051 0.083 -0.177 -0.600 0.267 0
 0.000 0.051 0.083 -0.152 -0.575 0.267 0
 0.000 0.076 0.083 -0.177 -0.575 0.289 0
 0.000 0.102 0.083 -0.177 -0.675 0.311 0
 0.042 0.186 0.083 -0.227 -0.575 0.422 0
 0.042 0.076 0.083 -0.253 -0.600 0.444 0
 0.042 0.076 0.083 -0.253 -0.475 0.511 0
 0.042 0.110 0.083 -0.227 -0.500 0.467 0
 0.042 0.110 0.333 -0.253 -0.450 0.467 0
 0.042 0.110 0.250 -0.227 -0.300 0.444 0
 0.042 0.076 0.083 -0.202 -0.450 0.378 0
 0.042 0.076 0.083 -0.227 -0.425 0.400 0
 0.042 0.144 0.083 -0.253 -0.425 0.444 0
 0.042 0.144 0.083 -0.278 -0.500 0.467 0
 0.042 0.110 0.083 -0.253 -0.450 0.422 0
 0.083 0.110 0.083 -0.253 -0.275 0.378 0
 0.083 0.119 0.083 -0.253 -0.250 0.333 0
 0.083 0.119 0.083 -0.253 -0.100 0.333 0
 0.083 0.153 0.083 -0.227 -0.075 0.289 0
 0.083 0.153 0.083 -0.253 -0.150 0.311 0
 0.083 0.110 0.083 -0.253 -0.100 0.333 0
 0.083 0.110 0.083 -0.253 -0.125 0.311 0
 0.083 0.110 0.083 -0.202 -0.150 0.244 0
 0.083 0.102 0.083 -0.202 -0.100 0.222 0
 0.083 0.102 0.083 -0.253 -0.050 0.244 0
 0.083 0.025 0.083 -0.278 -0.100 0.267 0
 0.125 0.110 0.083 -0.253 0.150 0.289 0
 0.125 0.110 0.083 -0.227 0.000 0.244 0
 0.125 0.153 0.083 -0.227 0.075 0.267 0
 0.125 0.186 0.083 -0.177 0.200 0.222 0
 0.125 0.186 0.083 -0.126 0.075 0.178 0
 0.125 0.186 0.083 -0.126 0.275 0.178 0
 0.125 0.195 0.083 -0.101 0.350 0.156 0
 0.125 0.195 0.083 -0.051 0.325 0.133 0
 0.125 0.153 0.083 -0.025 0.250 0.089 0
 0.125 0.263 0.083 0.025 0.250 0.089 0
 0.125 0.263 0.083 0.101 0.250 -0.022 0
 0.167 0.220 0.083 0.051 0.325 0.000 0
 0.167 0.220 0.083 0.051 0.250 -0.044 0
 0.167 0.229 0.083 0.000 0.225 0.000 0
 0.167 0.229 0.250 -0.076 0.325 0.022 0
 0.167 0.153 0.083 -0.076 0.300 0.044 0
 0.167 0.186 0.083 -0.101 0.450 0.089 0
 0.167 0.203 0.083 -0.126 0.500 0.089 0
 0.167 0.229 0.083 -0.051 0.525 0.044 0
 0.167 0.229 0.083 -0.025 0.450 0.000 0
 0.167 0.178 0.250 -0.101 0.525 0.067 0
 0.167 0.161 0.083 -0.101 0.450 0.089 0
 0.208 0.127 0.333 -0.101 0.425 0.111 0
 0.208 0.153 0.250 -0.076 0.600 0.089 0
 0.208 0.153 0.083 -0.025 0.425 0.044 0
 0.208 0.127 0.500 -0.051 0.350 0.022 0
 0.208 0.110 0.083 -0.025 0.600 0.022 0
 0.208 0.110 0.083 0.000 0.500 0.000 0
 0.208 0.186 0.083 -0.025 0.475 0.022 0
 0.208 0.186 0.083 -0.025 0.525 0.022 0
 0.208 0.186 0.083 0.000 0.600 0.022 0
 0.208 0.212 0.250 0.076 0.725 -0.044 0
 0.208 0.212 0.083 0.101 0.675 -0.067 0
 0.250 0.186 0.083 0.051 0.525 -0.022 0
 0.250 0.186 0.083 0.000 0.450 0.022 0
 0.250 0.186 0.250 0.051 0.625 0.022 0
 0.250 0.186 0.250 0.051 0.625 -0.044 0
 0.250 0.153 0.083 0.025 0.500 -0.022 0
 0.250 0.144 0.083 -0.025 0.425 0.022 0
 0.250 0.186 0.083 0.000 0.575 0.022 0
 0.250 0.186 0.083 0.076 0.800 -0.022 0
 0.250 0.161 0.083 0.051 0.575 -0.044 0
 0.250 0.186 0.083 -0.076 0.575 0.067 0
 0.292 0.186 0.083 0.126 0.775 -0.089 0
 0.292 0.153 0.083 0.227 0.550 -0.156 0
 0.292 0.127 0.083 0.303 0.600 -0.244 0
 0.292 0.153 0.083 0.303 0.650 -0.222 0
 0.292 0.153 0.083 0.328 0.400 -0.244 0
 0.292 0.093 0.083 0.328 0.300 -0.244 0
 0.292 0.093 0.083 0.253 0.350 -0.222 0
 0.292 0.093 0.083 0.152 0.400 -0.133 0
 0.292 0.093 0.083 0.101 0.425 -0.022 0
 0.292 0.093 0.083 0.152 0.375 -0.089 0
 0.292 0.102 0.083 0.177 0.500 -0.111 0
 0.333 0.127 0.083 0.025 0.475 0.000 0
 0.333 0.127 0.083 -0.025 0.550 0.044 0
 0.333 0.127 0.083 -0.025 0.400 0.044 0
 0.333 0.127 0.083 -0.025 0.325 0.022 0
 0.333 0.093 0.083 0.025 0.325 0.000 0
 0.333 0.102 0.083 0.101 0.375 -0.022 0
 0.333 0.102 0.083 0.152 0.200 -0.111 0
 0.333 0.093 0.083 0.202 0.150 -0.200 0
 0.333 0.093 0.083 0.227 0.250 -0.200 0
 0.333 0.093 0.250 0.177 0.250 -0.156 0
 0.333 0.093 0.083 0.177 -0.025 -0.178 0
 0.375 0.102 0.083 0.152 -0.050 -0.244 0
 0.375 0.186 0.083 0.126 -0.025 -0.267 0
 0.375 0.186 0.083 0.126 0.050 -0.289 0
 0.375 0.186 0.083 0.101 0.025 -0.333 0
 0.375 0.144 0.083 0.101 0.125 -0.378 0
 0.375 0.144 0.083 0.126 0.075 -0.400 0
 0.375 0.153 0.083 0.101 0.025 -0.400 0
 0.375 0.212 0.083 0.101 -0.075 -0.400 0
 0.375 0.288 0.083 0.126 -0.100 -0.444 0
 0.375 0.288 0.083 0.152 -0.125 -0.444 0
 0.417 0.212 0.083 0.202 -0.175 -0.422 0
 0.417 0.212 0.083 0.202 -0.225 -0.400 0
 0.417 0.186 0.250 0.202 -0.300 -0.356 0
 0.417 0.203 0.083 0.202 -0.225 -0.311 0
 0.417 0.237 0.083 0.202 -0.275 -0.289 0
 0.417 0.237 0.333 0.177 -0.300 -0.267 0
 0.417 0.195 0.083 0.177 -0.300 -0.267 0
 0.417 0.195 0.083 0.177 -0.375 -0.244 0
 0.417 0.169 0.083 0.152 -0.325 -0.222 0
 0.417 0.153 0.083 0.126 -0.400 -0.200 0
 0.458 0.153 0.083 0.101 -0.350 -0.156 0
 0.458 0.153 0.083 0.101 -0.350 -0.133 0
 0.458 0.153 0.083 0.076 -0.375 -0.133 0
 0.458 0.169 0.083 0.076 -0.400 -0.133 0
 0.458 0.212 0.083 0.051 -0.350 -0.111 0
 0.458 0.212 0.083 0.076 -0.375 -0.089 0
 0.458 0.186 0.083 0.076 -0.400 -0.089 0
 0.458 0.102 0.083 0.051 -0.400 -0.089 0
 0.458 0.144 0.083 0.051 -0.400 -0.067 0
 0.458 0.144 0.250 0.051 -0.450 -0.089 0
 0.458 0.186 0.083 0.025 -0.475 -0.089 0
 0.500 0.212 0.083 0.051 -0.425 -0.067 0
 0.500 0.161 0.083 0.051 -0.400 -0.044 0
 0.500 0.161 0.083 0.051 -0.325 -0.044 0
 0.500 0.076 0.083 0.051 -0.300 -0.044 0
 0.500 0.059 0.500 0.025 -0.325 -0.067 0
 0.500 0.102 0.083 0.025 -0.275 -0.044 0
 0.500 0.102 0.083 0.025 -0.300 -0.044 0
 0.500 0.127 0.250 0.051 -0.300 -0.044 0
 0.500 0.127 0.083 0.051 -0.275 -0.022 0
 0.500 0.127 0.250 0.051 -0.250 -0.022 0
 0.500 0.127 0.500 0.025 -0.250 -0.044 0
 0.542 0.102 0.083 0.025 -0.250 -0.044 0
 0.542 0.076 0.083 0.025 -0.250 -0.044 0
 0.542 0.076 0.583 0.025 -0.275 -0.044 0
 0.542 0.102 0.333 0.025 -0.325 -0.044 0
 0.542 0.102 0.083 0.025 -0.300 -0.044 0
 0.542 0.102 0.083 0.051 -0.300 -0.044 0
 0.542 0.102 0.250 0.025 -0.225 -0.044 0
 0.542 0.102 0.250 0.025 -0.275 -0.044 0
 0.542 0.102 0.083 0.025 -0.250 -0.067 0
 0.542 0.102 0.083 0.025 -0.250 -0.044 0
 0.542 0.093 0.083 0.025 -0.275 -0.044 0
 0.583 0.085 0.083 0.025 -0.275 -0.044 0
 0.583 0.093 0.083 0.025 -0.275 -0.044 0
 0.583 0.144 0.083 0.025 -0.300 -0.022 0
 0.583 0.144 0.083 0.025 -0.275 -0.044 0
 0.583 0.102 0.333 0.000 -0.275 -0.044 0
 0.583 0.102 0.333 0.000 -0.250 -0.044 0
 0.583 0.085 0.333 0.000 -0.250 -0.044 0
 0.583 0.059 0.083 0.000 -0.225 -0.022 0
 0.583 0.051 0.500 0.025 -0.200 -0.022 0
 0.583 0.051 0.500 0.025 -0.200 -0.022 0
 0.583 0.051 0.583 0.025 -0.125 -0.022 0
