 0.458 0.042 0.750 -0.025 -0.125 -0.089 0
 0.458 0.042 0.583 -0.025 -0.125 -0.067 0
 0.458 0.068 0.583 -0.025 -0.150 -0.089 0
 0.458 0.076 0.083 -0.025 -0.150 -0.089 0
 0.458 0.076 0.250 -0.025 -0.200 -0.067 0
 0.458 0.059 0.500 -0.025 -0.200 -0.067 0
 0.500 0.051 0.750 -0.025 -0.225 0.000 0
 0.500 0.025 0.583 -0.025 -0.250 0.022 0
 0.500 0.017 0.750 -0.025 -0.250 0.044 0
 0.500 0.000 0.750 -0.025 -0.150 0.067 0
 0.500 0.000 0.750 0.000 -0.150 0.089 0
 0.500 0.000 0.750 0.000 -0.100 0.133 0
 0.500 0.017 0.583 0.000 -0.150 0.200 0
 0.500 0.017 0.750 0.000 -0.225 0.222 0
 0.500 0.000 0.750 0.000 -0.375 0.178 0
 0.500 0.000 0.583 0.000 -0.400 0.178 0
 0.500 0.017 0.750 0.000 -0.400 0.156 0
 0.542 0.042 0.583 0.000 -0.500 0.133 0
 0.542 0.034 0.583 0.000 -0.450 0.133 0
 0.542 0.025 0.750 0.000 -0.400 0.111 0
 0.542 0.025 0.583 0.000 -0.400 0.111 0
 0.542 0.000 0.583 0.000 -0.425 0.089 0
 0.542 0.017 0.750 0.000 -0.450 0.089 0
 0.542 0.017 0.750 0.000 -0.425 0.089 0
 0.542 0.025 0.583 0.000 -0.450 0.089 0
 0.542 0.025 0.583 0.000 -0.400 0.089 0
 0.542 0.025 0.583 0.000 -0.425 0.089 0
 0.542 0.051 0.583 0.000 -0.400 0.089 0
 0.583 0.059 0.250 0.000 -0.425 0.067 0
 0.583 0.076 0.333 0.000 -0.400 0.089 0
 0.583 0.076 0.333 0.000 -0.425 0.044 0
 0.583 0.068 0.500 -0.025 -0.475 0.067 0
 0.583 0.068 0.250 -0.025 -0.400 0.067 0
 0.583 0.068 0.583 -0.025 -0.350 0.044 0
 0.583 0.051 0.583 -0.025 -0.375 0.044 0
 0.583 0.059 0.583 -0.025 -0.300 0.044 0
 0.583 0.059 0.500 -0.025 -0.300 0.044 0
 0.583 0.051 0.583 -0.025 -0.300 0.022 0
 0.583 0.042 0.750 -0.025 -0.325 0.022 0
 0.625 0.034 0.833 -0.025 -0.250 0.022 0
 0.625 0.059 0.333 -0.025 -0.300 0.044 0
 0.625 0.068 0.333 0.000 -0.250 0.000 0
 0.625 0.085 0.333 -0.025 -0.250 -0.022 0
 0.625 0.085 0.083 -0.025 -0.250 -0.067 0
 0.625 0.059 0.083 -0.025 -0.225 -0.089 0
 0.625 0.051 0.250 -0.025 -0.125 -0.089 0
 0.625 0.051 0.500 -0.025 -0.175 -0.089 0
 0.625 0.025 0.333 -0.025 -0.150 -0.089 0
 0.625 0.025 0.500 -0.025 -0.100 -0.089 0
 0.667 0.025 0.750 -0.025 0.000 -0.089 0
 0.667 0.025 0.750 0.000 0.000 -0.089 0
 0.667 0.059 0.583 0.000 0.025 -0.044 0
 0.667 0.059 0.583 0.025 0.050 -0.022 0
 0.667 0.051 0.500 0.025 0.050 0.044 0
 0.667 0.051 0.583 0.025 0.025 0.067 0
 0.667 0.051 0.750 0.025 0.075 0.067 0
 0.667 0.025 0.500 0.025 0.075 0.067 0
 0.667 0.025 0.750 0.025 0.125 0.067 0
 0.667 0.025 0.500 0.025 0.100 0.067 0
 0.667 0.025 0.583 0.025 0.200 0.089 0
 0.708 0.051 0.583 0.025 0.150 0.067 0
 0.708 0.051 0.583 0.025 0.200 0.044 0
 0.708 0.051 0.583 0.025 0.250 0.044 0
 0.708 0.025 0.583 0.025 0.300 0.022 0
 0.708 0.025 0.750 0.025 0.275 0.022 0
 0.708 0.034 0.333 0.025 0.250 0.022 0
 0.708 0.034 0.333 0.025 0.175 0.022 0
 0.708 0.025 0.583 0.025 0.250 0.022 0
 0.708 0.025 0.750 0.025 0.250 0.022 0
 0.708 0.025 0.583 0.025 0.175 0.000 0
 0.708 0.051 0.333 0.000 0.150 0.000 0
 0.750 0.093 0.333 -0.025 0.125 0.000 0
 0.750 0.093 0.333 -0.025 0.075 0.000 0
 0.750 0.119 0.333 -0.025 0.150 -0.022 0
 0.750 0.119 0.500 -0.025 0.125 -0.044 0
 0.750 0.110 0.500 -0.025 0.150 -0.022 0
 0.750 0.102 0.500 -0.025 0.175 -0.022 0
 0.750 0.059 0.083 -0.025 0.125 0.000 0
 0.750 0.051 0.083 -0.025 0.150 0.000 0
 0.750 0.068 0.083 -0.025 0.200 0.000 0
 0.750 0.076 0.083 0.000 0.175 0.000 0
 0.792 0.051 0.833 0.000 0.150 0.022 0
 0.792 0.051 0.083 0.000 0.125 0.022 0
 0.792 0.051 0.083 0.000 0.075 0.044 0
 0.792 0.051 0.000 0.000 0.050 0.067 0
 0.792 0.025 0.083 0.000 0.100 0.044 0
 0.792 0.051 0.083 0.000 0.100 0.044 0
 0.792 0.085 0.083 0.000 0.125 0.022 0
 0.792 0.085 0.083 0.000 0.125 0.000 0
 0.792 0.085 0.083 0.000 0.125 0.000 0
 0.792 0.076 0.083 0.000 0.125 0.000 0
 0.792 0.025 0.833 0.000 0.125 0.000 0
 0.833 0.042 0.833 0.025 0.150 -0.022 0
 0.833 0.042 0.833 0.025 0.125 -0.022 0
 0.833 0.068 0.083 0.025 0.100 -0.022 0
 0.833 0.076 0.083 0.025 0.100 -0.022 0
 0.833 0.068 0.083 0.025 0.125 -0.022 0
 0.833 0.068 0.083 0.025 0.075 -0.022 0
 0.833 0.059 0.083 0.025 0.125 0.000 0
 0.833 0.059 0.083 0.025 0.125 0.000 0
 0.833 0.051 0.083 0.025 0.100 0.000 0
 0.833 0.051 0.083 0.025 0.100 0.022 0
 0.833 0.068 0.083 0.025 0.150 0.000 0
 0.875 0.085 0.083 0.000 0.100 0.000 0
 0.875 0.102 0.083 0.000 0.125 0.000 0
 0.875 0.102 0.083 0.000 0.125 0.022 0
 0.875 0.085 0.083 0.000 0.100 0.022 0
 0.875 0.085 0.083 0.000 0.100 0.000 0
 0.875 0.102 0.083 0.000 0.100 0.000 0
 0.875 0.110 0.083 0.000 0.050 0.000 0
 0.875 0.169 0.083 0.000 0.050 0.000 0
 0.875 0.186 0.083 0.000 0.050 -0.022 0
 0.875 0.186 0.083 0.000 0.050 0.022 0
 0.917 0.076 0.083 0.025 -0.075 0.022 0
 0.917 0.085 0.083 0.025 -0.025 0.022 0
 0.917 0.085 0.083 0.025 -0.050 0.000 0
 0.917 0.076 0.083 0.025 -0.075 -0.022 0
 0.917 0.051 0.083 0.025 -0.125 0.000 0
 0.917 0.042 0.083 0.025 -0.150 0.000 0
 0.917 0.068 0.083 0.025 -0.125 0.000 0
 0.917 0.068 0.083 0.025 -0.175 0.000 0
 0.917 0.068 0.083 0.025 -0.225 0.000 0
 0.917 0.076 0.083 0.025 -0.250 -0.022 0
 0.917 0.076 0.083 0.000 -0.250 0.000 0
 0.958 0.102 0.083 0.000 -0.225 0.000 0
 0.958 0.059 0.833 0.000 -0.300 0.000 0
 0.958 0.042 0.083 -0.025 -0.325 0.022 0
 0.958 0.042 0.083 -0.025 -0.300 0.022 0
 0.958 0.042 0.083 -0.025 -0.300 0.022 0
 0.958 0.051 0.083 -0.051 -0.350 0.000 0
 0.958 0.051 0.083 -0.051 -0.300 0.000 0
 0.958 0.051 0.083 -0.051 -0.325 0.000 0
 0.958 0.051 0.083 -0.076 -0.325 -0.022 0
 0.958 0.051 0.083 -0.076 -0.275 -0.044 0
 0.958 0.042 0.083 -0.101 -0.275 -0.067 0
 0.000 0.051 0.083 -0.126 -0.300 -0.089 0
 0.000 0.025 0.083 -0.152 -0.300 -0.111 0
 0.000 0.042 0.083 -0.177 -0.275 -0.267 0
 0.000 0.042 0.083 -0.202 -0.275 -0.333 0
 0.000 0.076 0.083 -0.202 -0.300 -0.378 0
 0.000 0.076 0.083 -0.227 -0.325 -0.467 0
 0.000 0.076 0.083 -0.227 -0.300 -0.511 0
 0.000 0.068 0.083 -0.202 -0.275 -0.489 0
 0.000 0.059 0.083 -0.227 -0.275 -0.511 0
 0.000 0.085 0.083 -0.227 -0.275 -0.511 0
 0.042 0.076 0.083 -0.253 -0.300 -0.467 0
 0.042 0.076 0.083 -0.227 -0.225 -0.400 0
 0.042 0.085 0.083 -0.202 -0.225 -0.178 0
 0.042 0.110 0.083 -0.177 -0.250 -0.111 0
 0.042 0.093 0.083 -0.177 -0.250 -0.022 0
 0.042 0.119 0.083 -0.177 -0.250 0.089 0
 0.042 0.119 0.083 -0.227 -0.275 0.178 0
 0.042 0.119 0.083 -0.253 -0.300 0.200 0
 0.042 0.136 0.083 -0.253 -0.250 0.289 0
 0.042 0.136 0.500 -0.227 -0.300 0.311 0
 0.042 0.102 0.083 -0.202 -0.250 0.289 0
 0.083 0.119 0.583 -0.152 -0.225 0.222 0
 0.083 0.119 0.083 -0.177 -0.250 0.200 0
 0.083 0.093 0.083 -0.227 -0.250 0.267 0
 0.083 0.119 0.083 -0.253 -0.200 0.289 0
 0.083 0.127 0.083 -0.202 -0.150 0.244 0
 0.083 0.127 0.500 -0.101 -0.150 0.178 0
 0.083 0.127 0.583 -0.025 -0.175 0.089 0
 0.083 0.093 0.083 -0.025 -0.125 0.044 0
 0.083 0.076 0.083 -0.025 -0.050 0.044 0
 0.083 0.076 0.500 -0.076 -0.125 0.111 0
 0.083 0.051 0.583 -0.126 -0.100 0.133 0
 0.125 0.068 0.083 -0.177 -0.075 0.200 0
 0.125 0.059 0.083 -0.126 -0.050 0.133 0
 0.125 0.059 0.083 -0.126 -0.025 0.111 0
 0.125 0.076 0.500 -0.253 0.000 0.222 0
 0.125 0.076 0.083 -0.404 0.000 0.311 0
 0.125 0.153 0.083 -0.530 0.025 0.467 0
 0.125 0.153 0.083 -0.505 0.100 0.467 0
 0.125 0.110 0.083 -0.505 0.050 0.467 0
 0.125 0.102 0.083 -0.480 0.075 0.422 0
 0.125 0.169 0.083 -0.480 0.125 0.444 0
 0.167 0.212 0.083 -0.278 0.175 0.289 0
 0.167 0.212 0.083 -0.328 0.200 0.333 0
 0.167 0.076 0.083 -0.303 0.250 0.333 0
 0.167 0.110 0.083 -0.202 0.200 0.244 0
 0.167 0.110 0.083 -0.101 0.225 0.156 0
 0.167 0.119 0.083 -0.025 0.225 0.089 0
 0.167 0.119 0.083 -0.025 0.225 0.067 0
 0.167 0.153 0.083 -0.051 0.275 0.067 0
 0.167 0.153 0.083 -0.051 0.200 0.022 0
 0.167 0.119 0.083 0.000 0.300 0.000 0
 0.208 0.119 0.083 -0.126 0.375 0.067 0
 0.208 0.178 0.250 0.051 0.350 -0.022 0
 0.208 0.178 0.083 0.076 0.375 -0.067 0
 0.208 0.280 0.083 0.152 0.425 -0.111 0
 0.208 0.280 0.333 0.177 0.400 -0.089 0
 0.208 0.186 0.333 0.177 0.425 -0.111 0
 0.208 0.186 0.083 0.177 0.425 -0.133 0
 0.208 0.229 0.083 0.278 0.475 -0.178 0
 0.208 0.229 0.083 0.303 0.500 -0.156 0
 0.208 0.110 0.083 0.278 0.500 -0.178 0
 0.250 0.127 0.083 0.126 0.525 -0.089 0
 0.250 0.169 0.083 0.000 0.500 -0.022 0
 0.250 0.186 0.250 0.076 0.525 -0.044 0
 0.250 0.186 0.250 0.051 0.525 -0.044 0
 0.250 0.153 0.083 -0.025 0.550 0.000 0
 0.250 0.153 0.083 -0.051 0.525 0.022 0
 0.250 0.153 0.083 -0.025 0.550 0.044 0
 0.250 0.186 0.083 -0.101 0.600 0.089 0
 0.250 0.186 0.083 -0.051 0.525 0.067 0
 0.250 0.186 0.083 0.025 0.575 0.000 0
 0.250 0.153 0.250 0.051 0.500 -0.022 0
 0.292 0.110 0.083 0.101 0.475 -0.044 0
 0.292 0.127 0.083 0.025 0.525 0.000 0
 0.292 0.127 0.083 -0.051 0.475 0.067 0
 0.292 0.110 0.083 0.000 0.475 0.022 0
 0.292 0.203 0.333 0.076 0.475 -0.022 0
 0.292 0.110 0.250 0.051 0.475 -0.022 0
 0.292 0.153 0.083 0.051 0.450 -0.022 0
 0.292 0.153 0.083 0.000 0.350 0.000 0
 0.292 0.195 0.083 0.177 0.400 -0.089 0
 0.292 0.195 0.083 0.227 0.375 -0.111 0
 0.333 0.076 0.083 0.126 0.375 -0.044 0
 0.333 0.119 0.083 0.126 0.400 -0.044 0
 0.333 0.136 0.083 0.202 0.350 -0.111 0
 0.333 0.288 0.083 0.253 0.275 -0.133 0
 0.333 0.542 0.083 0.328 0.250 -0.267 0
 0.333 0.542 0.250 0.455 0.275 -0.422 0
 0.333 0.381 0.083 0.530 0.150 -0.600 0
 0.333 0.314 0.083 0.631 0.075 -0.778 0
 0.333 0.305 0.083 0.455 0.050 -0.733 0
 0.375 0.110 0.083 0.581 0.075 -0.867 0
 0.375 0.076 0.500 0.631 0.100 -0.956 0
 0.375 0.076 0.083 0.631 0.025 -0.978 0
 0.375 0.025 0.083 0.581 0.000 -0.933 0
 0.375 0.025 0.750 0.530 -0.075 -0.911 0
 0.375 0.017 0.083 0.404 -0.125 -0.778 0
 0.375 0.017 0.083 0.278 -0.125 -0.578 0
 0.375 0.034 0.083 0.202 -0.175 -0.400 0
 0.375 0.068 0.083 0.101 -0.100 -0.267 0
 0.375 0.102 0.083 0.051 -0.100 -0.089 0
 0.375 0.102 0.083 0.051 -0.175 -0.044 0
 0.417 0.085 0.583 0.025 -0.225 0.000 0
 0.417 0.076 0.250 0.051 -0.225 0.000 0
 0.417 0.076 0.083 0.051 -0.275 -0.022 0
 0.417 0.051 0.083 0.051 -0.250 -0.022 0
 0.417 0.034 0.083 0.051 -0.225 0.000 0
 0.417 0.025 0.083 0.051 -0.250 -0.067 0
 0.417 0.059 0.083 0.051 -0.275 -0.067 0
 0.417 0.076 0.083 0.051 -0.175 -0.022 0
 0.417 0.076 0.083 0.051 -0.125 -0.089 0
 0.417 0.102 0.083 0.025 -0.175 -0.067 0
 0.417 0.102 0.083 0.025 -0.200 -0.111 0
 0.458 0.102 0.083 0.000 -0.225 -0.067 0
 0.458 0.102 0.083 0.000 -0.250 -0.044 0
 0.458 0.102 0.083 0.000 -0.250 -0.044 0
 0.458 0.102 0.083 0.000 -0.175 -0.044 0
 0.458 0.119 0.583 0.000 -0.175 -0.022 0
 0.458 0.119 0.083 0.000 -0.225 0.000 0
 0.458 0.110 0.583 0.000 -0.175 0.000 0
 0.458 0.110 0.083 0.000 -0.250 0.000 0
 0.458 0.119 0.083 0.000 -0.250 0.000 0
 0.458 0.119 0.083 0.000 -0.250 0.022 0
 0.458 0.110 0.083 0.000 -0.275 0.022 0
 0.500 0.102 0.083 0.025 -0.250 0.022 0
 0.500 0.161 0.333 0.025 -0.275 0.044 0
 0.500 0.161 0.333 0.025 -0.325 0.044 0
 0.500 0.127 0.083 0.025 -0.350 0.044 0
 0.500 0.161 0.083 0.025 -0.300 0.022 0
 0.500 0.161 0.083 0.025 -0.325 0.022 0
 0.500 0.076 0.250 0.025 -0.400 0.000 0
 0.500 0.076 0.083 0.025 -0.450 0.000 0
 0.500 0.076 0.333 0.025 -0.375 0.000 0
 0.500 0.102 0.083 0.025 -0.400 -0.022 0
 0.542 0.076 0.750 0.000 -0.450 -0.022 0
 0.542 0.042 0.500 0.000 -0.475 -0.044 0
 0.542 0.068 0.083 0.000 -0.525 -0.067 0
 0.542 0.068 0.750 0.000 -0.525 -0.067 0
 0.542 0.068 0.083 0.000 -0.500 -0.067 0
 0.542 0.093 0.083 0.000 -0.450 -0.067 0
 0.542 0.093 0.083 0.000 -0.450 -0.044 0
 0.542 0.085 0.083 0.000 -0.475 -0.044 0
 0.542 0.085 0.083 0.000 -0.425 -0.044 0
 0.542 0.085 0.083 0.000 -0.375 -0.022 0
 0.583 0.085 0.083 0.000 -0.400 -0.022 0
 0.583 0.085 0.083 0.000 -0.425 -0.022 0
 0.583 0.085 0.083 0.000 -0.450 0.000 0
 0.583 0.051 0.583 0.000 -0.400 0.000 0
 0.583 0.051 0.083 0.000 -0.375 0.000 0
 0.583 0.051 0.250 0.000 -0.375 0.000 0
 0.583 0.051 0.083 0.000 -0.350 0.000 0
 0.583 0.025 0.250 0.025 -0.275 0.000 0
 0.583 0.025 0.583 0.025 -0.250 0.000 0
 0.583 0.025 0.583 0.000 -0.275 0.000 0
 0.625 0.051 0.333 0.000 -0.200 0.022 0
 0.625 0.051 0.333 0.000 -0.150 0.022 0
 0.625 0.051 0.500 0.000 -0.075 0.022 0
 0.625 0.051 0.583 0.000 -0.100 0.022 0
 0.625 0.051 0.583 0.000 -0.050 0.022 0
 0.625 0.051 0.083 0.025 -0.100 0.000 0
 0.625 0.051 0.583 0.025 -0.100 0.000 0
 0.625 0.025 0.583 0.000 -0.100 0.000 0
 0.625 0.025 0.833 0.000 -0.100 0.000 0
 0.625 0.000 0.833 0.025 -0.125 0.000 0
 0.625 0.025 0.833 0.025 -0.125 -0.022 0
 0.667 0.051 0.583 0.025 -0.050 -0.044 0
 0.667 0.051 0.500 0.025 0.000 -0.044 0
 0.667 0.051 0.250 0.025 0.050 -0.044 0
 0.667 0.085 0.083 0.025 0.075 -0.044 0
 0.667 0.085 0.083 0.000 0.100 -0.022 0
 0.667 0.051 0.583 0.000 0.075 -0.022 0
 0.667 0.051 0.583 0.000 0.100 -0.022 0
 0.667 0.051 0.500 0.000 0.075 -0.022 0
 0.667 0.025 0.583 0.025 0.100 -0.044 0
 0.667 0.051 0.583 0.025 0.125 -0.022 0
 0.708 0.025 0.833 0.000 0.100 -0.022 0
 0.708 0.025 0.833 0.000 0.075 -0.022 0
 0.708 0.025 0.500 0.000 0.050 0.000 0
 0.708 0.025 0.583 0.000 0.125 0.000 0
 0.708 0.025 0.250 0.000 0.100 0.000 0
 0.708 0.008 0.750 0.000 0.125 0.000 0
 0.708 0.000 0.750 0.000 0.200 0.000 0
 0.708 0.000 0.833 0.000 0.200 0.000 0
 0.708 0.000 0.833 -0.025 0.250 0.044 0
 0.708 0.000 0.833 -0.025 0.250 0.044 0
 0.708 0.025 0.250 -0.025 0.275 0.044 0
 0.750 0.025 0.750 0.000 0.250 0.044 0
 0.750 0.000 0.750 0.000 0.200 0.022 0
 0.750 0.000 0.583 0.000 0.225 0.022 0
 0.750 0.000 0.500 0.000 0.225 0.022 0
 0.750 0.000 0.333 0.000 0.175 0.000 0
 0.750 0.025 0.333 0.000 0.225 -0.022 0
 0.750 0.025 0.583 0.000 0.200 -0.022 0
 0.750 0.034 0.083 0.000 0.250 -0.044 0
 0.750 0.051 0.083 0.000 0.250 -0.067 0
 0.750 0.051 0.250 0.000 0.300 -0.111 0
 0.750 0.059 0.500 0.000 0.325 -0.133 0
 0.792 0.059 0.333 0.000 0.400 -0.156 0
 0.792 0.059 0.083 0.025 0.400 -0.178 0
 0.792 0.051 0.250 0.025 0.425 -0.178 0
 0.792 0.034 0.083 0.025 0.475 -0.156 0
 0.792 0.042 0.083 0.025 0.450 -0.133 0
 0.792 0.042 0.083 0.025 0.375 -0.133 0
 0.792 0.042 0.083 0.025 0.375 -0.133 0
 0.792 0.034 0.083 0.025 0.375 -0.111 0
 0.792 0.051 0.083 0.025 0.400 -0.089 0
 0.792 0.051 0.083 0.025 0.300 -0.067 0
 0.792 0.025 0.083 0.025 0.275 -0.067 0
 0.833 0.042 0.083 0.000 0.275 -0.022 0
 0.833 0.025 0.083 0.000 0.275 -0.022 0
 0.833 0.025 0.083 0.000 0.225 -0.022 0
 0.833 0.051 0.083 0.000 0.275 -0.022 0
 0.833 0.051 0.583 0.000 0.200 -0.022 0
 0.833 0.034 0.250 0.000 0.175 -0.022 0
 0.833 0.042 0.083 0.000 0.175 -0.044 0
 0.833 0.051 0.083 0.000 0.125 -0.022 0
 0.833 0.051 0.500 0.000 0.075 -0.022 0
 0.833 0.059 0.500 0.000 0.100 -0.022 0
 0.833 0.076 0.583 0.000 0.025 -0.022 0
 0.875 0.051 0.583 0.000 0.000 -0.022 0
 0.875 0.051 0.083 0.000 -0.075 -0.022 0
 0.875 0.051 0.250 0.000 -0.175 -0.022 0
 0.875 0.068 0.083 0.000 -0.150 -0.022 0
 0.875 0.068 0.083 0.000 -0.175 -0.022 0
 0.875 0.051 0.250 0.000 -0.175 0.000 0
 0.875 0.085 0.083 0.000 -0.200 0.000 0
 0.875 0.085 0.083 0.025 -0.225 0.000 0
 0.875 0.051 0.083 0.025 -0.150 0.000 0
 0.875 0.042 0.083 0.025 -0.150 0.000 0
 0.917 0.051 0.083 0.025 -0.175 0.000 0
 0.917 0.034 0.083 0.025 -0.200 0.000 0
 0.917 0.051 0.083 0.025 -0.200 -0.022 0
 0.917 0.051 0.083 0.025 -0.250 -0.022 0
 0.917 0.076 0.083 0.051 -0.175 -0.022 0
 0.917 0.076 0.083 0.051 -0.175 -0.022 0
 0.917 0.076 0.083 0.051 -0.225 -0.022 0
 0.917 0.076 0.083 0.025 -0.225 -0.022 0
 0.917 0.076 0.083 0.025 -0.225 -0.022 0
 0.917 0.068 0.083 0.000 -0.275 -0.022 0
 0.917 0.051 0.500 0.000 -0.225 -0.022 0
 0.958 0.076 0.500 0.000 -0.225 0.000 0
 0.958 0.076 0.083 0.000 -0.250 0.044 0
 0.958 0.068 0.083 0.000 -0.200 0.044 0
 0.958 0.068 0.083 -0.051 -0.200 0.067 0
 0.958 0.051 0.250 -0.051 -0.200 0.089 0
 0.958 0.059 0.250 -0.051 -0.200 0.111 0
 0.958 0.076 0.083 -0.076 -0.225 0.133 0
 0.958 0.076 0.083 -0.076 -0.250 0.133 0
 0.958 0.085 0.083 -0.051 -0.300 0.133 0
 0.958 0.085 0.083 -0.051 -0.325 0.156 0
 0.000 0.085 0.083 -0.051 -0.300 0.133 0
 0.000 0.076 0.083 -0.051 -0.350 0.111 0
 0.000 0.076 0.083 -0.076 -0.325 0.111 0
 0.000 0.076 0.083 -0.051 -0.325 0.089 0
 0.000 0.051 0.083 -0.051 -0.375 0.089 0
 0.000 0.059 0.083 -0.051 -0.400 0.089 0
 0.000 0.059 0.083 -0.051 -0.400 0.067 0
 0.000 0.051 0.083 -0.076 -0.375 0.089 0
 0.000 0.051 0.083 -0.076 -0.425 0.133 0
 0.000 0.051 0.083 -0.101 -0.400 0.133 0
 0.000 0.076 0.083 -0.101 -0.400 0.178 0
 0.042 0.051 0.083 -0.126 -0.400 0.200 0
 0.042 0.051 0.083 -0.126 -0.375 0.222 0
 0.042 0.051 0.083 -0.202 -0.400 0.333 0
 0.042 0.076 0.083 -0.227 -0.400 0.378 0
 0.042 0.102 0.083 -0.303 -0.375 0.444 0
 0.042 0.102 0.083 -0.328 -0.425 0.533 0
 0.042 0.051 0.083 -0.328 -0.400 0.556 0
 0.042 0.051 0.083 -0.328 -0.375 0.533 0
 0.042 0.085 0.583 -0.278 -0.350 0.467 0
 0.042 0.068 0.750 -0.303 -0.325 0.444 0
 0.042 0.051 0.583 -0.303 -0.325 0.511 0
 0.083 0.051 0.083 -0.354 -0.250 0.556 0
 0.083 0.051 0.083 -0.328 -0.250 0.511 0
 0.083 0.051 0.083 -0.354 -0.250 0.511 0
 0.083 0.042 0.083 -0.328 -0.250 0.467 0
 0.083 0.042 0.083 -0.328 -0.200 0.444 0
 0.083 0.034 0.083 -0.354 -0.200 0.444 0
 0.083 0.034 0.083 -0.379 -0.175 0.422 0
 0.083 0.051 0.083 -0.379 -0.150 0.467 0
 0.083 0.051 0.083 -0.278 -0.150 0.378 0
 0.083 0.076 0.083 -0.202 -0.150 0.244 0
 0.125 0.059 0.083 -0.051 -0.125 0.089 0
 0.125 0.068 0.083 -0.051 -0.100 0.089 0
 0.125 0.068 0.250 -0.025 -0.075 0.022 0
 0.125 0.059 0.083 0.000 -0.050 0.000 0
 0.125 0.059 0.083 0.025 -0.050 -0.044 0
 0.125 0.110 0.083 0.076 0.000 -0.044 0
 0.125 0.127 0.083 0.126 0.025 -0.067 0
 0.125 0.127 0.083 0.152 0.050 -0.111 0
 0.125 0.127 0.333 0.101 0.075 -0.089 0
 0.125 0.127 0.583 0.051 0.100 -0.022 0
 0.167 0.229 0.500 0.025 0.175 0.000 0
 0.167 0.186 0.250 0.152 0.200 -0.156 0
 0.167 0.161 0.583 0.202 0.225 -0.178 0
 0.167 0.161 0.500 0.202 0.275 -0.178 0
 0.167 0.136 0.250 0.152 0.325 -0.111 0
 0.167 0.119 0.500 0.076 0.300 -0.067 0
 0.167 0.119 0.083 0.025 0.375 -0.022 0
 0.167 0.127 0.083 -0.051 0.400 0.044 0
 0.167 0.127 0.583 -0.126 0.400 0.133 0
 0.167 0.076 0.583 -0.202 0.425 0.178 0
 0.167 0.093 0.083 -0.278 0.425 0.244 0
 0.208 0.186 0.083 -0.379 0.475 0.400 0
 0.208 0.127 0.083 -0.354 0.500 0.400 0
 0.208 0.076 0.083 -0.303 0.500 0.333 0
 0.208 0.076 0.083 -0.202 0.500 0.222 0
 0.208 0.102 0.250 -0.101 0.550 0.133 0
 0.208 0.068 0.083 -0.101 0.575 0.111 0
 0.208 0.068 0.083 -0.051 0.600 0.089 0
 0.208 0.119 0.083 0.000 0.575 0.022 0
 0.208 0.119 0.250 0.126 0.625 -0.067 0
 0.208 0.102 0.500 0.227 0.575 -0.156 0
 0.250 0.110 0.583 0.177 0.550 -0.156 0
 0.250 0.136 0.333 0.152 0.575 -0.156 0
 0.250 0.136 0.083 0.101 0.600 -0.111 0
 0.250 0.186 0.500 0.101 0.575 -0.089 0
 0.250 0.186 0.083 0.126 0.550 -0.178 0
 0.250 0.178 0.083 0.152 0.575 -0.156 0
 0.250 0.153 0.083 0.101 0.550 -0.133 0
 0.250 0.110 0.083 0.051 0.550 -0.067 0
 0.250 0.127 0.083 -0.051 0.575 0.000 0
 0.250 0.153 0.500 -0.025 0.550 0.000 0
 0.250 0.153 0.500 0.076 0.575 -0.022 0
 0.292 0.076 0.083 0.051 0.500 -0.067 0
 0.292 0.161 0.500 0.076 0.500 -0.067 0
 0.292 0.161 0.583 0.126 0.525 -0.133 0
 0.292 0.186 0.583 0.126 0.525 -0.133 0
 0.292 0.186 0.583 0.177 0.500 -0.178 0
 0.292 0.153 0.083 0.227 0.475 -0.222 0
 0.292 0.110 0.500 0.253 0.450 -0.267 0
 0.292 0.110 0.750 0.253 0.475 -0.222 0
 0.292 0.076 0.083 0.177 0.400 -0.156 0
 0.292 0.076 0.250 0.051 0.425 -0.111 0
 0.333 0.153 0.583 0.025 0.300 0.000 0
 0.333 0.237 0.583 0.076 0.275 -0.044 0
 0.333 0.237 0.583 0.051 0.300 -0.044 0
 0.333 0.119 0.583 0.025 0.275 0.000 0
 0.333 0.076 0.583 0.000 0.300 -0.022 0
 0.333 0.076 0.750 0.000 0.325 0.000 0
 0.333 0.110 0.583 0.051 0.275 -0.022 0
 0.333 0.110 0.583 0.101 0.200 -0.089 0
 0.333 0.076 0.250 0.152 0.175 -0.178 0
 0.333 0.153 0.083 0.227 0.125 -0.244 0
 0.333 0.153 0.083 0.253 0.100 -0.333 0
 0.375 0.229 0.083 0.253 0.150 -0.378 0
 0.375 0.237 0.083 0.227 0.100 -0.356 0
 0.375 0.263 0.083 0.227 -0.025 -0.378 0
 0.375 0.263 0.083 0.227 0.000 -0.378 0
 0.375 0.203 0.083 0.227 -0.025 -0.400 0
 0.375 0.212 0.500 0.227 -0.050 -0.422 0
 0.375 0.212 0.083 0.227 -0.100 -0.444 0
 0.375 0.212 0.083 0.253 -0.100 -0.444 0
 0.375 0.102 0.083 0.227 -0.125 -0.422 0
 0.375 0.237 0.083 0.227 -0.175 -0.378 0
 0.417 0.229 0.583 0.177 -0.150 -0.356 0
 0.417 0.246 0.083 0.177 -0.150 -0.311 0
 0.417 0.246 0.083 0.152 -0.200 -0.222 0
 0.417 0.169 0.083 0.126 -0.175 -0.200 0
 0.417 0.169 0.083 0.101 -0.225 -0.178 0
 0.417 0.127 0.583 0.076 -0.250 -0.133 0
 0.417 0.110 0.583 0.076 -0.250 -0.089 0
 0.417 0.119 0.500 0.076 -0.250 -0.067 0
 0.417 0.161 0.583 0.076 -0.250 -0.022 0
 0.417 0.161 0.250 0.076 -0.175 -0.022 0
 0.417 0.144 0.083 0.051 -0.225 0.089 0
 0.458 0.102 0.583 0.000 -0.275 0.089 0
 0.458 0.076 0.500 0.000 -0.250 0.067 0
 0.458 0.110 0.333 0.000 -0.200 0.067 0
 0.458 0.110 0.583 0.000 -0.200 0.067 0
 0.458 0.076 0.083 0.000 -0.250 0.067 0
 0.458 0.076 0.083 0.000 -0.275 0.044 0
 0.458 0.093 0.583 -0.025 -0.300 0.044 0
 0.458 0.102 0.583 -0.025 -0.375 0.022 0
 0.458 0.102 0.583 -0.025 -0.375 0.000 0
 0.458 0.085 0.583 -0.025 -0.325 -0.044 0
 0.458 0.085 0.083 -0.025 -0.300 -0.044 0
 0.500 0.102 0.083 0.000 -0.375 -0.067 0
 0.500 0.102 0.083 0.000 -0.400 -0.044 0
 0.500 0.076 0.083 0.000 -0.400 -0.044 0
 0.500 0.076 0.083 0.000 -0.400 -0.067 0
 0.500 0.085 0.083 0.000 -0.450 -0.067 0
 0.500 0.085 0.083 0.000 -0.450 -0.067 0
 0.500 0.102 0.083 0.000 -0.425 -0.089 0
 0.500 0.102 0.083 0.000 -0.425 -0.067 0
 0.500 0.076 0.083 0.000 -0.525 -0.067 0
 0.500 0.076 0.083 0.000 -0.500 -0.067 0
 0.542 0.051 0.083 0.000 -0.475 -0.067 0
 0.542 0.051 0.083 0.000 -0.475 -0.067 0
 0.542 0.051 0.583 0.025 -0.425 -0.067 0
 0.542 0.085 0.083 0.025 -0.475 -0.044 0
 0.542 0.085 0.500 0.025 -0.425 -0.067 0
 0.542 0.085 0.083 0.025 -0.375 -0.044 0
 0.542 0.085 0.333 0.025 -0.375 -0.022 0
 0.542 0.076 0.083 0.025 -0.350 -0.022 0
 0.542 0.068 0.750 0.025 -0.325 -0.022 0
 0.542 0.051 0.083 0.025 -0.350 -0.022 0
 0.542 0.051 0.083 0.025 -0.400 -0.022 0
 0.583 0.059 0.083 0.025 -0.300 -0.022 0
 0.583 0.051 0.083 0.000 -0.300 -0.022 0
 0.583 0.051 0.083 0.000 -0.300 -0.022 0
 0.583 0.051 0.083 0.000 -0.275 0.000 0
 0.583 0.051 0.583 0.000 -0.250 -0.022 0
 0.583 0.051 0.083 0.000 -0.225 -0.022 0
 0.583 0.051 0.083 0.000 -0.225 -0.022 0
 0.583 0.051 0.500 0.000 -0.250 -0.022 0
 0.583 0.059 0.083 0.000 -0.175 -0.022 0
 0.583 0.068 0.583 0.000 -0.150 0.000 0
 0.625 0.059 0.083 0.000 -0.175 0.000 0
 0.625 0.042 0.583 0.000 -0.150 0.000 0
 0.625 0.025 0.833 0.000 -0.125 0.000 0
 0.625 0.042 0.500 0.000 -0.125 0.000 0
 0.625 0.042 0.583 0.000 -0.125 0.000 0
 0.625 0.025 0.583 0.000 -0.125 0.000 0
 0.625 0.034 0.500 0.000 -0.100 0.000 0
 0.625 0.034 0.583 0.000 -0.075 0.000 0
 0.625 0.051 0.583 0.000 -0.050 0.000 0
 0.625 0.059 0.583 0.000 -0.075 0.000 0
 0.625 0.059 0.083 0.000 0.000 0.000 0
 0.667 0.051 0.583 0.000 0.050 0.000 0
 0.667 0.042 0.583 0.000 0.075 0.000 0
 0.667 0.051 0.583 0.000 0.050 0.000 0
 0.667 0.051 0.583 0.025 0.050 0.000 0
 0.667 0.076 0.333 0.025 0.100 -0.022 0
 0.667 0.085 0.083 0.025 0.125 -0.022 0
 0.667 0.085 0.083 0.025 0.150 -0.022 0
 0.667 0.085 0.333 0.025 0.200 -0.022 0
 0.667 0.042 0.250 0.025 0.175 -0.044 0
 0.667 0.051 0.083 0.025 0.175 -0.044 0
 0.667 0.059 0.250 0.025 0.150 -0.044 0
 0.708 0.059 0.583 0.051 0.150 -0.067 0
 0.708 0.059 0.583 0.051 0.175 -0.067 0
 0.708 0.051 0.750 0.025 0.200 -0.067 0
 0.708 0.059 0.083 0.025 0.225 -0.067 0
 0.708 0.076 0.083 0.025 0.200 -0.067 0
 0.708 0.085 0.250 0.025 0.275 -0.067 0
 0.708 0.085 0.083 0.025 0.275 -0.067 0
 0.708 0.068 0.083 0.025 0.250 -0.067 0
 0.708 0.034 0.583 0.025 0.300 -0.067 0
 0.708 0.025 0.583 0.025 0.275 -0.044 0
 0.708 0.025 0.583 0.025 0.275 -0.044 0
 0.750 0.051 0.583 0.000 0.225 -0.044 0
 0.750 0.068 0.583 0.000 0.275 -0.044 0
 0.750 0.068 0.083 0.000 0.275 -0.022 0
 0.750 0.051 0.083 0.000 0.250 -0.022 0
 0.750 0.051 0.250 0.000 0.225 -0.022 0
 0.750 0.034 0.083 0.000 0.200 -0.022 0
 0.750 0.042 0.083 0.000 0.225 -0.022 0
 0.750 0.059 0.000 0.000 0.225 -0.022 0
 0.750 0.059 0.083 0.000 0.275 -0.044 0
 0.750 0.051 0.083 0.000 0.250 -0.022 0
 0.792 0.051 0.333 0.000 0.275 -0.022 0
 0.792 0.059 0.083 0.025 0.200 -0.044 0
 0.792 0.059 0.083 0.025 0.125 -0.044 0
 0.792 0.051 0.083 0.025 0.100 -0.044 0
 0.792 0.042 0.750 0.025 0.125 -0.044 0
 0.792 0.042 0.583 0.025 0.100 -0.044 0
 0.792 0.025 0.833 0.025 0.100 -0.022 0
 0.792 0.025 0.833 0.025 0.100 -0.022 0
 0.792 0.025 0.833 0.025 0.100 -0.022 0
 0.792 0.051 0.833 0.025 0.100 -0.022 0
 0.792 0.051 0.833 0.000 0.050 -0.022 0
 0.833 0.025 0.583 0.000 0.100 0.000 0
 0.833 0.000 0.500 0.000 0.100 0.000 0
 0.833 0.025 0.583 0.000 0.050 -0.022 0
 0.833 0.051 0.583 0.000 0.075 -0.022 0
 0.833 0.051 0.750 0.000 0.075 0.000 0
 0.833 0.051 0.583 0.000 0.075 0.000 0
 0.833 0.034 0.833 0.000 0.075 0.000 0
 0.833 0.025 0.833 0.000 0.075 0.000 0
 0.833 0.000 0.833 0.000 0.000 0.000 0
 0.833 0.000 0.833 0.000 0.075 0.000 0
 0.833 0.025 0.583 0.000 0.075 -0.022 0
 0.875 0.025 0.583 0.000 0.050 -0.044 0
 0.875 0.025 0.583 0.000 0.100 -0.022 0
 0.875 0.051 0.583 0.000 0.100 0.000 0
 0.875 0.059 0.750 -0.025 0.125 0.000 0
 0.875 0.059 0.750 -0.025 0.075 -0.022 0
 0.875 0.059 0.583 0.000 0.050 0.000 0
 0.875 0.059 0.750 0.000 0.050 -0.022 0
 0.875 0.076 0.583 0.000 0.025 -0.022 0
 0.875 0.076 0.333 0.000 0.025 -0.022 0
 0.875 0.068 0.500 0.000 0.075 0.000 0
 0.875 0.068 0.333 0.000 0.025 0.000 0
 0.917 0.085 0.083 0.000 -0.050 0.022 0
 0.917 0.085 0.083 0.025 0.050 -0.022 0
 0.917 0.076 0.083 0.051 0.025 -0.044 0
 0.917 0.076 0.083 0.051 -0.025 -0.044 0
 0.917 0.085 0.083 0.025 -0.025 -0.067 0
 0.917 0.093 0.083 0.025 0.000 -0.044 0
 0.917 0.076 0.500 0.025 -0.050 -0.067 0
 0.917 0.076 0.500 0.025 -0.050 -0.067 0
 0.917 0.068 0.500 0.025 -0.100 -0.067 0
 0.917 0.059 0.500 0.000 -0.125 -0.067 0
 0.958 0.068 0.583 0.000 -0.200 -0.044 0
 0.958 0.076 0.583 -0.025 -0.200 -0.022 0
 0.958 0.076 0.500 -0.051 -0.200 0.000 0
 0.958 0.051 0.583 -0.051 -0.275 0.022 0
 0.958 0.059 0.583 -0.051 -0.250 0.044 0
 0.958 0.059 0.583 -0.076 -0.250 0.067 0
 0.958 0.051 0.583 -0.076 -0.275 0.111 0
 0.958 0.025 0.583 -0.101 -0.300 0.111 0
 0.958 0.025 0.583 -0.101 -0.325 0.156 0
 0.958 0.042 0.000 -0.101 -0.350 0.156 0
 0.958 0.042 0.000 -0.101 -0.325 0.133 0