 0.250 0.076 0.250 0.152 0.475 -0.133 0
 0.250 0.076 0.250 0.152 0.475 -0.133 0
 0.250 0.076 0.250 0.202 0.475 -0.178 0
 0.250 0.076 0.250 0.126 0.475 -0.133 0
 0.250 0.076 0.250 0.101 0.475 -0.089 0
 0.250 0.076 0.250 0.025 0.475 0.022 0
 0.292 0.076 0.250 0.025 0.475 -0.022 0
 0.292 0.042 0.250 -0.177 0.700 0.178 0
 0.292 0.042 0.250 -0.177 0.675 0.200 0
 0.292 0.093 0.500 -0.152 0.675 0.178 0
 0.292 0.093 0.083 -0.126 0.675 0.133 0
 0.292 0.093 0.083 -0.177 0.625 0.200 0
 0.292 0.068 0.500 -0.177 0.650 0.178 0
 0.292 0.068 0.250 -0.177 0.600 0.222 0
 0.292 0.068 0.333 -0.177 0.625 0.222 0
 0.292 0.068 0.250 -0.152 0.600 0.178 0
 0.292 0.059 0.333 -0.126 0.575 0.133 0
 0.333 0.042 0.083 -0.025 0.525 0.044 0
 0.333 0.051 0.083 0.000 0.500 0.022 0
 0.333 0.059 0.500 0.051 0.500 0.000 0
 0.333 0.059 0.583 0.051 0.525 0.000 0
 0.333 0.034 0.250 0.051 0.525 -0.067 0
 0.333 0.051 0.083 0.000 0.500 0.000 0
 0.333 0.059 0.583 0.051 0.500 -0.067 0
 0.333 0.059 0.083 0.076 0.525 -0.089 0
 0.333 0.085 0.500 0.076 0.525 -0.111 0
 0.333 0.068 0.500 0.076 0.525 -0.089 0
 0.333 0.059 0.083 0.101 0.550 -0.111 0
 0.375 0.136 0.083 0.177 0.275 -0.222 0
 0.375 0.136 0.583 0.126 0.275 -0.222 0
 0.375 0.153 0.500 0.126 0.225 -0.222 0
 0.375 0.178 0.083 0.152 0.175 -0.200 0
 0.375 0.186 0.083 0.202 0.175 -0.244 0
 0.375 0.263 0.250 0.152 0.175 -0.222 0
 0.375 0.297 0.333 0.126 0.125 -0.200 0
 0.375 0.297 0.083 0.152 0.125 -0.156 0
 0.375 0.263 0.083 0.152 0.125 -0.200 0
 0.375 0.229 0.083 0.177 0.100 -0.222 0
 0.375 0.229 0.500 0.177 0.025 -0.289 0
 0.417 0.229 0.583 0.152 0.000 -0.244 0
 0.417 0.229 0.500 0.126 0.000 -0.200 0
 0.417 0.229 0.250 0.152 -0.050 -0.222 0
 0.417 0.186 0.583 0.152 -0.075 -0.222 0
 0.417 0.186 0.583 0.152 -0.100 -0.244 0
 0.417 0.212 0.583 0.177 -0.075 -0.244 0
 0.417 0.212 0.083 0.126 -0.125 -0.244 0
 0.417 0.186 0.583 0.101 -0.100 -0.178 0
 0.417 0.186 0.500 0.101 -0.125 -0.178 0
 0.417 0.161 0.583 0.076 -0.125 -0.133 0
 0.458 0.153 0.583 0.051 -0.150 -0.089 0
 0.458 0.153 0.583 0.051 -0.250 -0.111 0
 0.458 0.153 0.583 0.076 -0.250 -0.111 0
 0.458 0.153 0.500 0.076 -0.225 -0.111 0
 0.458 0.153 0.500 0.076 -0.250 -0.089 0
 0.458 0.153 0.083 0.051 -0.275 -0.089 0
 0.458 0.186 0.083 0.051 -0.250 -0.067 0
 0.458 0.186 0.583 0.051 -0.325 -0.089 0
 0.458 0.186 0.333 0.025 -0.350 -0.067 0
 0.458 0.153 0.500 0.025 -0.400 -0.044 0
 0.458 0.186 0.583 0.025 -0.350 -0.044 0
 0.500 0.186 0.083 0.051 -0.325 -0.022 0
 0.500 0.186 0.250 0.025 -0.375 0.000 0
 0.500 0.153 0.250 0.025 -0.325 0.000 0
 0.500 0.153 0.083 0.025 -0.325 0.000 0
 0.500 0.153 0.500 0.025 -0.275 0.022 0
 0.500 0.153 0.500 0.025 -0.275 0.022 0
 0.500 0.153 0.083 0.025 -0.275 0.067 0
 0.500 0.153 0.583 0.025 -0.325 0.067 0
 0.500 0.186 0.583 0.025 -0.350 0.089 0
 0.500 0.186 0.583 0.025 -0.425 0.089 0
 0.500 0.153 0.583 0.025 -0.350 0.111 0
 0.542 0.127 0.583 0.000 -0.375 0.111 0
 0.542 0.119 0.583 0.000 -0.400 0.111 0
 0.542 0.153 0.500 0.000 -0.400 0.111 0
 0.542 0.153 0.583 0.000 -0.400 0.089 0
 0.542 0.153 0.500 0.000 -0.425 0.089 0
 0.542 0.153 0.583 0.000 -0.400 0.067 0
 0.542 0.153 0.083 0.025 -0.400 0.067 0
 0.542 0.110 0.583 0.025 -0.400 0.067 0
 0.542 0.153 0.250 0.025 -0.375 0.067 0
 0.542 0.153 0.583 0.025 -0.400 0.044 0
 0.542 0.153 0.583 0.025 -0.375 0.044 0
 0.583 0.153 0.500 0.025 -0.350 0.000 0
 0.583 0.153 0.333 0.025 -0.425 0.022 0
 0.583 0.153 0.500 0.025 -0.400 0.022 0
 0.583 0.119 0.500 0.025 -0.400 0.022 0
 0.583 0.136 0.333 0.025 -0.425 0.022 0
 0.583 0.153 0.500 0.000 -0.400 0.022 0
 0.583 0.153 0.583 0.000 -0.425 0.000 0
 0.583 0.153 0.083 0.000 -0.375 0.000 0
 0.583 0.153 0.083 0.000 -0.275 0.000 0
 0.583 0.153 0.083 0.000 -0.275 0.044 0
 0.583 0.153 0.083 0.025 -0.250 0.067 0
 0.625 0.212 0.083 0.025 -0.200 0.200 0
 0.625 0.237 0.500 0.025 -0.200 0.244 0
 0.625 0.237 0.083 0.025 -0.225 0.267 0
 0.625 0.229 0.333 0.025 -0.200 0.289 0
 0.625 0.246 0.333 0.051 -0.175 0.222 0
 0.625 0.246 0.083 0.051 -0.200 0.222 0
 0.625 0.186 0.583 0.051 -0.150 0.244 0
 0.625 0.186 0.500 0.051 -0.125 0.244 0
 0.625 0.186 0.083 0.051 -0.100 0.200 0
 0.625 0.186 0.083 0.025 -0.075 0.133 0
 0.667 0.186 0.250 0.051 -0.100 -0.022 0
 0.667 0.195 0.083 0.051 0.000 -0.067 0
 0.667 0.195 0.500 0.051 -0.025 -0.089 0
 0.667 0.195 0.500 0.051 0.000 -0.133 0
 0.667 0.229 0.500 0.025 -0.025 -0.067 0
 0.667 0.229 0.083 0.025 0.000 -0.067 0
 0.667 0.229 0.083 0.025 0.050 -0.067 0
 0.667 0.220 0.500 0.025 0.075 -0.067 0
 0.667 0.220 0.083 0.025 0.025 -0.044 0
 0.667 0.186 0.083 0.025 0.025 0.000 0
 0.667 0.186 0.083 0.025 0.075 0.000 0
 0.708 0.186 0.083 0.025 0.125 0.044 0
 0.708 0.178 0.083 0.025 0.125 0.067 0
 0.708 0.195 0.083 0.025 0.175 0.111 0
 0.708 0.195 0.083 0.025 0.175 0.133 0
 0.708 0.153 0.250 0.025 0.150 0.133 0
 0.708 0.178 0.083 0.025 0.200 0.111 0
 0.708 0.178 0.500 0.025 0.200 0.133 0
 0.708 0.169 0.083 0.025 0.200 0.111 0
 0.708 0.169 0.333 0.025 0.200 0.111 0
 0.708 0.136 0.333 0.025 0.200 0.133 0
 0.708 0.136 0.583 0.000 0.200 0.111 0
 0.750 0.076 0.083 0.000 0.175 0.111 0
 0.750 0.076 0.583 0.000 0.225 0.089 0
 0.750 0.076 0.583 0.000 0.200 0.067 0
 0.750 0.144 0.083 0.000 0.250 0.067 0
 0.750 0.144 0.083 0.000 0.200 0.067 0
 0.750 0.110 0.083 0.000 0.225 0.067 0
 0.750 0.093 0.083 0.000 0.250 0.067 0
 0.750 0.102 0.083 0.000 0.250 0.067 0
 0.750 0.102 0.083 0.000 0.250 0.044 0
 0.750 0.110 0.500 0.000 0.250 0.044 0
 0.750 0.110 0.500 0.025 0.225 0.044 0
 0.792 0.102 0.500 0.025 0.225 0.044 0
 0.792 0.102 0.500 0.025 0.225 0.067 0
 0.792 0.102 0.083 0.025 0.225 0.067 0
 0.792 0.102 0.500 0.025 0.250 0.067 0
 0.792 0.136 0.500 0.025 0.250 0.067 0
 0.792 0.136 0.083 0.025 0.275 0.067 0
 0.792 0.102 0.083 0.025 0.275 0.067 0
 0.792 0.119 0.083 0.025 0.275 0.067 0
 0.792 0.119 0.500 0.025 0.250 0.089 0
 0.792 0.102 0.083 0.000 0.250 0.089 0
 0.792 0.119 0.250 0.000 0.275 0.067 0
 0.833 0.076 0.500 0.000 0.225 0.044 0
 0.833 0.034 0.583 0.000 0.225 0.067 0
 0.833 0.042 0.583 0.000 0.225 0.067 0
 0.833 0.042 0.583 0.000 0.225 0.044 0
 0.833 0.034 0.583 0.025 0.225 0.044 0
 0.833 0.059 0.583 0.025 0.175 0.044 0
 0.833 0.059 0.583 0.025 0.200 0.067 0
 0.833 0.059 0.583 0.025 0.200 0.044 0
 0.833 0.051 0.583 0.025 0.175 0.044 0
 0.833 0.034 0.583 0.025 0.150 0.044 0
 0.875 0.034 0.583 0.025 0.075 0.044 0
 0.875 0.034 0.750 0.025 0.075 0.022 0
 0.875 0.034 0.583 0.025 0.050 0.022 0
 0.875 0.034 0.583 0.025 0.000 0.022 0
 0.875 0.034 0.583 0.000 0.025 0.022 0
 0.875 0.034 0.583 0.000 -0.025 0.022 0
 0.875 0.042 0.583 0.000 -0.050 0.000 0
 0.875 0.042 0.583 0.000 -0.025 0.000 0
 0.875 0.034 0.583 0.000 -0.025 0.000 0
 0.875 0.034 0.583 0.000 -0.025 0.000 0
 0.875 0.025 0.583 0.000 -0.050 0.000 0
 0.917 0.034 0.500 0.000 -0.050 0.000 0
 0.917 0.034 0.583 0.000 -0.050 0.000 0
 0.917 0.017 0.583 0.000 -0.075 0.000 0
 0.917 0.017 0.750 0.000 -0.075 0.000 0
 0.917 0.000 0.750 0.000 -0.075 0.022 0
 0.917 0.000 0.750 0.025 -0.125 0.022 0
 0.917 0.017 0.750 0.025 -0.125 0.022 0
 0.917 0.034 0.083 0.025 -0.175 0.022 0
 0.917 0.051 0.083 0.025 -0.200 0.022 0
 0.917 0.051 0.083 0.025 -0.175 0.022 0
 0.917 0.034 0.083 0.025 -0.200 0.022 0
 0.958 0.051 0.083 0.000 -0.150 0.022 0
 0.958 0.051 0.083 0.000 -0.150 0.022 0
 0.958 0.051 0.083 0.000 -0.125 0.022 0
 0.958 0.051 0.083 0.000 -0.150 0.000 0
 0.958 0.051 0.083 -0.025 -0.175 0.000 0
 0.958 0.051 0.083 -0.025 -0.150 0.000 0
 0.958 0.051 0.083 -0.025 -0.225 0.000 0
 0.958 0.051 0.083 -0.025 -0.250 0.000 0
 0.958 0.085 0.083 -0.025 -0.275 0.000 0
 0.958 0.085 0.083 -0.051 -0.275 0.000 0
 0.958 0.119 0.083 -0.051 -0.250 0.022 0
 0.000 0.136 0.083 -0.076 -0.275 -0.022 0
 0.000 0.144 0.083 -0.126 -0.275 -0.111 0
 0.000 0.144 0.083 -0.126 -0.250 -0.178 0
 0.000 0.144 0.083 -0.177 -0.300 -0.244 0
 0.000 0.144 0.083 -0.202 -0.225 -0.333 0
 0.000 0.186 0.083 -0.227 -0.275 -0.467 0
 0.000 0.186 0.083 -0.227 -0.275 -0.511 0
 0.000 0.153 0.083 -0.253 -0.275 -0.511 0
 0.000 0.110 0.083 -0.278 -0.250 -0.578 0
 0.000 0.110 0.083 -0.303 -0.250 -0.600 0
 0.000 0.102 0.083 -0.303 -0.300 -0.578 0
 0.042 0.110 0.083 -0.278 -0.250 -0.400 0
 0.042 0.085 0.083 -0.328 -0.300 -0.267 0
 0.042 0.076 0.083 -0.278 -0.275 -0.178 0
 0.042 0.119 0.083 -0.227 -0.275 -0.111 0
 0.042 0.144 0.083 -0.177 -0.275 -0.022 0
 0.042 0.144 0.083 -0.152 -0.275 -0.022 0
 0.042 0.144 0.083 -0.076 -0.275 -0.067 0
 0.042 0.144 0.083 0.000 -0.275 -0.022 0
 0.042 0.110 0.083 0.025 -0.275 -0.022 0
 0.042 0.119 0.083 0.025 -0.275 -0.022 0
 0.042 0.119 0.083 0.076 -0.250 -0.089 0
 0.083 0.051 0.083 0.126 -0.225 -0.156 0
 0.083 0.059 0.083 0.076 -0.225 -0.111 0
 0.083 0.059 0.500 0.000 -0.200 -0.044 0
 0.083 0.051 0.333 -0.101 -0.250 0.133 0
 0.083 0.051 0.583 -0.152 -0.225 0.222 0
 0.083 0.051 0.083 -0.278 -0.200 0.333 0
 0.083 0.042 0.083 -0.379 -0.150 0.400 0
 0.083 0.034 0.083 -0.455 -0.175 0.511 0
 0.083 0.051 0.083 -0.480 -0.150 0.533 0
 0.083 0.051 0.083 -0.480 -0.125 0.533 0
 0.125 0.034 0.083 -0.530 -0.125 0.600 0
 0.125 0.034 0.333 -0.505 -0.075 0.556 0
 0.125 0.025 0.083 -0.480 -0.075 0.556 0
 0.125 0.025 0.083 -0.429 -0.050 0.467 0
 0.125 0.025 0.083 -0.429 -0.050 0.444 0
 0.125 0.025 0.083 -0.354 0.000 0.378 0
 0.125 0.034 0.250 -0.202 0.050 0.289 0
 0.125 0.034 0.083 -0.152 0.050 0.156 0
 0.125 0.025 0.083 -0.177 0.050 0.200 0
 0.125 0.034 0.083 -0.177 0.050 0.222 0
 0.125 0.034 0.083 -0.126 0.100 0.156 0
 0.167 0.025 0.083 -0.051 0.075 0.067 0
 0.167 0.008 0.083 -0.076 0.075 0.067 0
 0.167 0.025 0.083 -0.025 0.100 0.022 0
 0.167 0.034 0.333 0.101 0.125 -0.044 0
 0.167 0.034 0.083 0.152 0.150 -0.089 0
 0.167 0.025 0.083 0.076 0.200 -0.067 1
 0.167 0.025 0.083 0.101 0.175 -0.044 1
 0.167 0.025 0.250 0.202 0.200 -0.111 1
 0.167 0.034 0.083 0.202 0.250 -0.156 1
 0.167 0.034 0.083 0.227 0.275 -0.178 1
 0.167 0.025 0.333 0.177 0.250 -0.111 1
 0.208 0.034 0.500 0.328 0.325 -0.222 1
 0.208 0.025 0.083 0.354 0.350 -0.311 1
 0.208 0.042 0.083 0.328 0.325 -0.356 1
 0.208 0.042 0.083 0.379 0.375 -0.422 1
 0.208 0.042 0.083 0.455 0.400 -0.489 1
 0.208 0.034 0.083 0.505 0.400 -0.578 1
 0.208 0.051 0.083 0.505 0.450 -0.644 1
 0.208 0.051 0.250 0.530 0.450 -0.622 1
 0.208 0.051 0.083 0.505 0.525 -0.622 1
 0.208 0.025 0.250 0.505 0.500 -0.644 0
 0.208 0.051 0.333 0.480 0.550 -0.622 0
 0.250 0.059 0.333 0.354 0.600 -0.489 0
 0.250 0.042 0.083 0.278 0.575 -0.400 0
 0.250 0.059 0.250 0.177 0.625 -0.289 0
 0.250 0.059 0.500 0.076 0.625 -0.178 0
 0.250 0.059 0.250 0.000 0.625 -0.111 1
 0.250 0.059 0.250 -0.076 0.650 0.044 1
 0.250 0.051 0.333 -0.126 0.675 0.111 1
 0.250 0.102 0.083 -0.177 0.625 0.222 1
 0.250 0.110 0.333 -0.177 0.600 0.244 1
 0.250 0.110 0.333 -0.177 0.600 0.244 1
 0.250 0.093 0.250 -0.126 0.650 0.156 1
 0.292 0.076 0.083 0.025 0.550 0.000 1
 0.292 0.127 0.083 0.076 0.600 -0.022 1
 0.292 0.178 0.083 0.126 0.550 0.022 1
 0.292 0.178 0.083 0.152 0.575 0.000 1
 0.292 0.093 0.083 0.202 0.550 -0.089 1
 0.292 0.110 0.583 0.227 0.525 -0.156 1
 0.292 0.110 0.583 0.253 0.575 -0.244 1
 0.292 0.110 0.583 0.253 0.500 -0.267 1
 0.292 0.110 0.583 0.253 0.475 -0.289 1
 0.292 0.110 0.583 0.202 0.425 -0.200 1
 0.333 0.034 0.583 0.025 0.425 0.111 1
 0.333 0.153 0.583 -0.051 0.400 0.067 1
 0.333 0.153 0.083 -0.076 0.400 0.000 1
 0.333 0.076 0.250 -0.101 0.375 0.044 0
 0.333 0.076 0.083 -0.101 0.350 0.022 0
 0.333 0.076 0.583 -0.126 0.300 0.022 0
 0.333 0.076 0.083 -0.126 0.200 0.044 0
 0.333 0.102 0.583 -0.126 0.250 0.044 0
 0.333 0.102 0.083 -0.101 0.250 0.044 0
 0.333 0.076 0.083 -0.076 0.225 0.022 0
 0.333 0.220 0.083 -0.025 0.225 -0.111 0
 0.375 0.186 0.083 0.025 0.075 -0.067 0
 0.375 0.186 0.500 0.051 0.025 -0.067 0
 0.375 0.271 0.250 0.076 0.075 -0.067 0
 0.375 0.339 0.583 0.152 -0.025 0.111 0
 0.375 0.339 0.583 0.202 0.000 0.400 0
 0.375 0.254 0.083 0.253 -0.025 0.467 0
 0.375 0.119 0.083 0.278 -0.025 0.244 0
 0.375 0.127 0.250 0.227 0.000 0.267 0
 0.375 0.195 0.083 0.202 0.050 0.400 0
 0.375 0.195 0.500 0.177 0.050 0.400 0
 0.375 0.186 0.583 0.152 0.000 0.378 0
 0.417 0.136 0.083 0.101 -0.075 0.422 0
 0.417 0.169 0.083 0.101 -0.175 0.511 0
 0.417 0.169 0.083 0.025 -0.150 0.356 0
 0.417 0.136 0.083 0.000 -0.150 0.044 0
 0.417 0.186 0.500 -0.025 -0.175 -0.022 0
 0.417 0.186 0.583 -0.051 -0.175 0.244 0
 0.417 0.186 0.250 -0.025 -0.200 0.267 0
 0.417 0.186 0.500 -0.025 -0.225 0.111 0
 0.417 0.186 0.583 -0.025 -0.200 0.089 0
 0.417 0.186 0.583 0.000 -0.300 0.044 0
 0.417 0.186 0.583 0.000 -0.275 0.111 0
 0.458 0.237 0.500 0.025 -0.175 0.067 0
 0.458 0.246 0.500 0.051 -0.275 0.111 0
 0.458 0.246 0.083 0.051 -0.250 0.156 0
 0.458 0.246 0.083 0.051 -0.300 0.133 0
 0.458 0.153 0.083 0.076 -0.275 0.044 0
 0.458 0.144 0.083 0.076 -0.350 -0.022 0
 0.458 0.093 0.083 0.076 -0.300 0.000 0
 0.458 0.093 0.500 0.076 -0.350 0.000 0
 0.458 0.102 0.083 0.076 -0.325 0.111 0
 0.458 0.102 0.083 0.076 -0.300 0.089 0
 0.458 0.068 0.083 0.051 -0.225 0.111 0
 0.500 0.136 0.083 0.025 -0.200 -0.022 0
 0.500 0.127 0.083 0.025 -0.225 -0.022 0
 0.500 0.059 0.083 0.025 -0.225 -0.022 0
 0.500 0.110 0.083 0.000 -0.225 0.044 0
 0.500 0.127 0.333 0.000 -0.225 0.067 0
 0.500 0.127 0.583 0.000 -0.250 0.089 0
 0.500 0.110 0.583 0.000 -0.275 0.111 0
 0.500 0.110 0.583 0.000 -0.275 0.111 0
 0.500 0.102 0.583 0.000 -0.200 0.089 0
 0.500 0.102 0.583 0.000 -0.200 0.022 0
 0.542 0.076 0.583 0.000 -0.150 0.000 0
 0.542 0.034 0.750 0.000 -0.100 -0.044 0
 0.542 0.059 0.750 0.000 -0.100 -0.022 0
 0.542 0.068 0.750 0.000 -0.075 -0.067 0
 0.542 0.068 0.750 0.000 -0.150 -0.067 0
 0.542 0.034 0.333 0.000 -0.175 -0.044 0
 0.542 0.059 0.500 0.000 -0.275 0.000 0
 0.542 0.102 0.083 0.000 -0.275 0.000 0
 0.542 0.102 0.083 0.000 -0.325 0.022 0
 0.542 0.076 0.083 0.000 -0.325 0.022 0
 0.542 0.051 0.083 0.000 -0.350 0.000 0
 0.583 0.000 0.500 0.000 -0.400 -0.022 0
 0.583 0.076 0.083 -0.025 -0.425 0.044 0
 0.583 0.076 0.083 0.000 -0.475 0.089 0
 0.583 0.076 0.083 0.000 -0.450 0.111 0
 0.583 0.085 0.583 0.000 -0.400 0.089 0
 0.583 0.085 0.250 0.000 -0.425 0.044 0
 0.583 0.068 0.083 0.000 -0.400 0.022 0
 0.583 0.051 0.083 0.000 -0.400 0.022 0
 0.583 0.025 0.583 0.000 -0.425 0.067 0
 0.583 0.025 0.583 0.000 -0.400 0.067 0
 0.583 0.025 0.583 0.000 -0.375 0.067 0
 0.625 0.025 0.500 0.025 -0.375 0.022 0
 0.625 0.008 0.083 0.000 -0.300 0.000 0
 0.625 0.051 0.083 0.000 -0.275 0.000 0
 0.625 0.051 0.083 0.000 -0.225 0.000 0
 0.625 0.051 0.083 0.000 -0.150 0.000 0
 0.625 0.025 0.583 0.000 -0.100 0.000 0
 0.625 0.025 0.583 0.000 -0.125 0.022 0
 0.625 0.051 0.500 0.000 -0.125 0.022 0
 0.625 0.051 0.083 0.000 -0.175 0.022 0
 0.625 0.025 0.083 0.000 -0.100 0.022 0
 0.625 0.025 0.583 0.000 -0.150 0.022 0
 0.667 0.000 0.583 0.000 -0.075 0.022 0
 0.667 0.017 0.500 0.000 -0.025 0.022 0
 0.667 0.051 0.500 0.000 0.000 0.022 0
 0.667 0.076 0.333 0.000 -0.025 0.022 0
 0.667 0.076 0.083 -0.025 0.000 0.022 0
 0.667 0.042 0.083 0.000 0.000 0.000 0
 0.667 0.042 0.833 0.000 0.050 0.000 0
 0.667 0.025 0.833 0.000 0.075 0.000 0
 0.667 0.025 0.750 0.000 0.025 0.000 0
 0.667 0.025 0.750 0.000 0.000 0.000 0
 0.667 0.000 0.750 0.000 0.075 0.000 0
 0.708 0.025 0.083 0.000 0.025 0.000 0
 0.708 0.034 0.250 0.000 0.000 0.000 0
 0.708 0.059 0.083 0.000 0.000 0.000 0
 0.708 0.059 0.083 0.025 -0.025 0.000 0
 0.708 0.059 0.083 0.000 -0.025 0.000 0
 0.708 0.034 0.083 0.000 0.025 0.000 0
 0.708 0.042 0.083 0.000 0.075 0.000 0
 0.708 0.042 0.083 0.000 0.125 0.000 0
 0.708 0.025 0.083 0.000 0.150 0.000 0
 0.708 0.025 0.583 0.000 0.225 0.000 0
 0.708 0.000 0.833 0.000 0.250 0.000 0
 0.750 0.076 0.083 0.000 0.200 0.000 0
 0.750 0.085 0.083 -0.025 0.150 0.000 0
 0.750 0.085 0.083 -0.025 0.225 0.000 0
 0.750 0.051 0.083 -0.025 0.225 0.000 0
 0.750 0.051 0.083 -0.025 0.275 0.000 0
 0.750 0.051 0.083 -0.025 0.225 0.000 0
 0.750 0.076 0.083 -0.025 0.150 0.000 0
 0.750 0.076 0.083 -0.025 0.200 0.000 0
 0.750 0.076 0.250 -0.025 0.225 0.000 0
 0.750 0.076 0.333 -0.025 0.200 0.000 0
 0.792 0.076 0.083 -0.025 0.150 0.000 0
 0.792 0.076 0.083 0.000 0.175 0.000 0
 0.792 0.102 0.083 0.000 0.175 0.000 0
 0.792 0.102 0.083 0.000 0.175 0.000 0
 0.792 0.076 0.083 0.000 0.150 0.000 0
 0.792 0.051 0.083 0.000 0.175 0.000 0
 0.792 0.076 0.250 0.000 0.175 0.000 0
 0.792 0.102 0.250 0.000 0.175 0.000 0
 0.792 0.110 0.083 0.000 0.125 0.000 0
 0.792 0.110 0.333 0.000 0.150 0.000 0
 0.792 0.102 0.333 0.000 0.150 0.000 0
 0.833 0.051 0.500 0.000 0.200 0.000 0
 0.833 0.051 0.500 0.000 0.250 0.000 0
 0.833 0.051 0.083 0.025 0.200 0.000 0
 0.833 0.051 0.083 0.025 0.175 0.000 0
 0.833 0.051 0.250 0.025 0.150 0.000 0
 0.833 0.051 0.333 0.000 0.175 0.000 0
 0.833 0.059 0.333 0.000 0.200 0.000 0
 0.833 0.059 0.250 0.000 0.175 0.000 0
 0.833 0.076 0.500 0.000 0.100 0.000 0
 0.833 0.076 0.083 0.000 0.075 0.000 0
 0.833 0.051 0.083 0.000 0.125 0.000 0
 0.875 0.051 0.083 0.000 0.100 0.000 0
 0.875 0.102 0.250 -0.025 0.100 0.000 0
 0.875 0.102 0.333 -0.025 0.100 0.000 0
 0.875 0.102 0.083 -0.025 0.100 0.000 0
 0.875 0.051 0.083 0.000 0.075 0.000 0
 0.875 0.051 0.083 0.025 0.000 0.000 0
 0.875 0.068 0.083 0.025 -0.025 0.000 0
 0.875 0.076 0.083 0.025 -0.025 0.000 0
 0.875 0.076 0.250 0.025 -0.025 0.000 0
 0.875 0.076 0.083 0.025 -0.075 0.000 0
 0.875 0.059 0.083 0.025 -0.150 0.000 0
 0.917 0.051 0.083 0.025 -0.075 0.000 0
 0.917 0.051 0.083 0.025 -0.100 0.000 0
 0.917 0.102 0.333 0.025 -0.125 0.000 0
 0.917 0.102 0.083 0.025 -0.125 0.000 0
 0.917 0.102 0.333 0.000 -0.150 0.000 0
 0.917 0.102 0.083 0.000 -0.100 0.000 0
 0.917 0.025 0.250 0.000 -0.075 0.000 0
 0.917 0.025 0.083 0.000 -0.025 0.000 0
 0.917 0.025 0.583 0.000 -0.050 0.000 0
 0.917 0.000 0.583 0.000 -0.100 0.000 0
 0.917 0.000 0.750 0.000 -0.125 0.000 0
 0.958 0.000 0.583 -0.025 -0.150 0.000 0
 0.958 0.017 0.500 -0.025 -0.200 0.000 0
 0.958 0.017 0.583 -0.025 -0.200 0.000 0
 0.958 0.025 0.583 -0.051 -0.250 0.000 0
 0.958 0.025 0.083 -0.051 -0.200 0.022 0
 0.958 0.025 0.250 -0.076 -0.225 0.022 0
 0.958 0.025 0.083 -0.101 -0.225 0.044 0
 0.958 0.000 0.750 -0.126 -0.300 0.044 0
 0.958 0.000 0.583 -0.177 -0.250 0.022 0
 0.958 0.017 0.083 -0.227 -0.225 0.089 0
 0.000 0.042 0.333 -0.227 -0.250 -0.178 0
 0.000 0.042 0.250 -0.253 -0.275 -0.222 0
 0.000 0.051 0.083 -0.278 -0.200 -0.422 0
 0.000 0.051 0.083 -0.278 -0.225 -0.511 0
 0.000 0.059 0.083 -0.278 -0.225 -0.556 0
 0.000 0.059 0.083 -0.253 -0.250 -0.578 0
 0.000 0.034 0.750 -0.227 -0.300 -0.600 0
 0.000 0.034 0.083 -0.202 -0.325 -0.578 0
 0.000 0.068 0.083 -0.152 -0.300 -0.600 0
 0.000 0.068 0.083 -0.076 -0.275 -0.644 0
 0.000 0.051 0.333 -0.101 -0.275 -0.467 0
 0.042 0.059 0.083 -0.152 -0.300 -0.333 0
 0.042 0.093 0.083 -0.152 -0.225 -0.089 0
 0.042 0.102 0.083 -0.152 -0.250 0.067 0
 0.042 0.102 0.583 -0.101 -0.250 0.022 0
 0.042 0.102 0.333 -0.076 -0.250 -0.022 0
 0.042 0.102 0.500 -0.101 -0.225 0.067 0
 0.042 0.102 0.583 -0.076 -0.225 0.022 0
 0.042 0.093 0.583 -0.076 -0.225 0.022 0
 0.042 0.059 0.583 -0.177 -0.225 0.044 0
 0.042 0.059 0.083 -0.202 -0.225 0.200 0
 0.042 0.085 0.083 -0.177 -0.225 0.244 0
 0.083 0.110 0.250 -0.101 -0.225 0.200 0
 0.083 0.110 0.583 -0.076 -0.225 0.133 0
 0.083 0.110 0.083 -0.177 -0.225 0.222 0
 0.083 0.076 0.083 -0.253 -0.250 0.378 0
 0.083 0.110 0.500 -0.227 -0.200 0.311 0
 0.083 0.110 0.333 -0.253 -0.200 0.311 0
 0.083 0.153 0.250 -0.278 -0.175 0.378 0
 0.083 0.153 0.583 -0.202 -0.150 0.356 0
 0.083 0.153 0.583 -0.126 -0.150 0.222 0
 0.083 0.153 0.500 -0.076 -0.150 0.156 0
 0.083 0.144 0.583 0.000 -0.125 0.044 0
 0.125 0.076 0.500 0.076 -0.125 -0.067 0
 0.125 0.076 0.500 0.152 -0.075 -0.089 0
 0.125 0.076 0.083 0.202 -0.050 -0.222 0
 0.125 0.076 0.583 0.227 -0.025 -0.267 0
 0.125 0.076 0.333 0.253 -0.025 -0.289 0
 0.125 0.076 0.500 0.303 -0.050 -0.378 0
 0.125 0.042 0.083 0.328 -0.025 -0.422 0
 0.125 0.042 0.083 0.354 -0.025 -0.444 0
 0.125 0.076 0.083 0.303 0.050 -0.422 0
 0.125 0.076 0.083 0.227 0.050 -0.356 0
 0.125 0.076 0.500 0.202 0.125 -0.289 0
 0.167 0.076 0.083 0.000 0.150 -0.244 0
 0.167 0.076 0.083 -0.101 0.200 0.067 0
 0.167 0.076 0.250 -0.227 0.200 0.156 0
 0.167 0.076 0.083 -0.328 0.200 0.289 0
 0.167 0.110 0.083 -0.354 0.275 0.400 0
 0.167 0.110 0.083 -0.354 0.275 0.400 0
 0.167 0.076 0.750 -0.404 0.300 0.444 0
 0.167 0.102 0.083 -0.480 0.275 0.556 0
 0.167 0.102 0.250 -0.429 0.400 0.556 0
 0.167 0.110 0.083 -0.354 0.325 0.511 0
 0.208 0.195 0.083 -0.076 0.400 0.378 0
 0.208 0.195 0.083 0.076 0.375 0.044 0
 0.208 0.153 0.083 0.177 0.450 -0.044 0
 0.208 0.153 0.083 0.253 0.450 -0.156 0
 0.208 0.093 0.083 0.152 0.450 -0.111 0
 0.208 0.093 0.083 0.076 0.550 -0.022 0
 0.208 0.085 0.083 0.025 0.600 0.022 0
 0.208 0.068 0.083 0.025 0.600 -0.022 0
 0.208 0.059 0.083 -0.076 0.500 0.089 0
 0.208 0.059 0.083 -0.202 0.600 0.133 0
 0.208 0.059 0.083 -0.303 0.525 0.267 0
 0.250 0.127 0.083 -0.429 0.525 0.356 0
 0.250 0.169 0.083 -0.303 0.525 0.333 0
 0.250 0.169 0.083 -0.278 0.550 0.333 0
 0.250 0.102 0.083 -0.177 0.550 0.200 0
 0.250 0.051 0.083 -0.101 0.500 0.133 0
 0.250 0.034 0.500 0.051 0.550 -0.022 0
 0.250 0.093 0.583 0.177 0.550 -0.156 0
 0.250 0.102 0.583 0.227 0.600 -0.222 0
 0.250 0.102 0.083 0.202 0.525 -0.200 0
 0.250 0.034 0.583 0.253 0.600 -0.200 0
 0.250 0.068 0.500 0.253 0.600 -0.267 0
 0.292 0.119 0.083 0.076 0.600 -0.089 0
 0.292 0.093 0.333 0.025 0.525 -0.044 0
 0.292 0.085 0.083 -0.025 0.475 0.067 0
 0.292 0.093 0.083 -0.101 0.525 0.089 0
 0.292 0.093 0.250 -0.152 0.475 0.200 0
 0.292 0.093 0.083 -0.202 0.375 0.289 0
 0.292 0.051 0.083 -0.202 0.400 0.267 0
 0.292 0.093 0.083 -0.152 0.500 0.267 0
 0.292 0.093 0.500 -0.126 0.425 0.178 0
 0.292 0.102 0.083 -0.152 0.425 0.222 0
 0.292 0.102 0.083 -0.126 0.450 0.200 0
 0.333 0.051 0.083 -0.025 0.400 0.067 0
 0.333 0.076 0.083 0.051 0.425 -0.044 0
 0.333 0.076 0.083 0.076 0.400 -0.044 0
 0.333 0.068 0.083 0.051 0.350 -0.067 0
 0.333 0.051 0.083 0.051 0.275 -0.089 0
 0.333 0.051 0.083 0.025 0.200 -0.044 0
 0.333 0.085 0.083 0.076 0.200 -0.089 0
 0.333 0.085 0.250 0.152 0.200 -0.133 0
 0.333 0.051 0.500 0.227 0.150 -0.222 0
 0.333 0.051 0.083 0.253 0.175 -0.267 0
 0.333 0.076 0.083 0.278 0.175 -0.267 0
 0.375 0.136 0.250 0.303 0.125 -0.267 0
 0.375 0.136 0.500 0.328 0.150 -0.311 0
 0.375 0.153 0.250 0.354 0.125 -0.333 0
 0.375 0.153 0.583 0.354 0.100 -0.356 0
 0.375 0.102 0.500 0.404 0.150 -0.400 0
 0.375 0.119 0.583 0.354 0.125 -0.400 0
 0.375 0.119 0.583 0.278 0.050 -0.333 0
 0.375 0.127 0.583 0.227 0.000 -0.289 0
 0.375 0.127 0.583 0.202 0.000 -0.222 0
 0.375 0.136 0.250 0.177 0.000 -0.200 0
 0.375 0.144 0.500 0.152 -0.050 -0.178 0
 0.417 0.127 0.583 0.126 -0.075 -0.156 0
 0.417 0.153 0.500 0.101 -0.100 -0.133 0
 0.417 0.153 0.583 0.126 -0.025 -0.133 0
 0.417 0.102 0.583 0.101 -0.025 -0.133 0
 0.417 0.093 0.583 0.101 0.000 -0.133 0
 0.417 0.076 0.583 0.076 -0.050 -0.111 0
 0.417 0.076 0.750 0.076 -0.100 -0.111 0
 0.417 0.102 0.750 0.076 -0.075 -0.156 0
 0.417 0.102 0.750 0.076 -0.150 -0.133 0
 0.417 0.093 0.583 0.076 -0.225 -0.133 0
 0.458 0.110 0.583 0.051 -0.350 -0.133 0
 0.458 0.110 0.583 0.051 -0.325 -0.156 0
 0.458 0.110 0.583 0.025 -0.300 -0.133 0
 0.458 0.102 0.583 0.051 -0.300 -0.111 0
 0.458 0.102 0.583 0.051 -0.300 -0.089 0
 0.458 0.076 0.583 0.051 -0.325 -0.089 0
 0.458 0.076 0.583 0.051 -0.325 -0.089 0
 0.458 0.076 0.750 0.025 -0.350 -0.067 0
 0.458 0.076 0.333 0.025 -0.350 -0.067 0
 0.458 0.076 0.083 0.025 -0.400 -0.089 0
 0.458 0.076 0.083 0.025 -0.350 -0.022 0
 0.500 0.085 0.083 0.051 -0.475 0.156 0
 0.500 0.110 0.083 0.051 -0.550 0.244 0
 0.500 0.110 0.083 0.051 -0.575 0.289 0
 0.500 0.068 0.500 0.051 -0.575 0.333 0
 0.500 0.068 0.250 0.051 -0.575 0.333 0
 0.500 0.068 0.083 0.051 -0.525 0.422 0
 0.500 0.051 0.500 0.051 -0.475 0.444 0
 0.500 0.034 0.083 0.051 -0.525 0.444 0
 0.500 0.076 0.333 0.051 -0.500 0.489 0
 0.500 0.093 0.250 0.051 -0.475 0.467 0
 0.500 0.068 0.083 0.025 -0.450 0.444 0
 0.542 0.034 0.750 0.051 -0.375 0.267 0
 0.542 0.042 0.083 0.025 -0.450 0.244 0
 0.542 0.076 0.500 0.025 -0.425 0.222 0
 0.542 0.076 0.083 0.025 -0.450 0.244 0
 0.542 0.034 0.750 0.025 -0.400 0.178 0
 0.542 0.034 0.583 0.025 -0.375 0.178 0
 0.542 0.034 0.583 0.025 -0.350 0.178 0
 0.542 0.076 0.083 0.025 -0.325 0.156 0
 0.542 0.085 0.083 0.025 -0.275 0.067 0
 0.542 0.085 0.083 0.025 -0.300 -0.022 0
 0.542 0.076 0.083 0.000 -0.300 0.000 0
 0.583 0.034 0.500 0.000 -0.200 -0.044 0
 0.583 0.068 0.083 0.025 -0.225 -0.044 0
 0.583 0.068 0.500 0.025 -0.250 -0.067 0
 0.583 0.076 0.583 0.025 -0.225 -0.067 0
 0.583 0.076 0.583 0.025 -0.275 -0.089 0
 0.583 0.110 0.333 0.025 -0.350 -0.089 0
 0.583 0.110 0.333 0.025 -0.300 -0.089 0
 0.583 0.144 0.250 0.025 -0.250 -0.022 0
 0.583 0.144 0.333 0.025 -0.225 0.022 0
 0.583 0.102 0.250 0.025 -0.275 0.022 0
 0.583 0.127 0.333 0.025 -0.225 0.022 0
 0.625 0.127 0.083 0.000 -0.200 0.089 0
 0.625 0.102 0.083 0.000 -0.275 0.111 0
 0.625 0.059 0.500 0.000 -0.250 0.111 0
 0.625 0.051 0.333 0.000 -0.300 0.111 0
 0.625 0.110 0.250 0.000 -0.275 0.111 0
 0.625 0.110 0.250 0.000 -0.250 0.111 0
 0.625 0.102 0.333 0.000 -0.250 0.111 0
 0.625 0.076 0.583 0.000 -0.250 0.111 0
 0.625 0.034 0.583 0.025 -0.200 0.111 0
 0.625 0.034 0.500 0.025 -0.225 0.111 0
 0.667 0.110 0.500 0.025 -0.200 0.022 0
 0.667 0.110 0.083 0.025 -0.200 0.000 0
 0.667 0.102 0.250 0.025 -0.150 0.000 0
 0.667 0.127 0.250 0.025 -0.200 -0.022 0
 0.667 0.127 0.083 0.025 -0.175 -0.022 0
 0.667 0.102 0.333 0.025 -0.125 -0.022 0
 0.667 0.059 0.083 0.025 -0.075 -0.022 0
 0.667 0.034 0.583 0.025 -0.075 -0.022 0
 0.667 0.068 0.500 0.000 -0.050 -0.044 0
 0.667 0.068 0.583 0.000 0.025 -0.022 0
 0.667 0.034 0.083 0.000 0.000 0.000 0
 0.708 0.051 0.250 0.000 -0.025 0.000 0
 0.708 0.051 0.583 0.000 0.100 0.022 0
 0.708 0.051 0.583 0.000 0.050 0.044 0
 0.708 0.051 0.583 0.025 0.125 0.044 0
 0.708 0.076 0.083 0.025 0.100 0.044 0
 0.708 0.076 0.083 0.025 0.075 0.044 0
 0.708 0.093 0.583 0.025 0.075 0.044 0
 0.708 0.093 0.750 0.025 0.125 0.044 0
 0.708 0.051 0.083 0.025 0.125 0.022 0
 0.708 0.076 0.083 0.025 0.150 0.022 0
 0.708 0.076 0.083 0.025 0.175 0.022 0
 0.750 0.102 0.083 0.025 0.275 0.000 0
 0.750 0.102 0.083 0.025 0.400 0.000 0
 0.750 0.051 0.083 0.000 0.450 0.000 0
 0.750 0.051 0.083 0.000 0.450 0.000 0
 0.750 0.068 0.083 0.000 0.425 0.000 0
 0.750 0.068 0.083 0.000 0.375 0.000 0
 0.750 0.068 0.083 0.000 0.350 0.000 0
 0.750 0.076 0.083 0.000 0.350 0.000 0
 0.750 0.076 0.083 0.000 0.350 0.000 0
 0.750 0.042 0.083 0.000 0.400 0.000 0
 0.750 0.034 0.083 0.000 0.450 0.000 0
 0.792 0.068 0.583 0.000 0.325 0.000 0
 0.792 0.068 0.083 0.000 0.350 0.000 0
 0.792 0.051 0.583 0.000 0.275 0.000 0
 0.792 0.025 0.750 0.000 0.300 0.000 0
 0.792 0.025 0.833 -0.025 0.375 0.000 0
 0.792 0.000 0.833 -0.025 0.275 0.000 0
 0.792 0.051 0.083 -0.025 0.300 0.000 0
 0.792 0.076 0.333 -0.025 0.275 0.000 0
 0.792 0.076 0.250 -0.025 0.275 0.000 0
 0.792 0.102 0.583 -0.025 0.300 -0.022 0
 0.792 0.102 0.083 -0.025 0.275 -0.022 0
 0.833 0.127 0.083 0.000 0.150 -0.356 0
 0.833 0.127 0.083 0.000 0.175 -0.289 0
 0.833 0.127 0.583 0.025 0.125 -0.200 0
 0.833 0.127 0.333 0.076 0.125 -0.133 0
 0.833 0.102 0.083 0.076 0.125 -0.111 0
 0.833 0.051 0.250 0.076 0.125 -0.089 0
 0.833 0.110 0.333 0.101 0.125 -0.111 0
 0.833 0.110 0.583 0.101 0.125 -0.111 0
 0.833 0.102 0.583 0.101 0.125 -0.067 0
 0.833 0.102 0.500 0.101 0.075 -0.067 0
 0.875 0.051 0.583 0.076 0.125 0.289 0
 0.875 0.051 0.333 0.076 0.100 0.244 0
 0.875 0.051 0.500 0.051 0.175 0.156 0
 0.875 0.051 0.583 0.025 0.150 0.089 0
 0.875 0.051 0.583 0.025 0.100 0.067 0
 0.875 0.051 0.583 0.025 0.200 0.044 0
 0.875 0.051 0.583 0.000 0.100 0.067 0
 0.875 0.051 0.333 0.000 0.075 0.067 0
 0.875 0.025 0.583 0.000 0.075 0.067 0
 0.875 0.025 0.500 0.000 0.075 0.067 0
 0.875 0.025 0.000 0.000 0.075 0.044 0
 0.917 0.051 0.083 0.000 0.075 0.022 0
 0.917 0.051 0.250 0.000 0.025 0.044 0
 0.917 0.051 0.083 0.000 0.075 0.044 0
 0.917 0.051 0.083 0.000 0.100 0.044 0
 0.917 0.051 0.500 -0.025 0.125 0.044 0
 0.917 0.025 0.083 -0.025 0.100 0.044 0
 0.917 0.034 0.500 -0.025 0.050 0.044 0
 0.917 0.042 0.083 -0.025 0.025 0.022 0
 0.917 0.059 0.500 -0.025 -0.050 0.022 0
 0.917 0.059 0.083 -0.051 -0.050 0.022 0
 0.917 0.059 0.083 -0.051 -0.125 0.022 0
 0.958 0.051 0.083 -0.051 -0.075 0.000 0
 0.958 0.051 0.083 -0.051 -0.100 0.022 0
 0.958 0.085 0.083 -0.076 -0.125 0.022 0
 0.958 0.102 0.083 -0.051 -0.100 0.022 0
 0.958 0.102 0.083 -0.051 -0.125 0.022 0
 0.958 0.127 0.083 -0.051 -0.125 0.022 0
 0.958 0.127 0.083 -0.076 -0.150 0.022 0
 0.958 0.093 0.083 -0.076 -0.175 0.022 0
 0.958 0.076 0.083 -0.076 -0.225 0.022 0
 0.958 0.102 0.083 -0.101 -0.225 0.000 0
 0.958 0.102 0.083 -0.101 -0.250 -0.022 0
 0.000 0.110 0.083 -0.076 -0.275 -0.044 0
 0.000 0.110 0.083 -0.076 -0.275 -0.044 0
 0.000 0.119 0.250 -0.076 -0.275 -0.067 0
 0.000 0.119 0.583 -0.101 -0.325 -0.111 0
 0.000 0.102 0.250 -0.101 -0.350 -0.133 0
 0.000 0.102 0.083 -0.101 -0.325 -0.178 0
 0.000 0.076 0.083 -0.101 -0.325 -0.156 0
 0.000 0.076 0.083 -0.076 -0.300 -0.156 0
 0.000 0.042 0.083 -0.051 -0.300 -0.156 0
 0.000 0.119 0.083 -0.051 -0.300 -0.178 0
 0.000 0.119 0.083 -0.051 -0.300 -0.244 0
 0.042 0.085 0.083 -0.101 -0.350 -0.244 0
 0.042 0.051 0.083 -0.177 -0.300 -0.422 0
 0.042 0.068 0.083 -0.227 -0.375 -0.489 0
 0.042 0.110 0.083 -0.278 -0.375 -0.400 0
 0.042 0.110 0.250 -0.253 -0.375 -0.356 0
 0.042 0.102 0.083 -0.303 -0.350 -0.311 0
 0.042 0.093 0.083 -0.328 -0.350 -0.267 0
 0.042 0.102 0.750 -0.303 -0.325 -0.267 0
 0.042 0.102 0.083 -0.303 -0.325 -0.244 0
 0.042 0.034 0.750 -0.278 -0.300 -0.178 0
 0.083 0.076 0.583 -0.152 -0.300 -0.244 0
 0.083 0.110 0.583 -0.076 -0.300 -0.067 0
 0.083 0.110 0.583 0.025 -0.275 0.022 0
 0.083 0.076 0.583 0.101 -0.275 -0.067 0
 0.083 0.076 0.583 0.101 -0.225 -0.089 0
 0.083 0.042 0.583 0.126 -0.200 -0.156 0
 0.083 0.102 0.083 0.152 -0.200 -0.178 0
 0.083 0.102 0.583 0.101 -0.175 -0.133 0
 0.083 0.034 0.083 0.000 -0.200 -0.044 0
 0.083 0.076 0.083 -0.177 -0.125 0.133 0
 0.083 0.076 0.083 -0.303 -0.150 0.333 0
 0.125 0.076 0.083 -0.505 -0.100 0.533 0
 0.125 0.119 0.083 -0.455 -0.125 0.511 1
 0.125 0.119 0.083 -0.404 -0.050 0.444 1
 0.125 0.153 0.083 -0.303 -0.075 0.378 1
 0.125 0.153 0.083 -0.227 -0.025 0.311 1
 0.125 0.161 0.583 -0.126 0.000 0.178 1
 0.125 0.161 0.583 -0.025 0.000 0.067 1
 0.125 0.153 0.500 0.051 0.050 0.044 1
 0.125 0.153 0.500 0.152 0.050 -0.111 1
 0.125 0.153 0.083 0.152 0.075 -0.156 1
 0.125 0.110 0.083 0.177 0.125 -0.133 1
 0.167 0.068 0.083 0.000 0.150 0.000 1
 0.167 0.068 0.083 -0.126 0.150 0.133 1
 0.167 0.076 0.083 -0.253 0.175 0.244 1
 0.167 0.110 0.500 -0.253 0.175 0.267 1
 0.167 0.136 0.083 -0.303 0.200 0.356 1
 0.167 0.136 0.083 -0.404 0.250 0.444 1
 0.167 0.051 0.083 -0.429 0.200 0.422 1
 0.167 0.051 0.083 -0.455 0.250 0.444 1
 0.167 0.042 0.083 -0.379 0.250 0.400 1
 0.167 0.076 0.083 -0.227 0.300 0.244 1
 0.167 0.076 0.083 -0.051 0.300 0.111 1
 0.208 0.068 0.083 0.177 0.375 -0.133 1
 0.208 0.068 0.333 0.253 0.350 -0.222 0
 0.208 0.051 0.083 0.253 0.425 -0.200 0
 0.208 0.051 0.583 0.227 0.400 -0.222 0
 0.208 0.093 0.250 0.303 0.400 -0.311 0
 0.208 0.220 0.583 0.480 0.400 -0.467 0
 0.208 0.280 0.583 0.657 0.425 -0.578 0
 0.208 0.280 0.500 0.707 0.450 -0.689 0
 0.208 0.466 0.083 0.732 0.475 -0.689 0
 0.208 0.466 0.250 0.732 0.375 -0.622 0
 0.208 0.458 0.083 0.707 0.350 -0.400 0
 0.250 0.229 0.083 0.657 0.300 0.111 0
 0.250 0.195 0.083 0.606 0.325 0.156 0
 0.250 0.195 0.083 0.581 0.325 0.200 0
 0.250 0.195 0.083 0.530 0.275 0.289 0
 0.250 0.127 0.083 0.404 0.475 0.444 0
 0.250 0.127 0.083 0.303 0.400 0.511 0
 0.250 0.127 0.083 0.278 0.475 0.556 0
 0.250 0.093 0.083 0.177 0.400 0.622 0
 0.250 0.093 0.083 0.101 0.375 0.600 0
 0.250 0.059 0.083 0.025 0.350 0.467 0
 0.250 0.076 0.083 0.000 0.300 0.267 0
 0.292 0.085 0.333 -0.025 0.275 0.067 0
 0.292 0.085 0.083 -0.025 0.225 0.044 0
 0.292 0.110 0.083 -0.025 0.275 0.044 0
 0.292 0.110 0.083 -0.025 0.300 0.000 0
 0.292 0.059 0.083 -0.025 0.300 0.022 0
 0.292 0.093 0.083 -0.025 0.325 0.022 0
 0.292 0.093 0.083 -0.025 0.325 -0.022 0
 0.292 0.059 0.083 -0.025 0.275 -0.022 0
 0.292 0.059 0.083 0.000 0.375 -0.022 0
 0.292 0.059 0.083 -0.025 0.300 -0.044 0
 0.333 0.068 0.083 -0.025 0.400 -0.044 0
 0.333 0.068 0.083 -0.025 0.425 0.000 0
 0.333 0.059 0.083 -0.025 0.500 0.000 0
 0.333 0.042 0.583 -0.025 0.500 0.000 0
 0.333 0.025 0.083 -0.025 0.275 0.000 0
 0.333 0.025 0.083 -0.051 0.300 -0.022 0
 0.333 0.059 0.083 -0.051 0.275 -0.022 0
 0.333 0.059 0.083 -0.051 0.325 -0.044 0
 0.333 0.110 0.083 -0.051 0.300 -0.089 0
 0.333 0.110 0.083 -0.025 0.275 -0.044 0
 0.333 0.085 0.083 -0.025 0.325 -0.044 0
 0.375 0.051 0.083 -0.051 0.325 -0.089 0
 0.375 0.051 0.083 -0.051 0.300 -0.089 0
 0.375 0.051 0.083 -0.051 0.250 -0.089 0
 0.375 0.051 0.583 -0.051 0.225 -0.111 0
 0.375 0.025 0.250 -0.051 0.225 -0.111 0
 0.375 0.051 0.083 -0.051 0.150 -0.089 0
 0.375 0.051 0.583 -0.051 0.125 -0.089 0
 0.375 0.025 0.333 -0.051 0.100 -0.044 0
 0.375 0.025 0.500 -0.051 0.050 -0.089 0
 0.375 0.025 0.083 -0.051 0.075 -0.111 0
 0.375 0.025 0.583 -0.051 0.050 -0.111 0