 0.167 0.271 0.250 -0.025 0.400 0.044 0
 0.167 0.271 0.333 -0.025 0.475 0.022 0
 0.208 0.314 0.250 -0.051 0.475 0.089 0
 0.208 0.254 0.083 -0.051 0.475 0.156 0
 0.208 0.254 0.083 -0.051 0.525 0.133 0
 0.208 0.229 0.083 -0.025 0.550 0.133 0
 0.208 0.288 0.250 -0.025 0.450 0.133 0
 0.208 0.288 0.083 -0.025 0.550 0.089 0
 0.208 0.288 0.083 -0.025 0.500 0.111 0
 0.208 0.297 0.083 -0.051 0.575 0.156 0
 0.208 0.364 0.083 -0.051 0.600 0.156 0
 0.208 0.398 0.083 -0.051 0.600 0.156 0
 0.250 0.407 0.333 -0.025 0.600 0.067 0
 0.250 0.415 0.083 0.000 0.550 -0.022 0
 0.250 0.415 0.083 0.025 0.550 -0.067 0
 0.250 0.407 0.250 0.025 0.550 -0.089 0
 0.250 0.331 0.083 0.000 0.525 -0.089 0
 0.250 0.364 0.250 0.000 0.550 -0.044 0
 0.250 0.364 0.083 -0.025 0.550 -0.044 0
 0.250 0.331 0.500 -0.025 0.525 0.000 0
 0.250 0.373 0.333 -0.025 0.525 -0.022 0
 0.250 0.424 0.500 -0.025 0.500 -0.022 0
 0.250 0.424 0.083 0.000 0.475 0.000 0
 0.292 0.373 0.250 -0.025 0.450 0.089 0