 0.042 0.153 0.083 -0.101 -0.150 0.178 0
 0.042 0.127 0.083 -0.101 -0.150 0.200 0
 0.042 0.136 0.083 -0.101 -0.150 0.178 0
 0.083 0.127 0.083 -0.126 -0.100 0.244 0
 0.083 0.127 0.083 -0.076 -0.125 0.200 0
 0.083 0.127 0.083 -0.051 -0.175 0.156 0
 0.083 0.127 0.083 -0.025 -0.100 0.111 0
 0.083 0.178 0.083 0.000 -0.050 0.089 0
 0.083 0.178 0.083 -0.051 -0.050 0.067 0
 0.083 0.153 0.083 -0.101 -0.050 0.156 0
 0.083 0.212 0.083 -0.076 0.000 0.156 0
 0.083 0.212 0.083 -0.051 0.000 0.089 0
 0.083 0.153 0.083 -0.025 0.075 0.067 0
 0.125 0.195 0.083 -0.025 0.050 0.022 0
 0.125 0.237 0.083 -0.076 0.075 0.111 0
 0.125 0.254 0.083 -0.126 0.075 0.178 0
 0.125 0.254 0.083 -0.126 0.025 0.244 0
 0.125 0.237 0.083 -0.126 0.200 0.200 0
 0.125 0.280 0.250 -0.051 0.200 0.178 0
 0.125 0.280 0.333 -0.025 0.200 0.111 0
 0.125 0.314 0.250 -0.025 0.200 0.089 0
 0.125 0.390 0.083 -0.025 0.225 0.067 0
 0.125 0.390 0.083 -0.101 0.200 0.133 0
 0.125 0.212 0.083 -0.152 0.225 0.267 0
 0.167 0.271 0.083 -0.051 0.225 0.156 0
 0.167 0.314 0.333 -0.025 0.275 0.089 0
 0.167 0.314 0.083 -0.025 0.300 0.044 0
 0.167 0.305 0.083 -0.076 0.275 0.133 0
 0.167 0.314 0.083 -0.101 0.275 0.156 0
 0.167 0.314 0.083 -0.076 0.250 0.089 0
 0.167 0.339 0.083 -0.101 0.300 0.133 0
 0.167 0.381 0.083 -0.076 0.300 0.156 0
 0.167 0.449 0.083 -0.051 0.325 0.178 0
 0.167 0.449 0.083 0.000 0.325 0.022 0
 0.167 0.339 0.083 -0.051 0.300 0.089 0
 0.208 0.500 0.083 -0.025 0.400 0.044 0
 0.208 0.407 0.083 -0.051 0.400 0.067 0
 0.208 0.407 0.250 -0.025 0.475 0.044 0
 0.208 0.398 0.333 0.000 0.350 -0.022 0
 0.208 0.449 0.083 0.000 0.425 0.022 0
 0.208 0.475 0.250 0.051 0.375 -0.067 0
 0.208 0.475 0.083 0.025 0.425 -0.067 0
 0.208 0.398 0.083 0.051 0.375 -0.133 0
 0.208 0.347 0.083 0.076 0.425 -0.133 0
 0.208 0.441 0.083 0.152 0.425 -0.267 0
 0.208 0.466 0.083 0.177 0.425 -0.244 0
 0.250 0.449 0.083 0.152 0.450 -0.156 0
 0.250 0.441 0.083 0.126 0.500 -0.133 0
 0.250 0.424 0.250 0.076 0.475 -0.044 0
 0.250 0.449 0.083 0.025 0.450 0.000 0
 0.250 0.449 0.083 -0.025 0.425 0.089 0
 0.250 0.390 0.083 -0.025 0.400 0.067 0
 0.250 0.390 0.083 0.000 0.400 0.044 0
 0.250 0.347 0.083 -0.025 0.425 0.067 0
 0.250 0.347 0.083 -0.076 0.400 0.156 0
 0.250 0.263 0.083 -0.126 0.475 0.178 0
 0.250 0.449 0.083 -0.126 0.400 0.156 0
 0.292 0.331 0.083 -0.076 0.450 0.067 0
 0.292 0.331 0.083 -0.076 0.375 0.067 0
 0.292 0.517 0.083 0.000 0.450 0.067 0
 0.292 0.517 0.083 0.025 0.350 -0.022 0
 0.292 0.449 0.333 0.025 0.400 0.000 0
 0.292 0.398 0.083 0.025 0.350 0.022 0
 0.292 0.339 0.083 0.025 0.450 0.044 0
 0.292 0.381 0.250 0.025 0.375 0.044 0
 0.292 0.381 0.333 0.025 0.400 0.000 0
 0.292 0.364 0.250 -0.025 0.325 0.022 0
 0.292 0.229 0.250 -0.076 0.350 0.089 0
 0.333 0.432 0.250 0.000 0.250 0.044 0
 0.333 0.432 0.250 0.000 0.275 -0.067 0
 0.333 0.347 0.083 -0.051 0.250 0.044 0
 0.333 0.424 0.333 -0.076 0.250 0.111 0
 0.333 0.449 0.083 -0.126 0.250 0.156 0
 0.333 0.475 0.250 -0.126 0.275 0.178 0
 0.333 0.475 0.333 -0.126 0.250 0.178 0
 0.333 0.475 0.083 -0.101 0.225 0.178 0
 0.333 0.441 0.083 -0.025 0.150 0.089 0
 0.333 0.424 0.250 0.051 0.200 0.000 0
 0.333 0.356 0.083 0.101 0.125 -0.133 0
 0.375 0.288 0.083 0.076 0.075 -0.089 0
 0.375 0.280 0.083 0.101 -0.025 -0.133 0
 0.375 0.220 0.333 0.101 0.025 -0.156 0
 0.375 0.356 0.083 0.126 -0.025 -0.178 0
 0.375 0.356 0.083 0.126 0.025 -0.222 0
 0.375 0.263 0.083 0.126 -0.075 -0.222 0
 0.375 0.305 0.083 0.101 -0.025 -0.200 0
 0.375 0.364 0.083 0.101 -0.100 -0.178 0
 0.375 0.432 0.250 0.076 -0.050 -0.156 0
 0.375 0.432 0.083 0.051 -0.125 -0.111 0
 0.417 0.331 0.083 0.051 -0.100 -0.089 0
 0.417 0.280 0.083 0.051 -0.225 -0.111 0
 0.417 0.280 0.083 0.051 -0.175 -0.111 0
 0.417 0.373 0.083 0.076 -0.125 -0.133 0
 0.417 0.373 0.083 0.076 -0.150 -0.133 0
 0.417 0.314 0.083 0.101 -0.175 -0.156 0
 0.417 0.314 0.250 0.101 -0.250 -0.178 0
 0.417 0.280 0.250 0.101 -0.175 -0.178 0
 0.417 0.280 0.083 0.101 -0.175 -0.200 0
 0.417 0.288 0.250 0.101 -0.225 -0.200 0
 0.417 0.288 0.083 0.126 -0.225 -0.200 0
 0.458 0.212 0.083 0.101 -0.250 -0.200 0
 0.458 0.288 0.333 0.101 -0.225 -0.222 0
 0.458 0.288 0.250 0.076 -0.275 -0.200 0
 0.458 0.246 0.250 0.101 -0.250 -0.200 0
 0.458 0.271 0.083 0.076 -0.275 -0.178 0
 0.458 0.271 0.083 0.076 -0.300 -0.178 0
 0.458 0.305 0.250 0.051 -0.325 -0.156 0
 0.458 0.305 0.250 0.051 -0.300 -0.133 0
 0.458 0.186 0.250 0.051 -0.350 -0.133 0
 0.458 0.203 0.083 0.025 -0.325 -0.156 0
 0.458 0.203 0.083 0.051 -0.325 -0.133 0
 0.500 0.153 0.250 0.051 -0.325 -0.111 0
 0.500 0.153 0.083 0.051 -0.350 -0.111 0
 0.500 0.144 0.083 0.025 -0.400 -0.089 0
 0.500 0.153 0.333 0.025 -0.400 -0.089 0
 0.500 0.153 0.250 0.025 -0.425 -0.089 0
 0.500 0.127 0.250 0.025 -0.425 -0.089 0
 0.500 0.127 0.333 0.025 -0.450 -0.089 0
 0.500 0.203 0.333 0.025 -0.400 -0.067 0
 0.500 0.203 0.083 0.025 -0.425 -0.044 0
 0.500 0.169 0.250 0.000 -0.375 -0.044 0
 0.500 0.153 0.083 0.000 -0.425 -0.022 0
 0.542 0.153 0.333 0.000 -0.375 -0.044 0
 0.542 0.263 0.083 0.000 -0.350 -0.022 0
 0.542 0.263 0.083 0.000 -0.375 -0.022 0
 0.542 0.203 0.083 0.000 -0.400 -0.022 0
 0.542 0.178 0.250 0.000 -0.375 -0.022 0
 0.542 0.212 0.250 0.000 -0.325 -0.022 0
 0.542 0.212 0.083 0.000 -0.375 -0.022 0
 0.542 0.203 0.083 0.000 -0.400 -0.022 0
 0.542 0.229 0.083 0.000 -0.400 -0.022 0
 0.542 0.254 0.250 0.000 -0.400 -0.022 0
 0.542 0.254 0.250 0.000 -0.375 0.000 0
 0.583 0.186 0.083 0.000 -0.400 -0.022 0
 0.583 0.178 0.083 0.000 -0.325 -0.022 0
 0.583 0.178 0.250 0.000 -0.300 0.000 0
 0.583 0.153 0.083 0.000 -0.300 0.000 0
 0.583 0.153 0.250 0.000 -0.275 0.000 0
 0.583 0.153 0.083 0.000 -0.250 0.000 0
 0.583 0.153 0.083 0.000 -0.300 -0.022 0
 0.583 0.127 0.250 0.000 -0.275 -0.022 0
 0.583 0.136 0.083 0.000 -0.275 0.000 0
 0.583 0.127 0.333 0.000 -0.250 0.000 0
 0.583 0.153 0.083 0.000 -0.300 0.000 0
 0.625 0.153 0.250 0.000 -0.250 0.000 0
 0.625 0.161 0.333 0.000 -0.250 0.000 0
 0.625 0.161 0.333 0.000 -0.225 0.000 0
 0.625 0.153 0.333 0.000 -0.225 0.000 0
 0.625 0.110 0.250 0.000 -0.250 0.000 0
 0.625 0.119 0.250 0.000 -0.175 0.022 0
 0.625 0.119 0.250 0.000 -0.150 0.022 0
 0.625 0.153 0.250 0.000 -0.100 0.000 0
 0.625 0.153 0.250 0.025 -0.075 -0.022 0
 0.625 0.237 0.083 0.025 -0.100 -0.022 0
 0.667 0.212 0.083 0.025 -0.050 -0.022 0
 0.667 0.212 0.333 0.025 -0.075 -0.022 0
 0.667 0.203 0.333 0.025 -0.100 -0.022 0
 0.667 0.153 0.333 0.025 -0.100 -0.022 0
 0.667 0.178 0.250 0.025 -0.050 -0.044 0
 0.667 0.178 0.250 0.025 -0.100 -0.044 0
 0.667 0.161 0.333 0.025 -0.050 -0.044 0
 0.667 0.161 0.250 0.051 -0.025 -0.067 0
 0.667 0.153 0.333 0.025 0.025 -0.044 0
 0.667 0.186 0.083 0.025 0.025 -0.044 0
 0.667 0.186 0.250 0.025 0.075 -0.044 0
 0.708 0.153 0.083 0.025 0.075 -0.067 0
 0.708 0.127 0.250 0.025 0.125 -0.067 0
 0.708 0.127 0.083 0.025 0.125 -0.067 0
 0.708 0.127 0.333 0.025 0.175 -0.044 0
 0.708 0.127 0.250 0.025 0.200 -0.044 0
 0.708 0.102 0.250 0.025 0.175 -0.044 0
 0.708 0.102 0.333 0.000 0.225 -0.022 0
 0.708 0.127 0.333 0.000 0.225 -0.022 0
 0.708 0.127 0.083 0.000 0.200 -0.022 0
 0.708 0.102 0.333 0.000 0.225 -0.044 0
 0.708 0.102 0.333 0.000 0.250 -0.044 0
 0.750 0.093 0.500 0.000 0.275 -0.022 0
 0.750 0.102 0.333 0.000 0.275 -0.022 0
 0.750 0.102 0.500 0.000 0.300 -0.022 0
 0.750 0.076 0.250 0.025 0.300 -0.044 0
 0.750 0.102 0.250 0.025 0.300 -0.044 0
 0.750 0.127 0.250 0.025 0.300 -0.044 0
 0.750 0.127 0.333 0.025 0.325 -0.044 0
 0.750 0.178 0.333 0.025 0.275 -0.044 0
 0.750 0.178 0.250 0.025 0.300 -0.022 0
 0.750 0.161 0.250 0.025 0.300 0.000 0
 0.750 0.229 0.083 0.025 0.350 0.000 0
 0.792 0.186 0.083 0.000 0.350 0.022 0
 0.792 0.186 0.250 0.000 0.375 0.022 0
 0.792 0.178 0.250 0.000 0.375 0.044 0
 0.792 0.186 0.250 0.000 0.325 0.044 0
 0.792 0.212 0.333 0.000 0.350 0.044 0
 0.792 0.212 0.083 0.000 0.350 0.044 0
 0.792 0.178 0.083 0.000 0.325 0.022 0
 0.792 0.178 0.250 0.000 0.325 0.022 0
 0.792 0.153 0.333 0.000 0.325 0.000 0
 0.792 0.153 0.250 0.000 0.350 0.000 0
 0.833 0.127 0.250 0.025 0.350 -0.044 0
 0.833 0.127 0.083 0.025 0.300 -0.044 0
 0.833 0.144 0.333 0.000 0.350 -0.044 0
 0.833 0.153 0.333 0.000 0.275 -0.044 0
 0.833 0.178 0.083 0.000 0.275 -0.044 0
 0.833 0.178 0.333 0.000 0.275 -0.044 0
 0.833 0.178 0.250 0.000 0.275 -0.022 0
 0.833 0.153 0.333 0.000 0.300 -0.022 0
 0.833 0.153 0.250 0.000 0.250 -0.022 0
 0.833 0.153 0.250 0.000 0.250 -0.022 0
 0.833 0.153 0.083 0.000 0.200 0.000 0
 0.875 0.102 0.083 0.025 0.150 -0.022 0
 0.875 0.076 0.083 0.025 0.100 -0.044 0
 0.875 0.068 0.083 0.025 0.100 -0.044 0
 0.875 0.068 0.083 0.025 0.150 -0.044 0
 0.875 0.068 0.250 0.025 0.075 -0.044 0
 0.875 0.059 0.083 0.025 0.075 -0.067 0
 0.875 0.076 0.083 0.025 0.100 -0.067 0
 0.875 0.076 0.083 0.051 0.050 -0.067 0
 0.875 0.076 0.083 0.051 0.025 -0.067 0
 0.875 0.076 0.083 0.051 -0.050 -0.089 0
 0.875 0.051 0.083 0.025 -0.050 -0.067 0
 0.917 0.076 0.083 0.025 -0.075 -0.067 0
 0.917 0.076 0.083 0.025 -0.150 -0.067 0
 0.917 0.076 0.083 0.025 -0.150 -0.067 0
 0.917 0.076 0.083 0.025 -0.125 -0.067 0
 0.917 0.119 0.083 0.025 -0.175 -0.022 0
 0.917 0.119 0.083 0.025 -0.175 -0.022 0
 0.917 0.102 0.083 0.000 -0.250 -0.022 0
 0.917 0.102 0.083 0.000 -0.225 -0.022 0
 0.917 0.076 0.083 0.000 -0.300 0.000 0
 0.917 0.076 0.083 0.000 -0.300 0.000 0
 0.917 0.076 0.083 0.000 -0.300 0.000 0
 0.958 0.093 0.083 0.000 -0.300 0.022 0
 0.958 0.093 0.083 0.000 -0.350 0.022 0
 0.958 0.076 0.083 0.000 -0.425 0.022 0
 0.958 0.076 0.083 0.000 -0.350 0.000 0
 0.958 0.093 0.083 -0.025 -0.375 0.022 0
 0.958 0.093 0.083 -0.025 -0.400 0.022 0
 0.958 0.076 0.083 -0.051 -0.375 0.044 0
 0.958 0.076 0.083 -0.051 -0.375 0.044 0
 0.958 0.085 0.083 -0.076 -0.375 0.089 0
 0.958 0.102 0.083 -0.076 -0.375 0.111 0
 0.958 0.102 0.083 -0.101 -0.350 0.133 0
 0.000 0.127 0.083 -0.126 -0.350 0.222 0
 0.000 0.127 0.083 -0.126 -0.325 0.244 0
 0.000 0.127 0.083 -0.152 -0.350 0.267 0
 0.000 0.127 0.083 -0.152 -0.375 0.289 0
 0.000 0.127 0.083 -0.152 -0.400 0.311 0
 0.000 0.127 0.083 -0.152 -0.350 0.333 0
 0.000 0.110 0.083 -0.152 -0.375 0.333 0
 0.000 0.119 0.083 -0.152 -0.350 0.311 0
 0.000 0.136 0.083 -0.152 -0.375 0.311 0
 0.000 0.153 0.083 -0.152 -0.400 0.356 0
 0.042 0.144 0.333 -0.177 -0.425 0.333 0
 0.042 0.169 0.083 -0.202 -0.400 0.378 0
 0.042 0.195 0.250 -0.177 -0.325 0.333 0
 0.042 0.195 0.083 -0.177 -0.400 0.333 0
 0.042 0.169 0.083 -0.202 -0.400 0.356 0
 0.042 0.331 0.250 -0.152 -0.400 0.311 0
 0.042 0.331 0.083 -0.152 -0.400 0.333 0
 0.042 0.246 0.250 -0.152 -0.350 0.311 0
 0.042 0.246 0.083 -0.152 -0.375 0.289 0
 0.042 0.246 0.083 -0.177 -0.350 0.289 0
 0.042 0.186 0.083 -0.152 -0.375 0.311 0
 0.083 0.178 0.083 -0.152 -0.300 0.244 0
 0.083 0.178 0.083 -0.177 -0.275 0.289 0
 0.083 0.144 0.083 -0.177 -0.300 0.267 0
 0.083 0.186 0.083 -0.177 -0.275 0.311 0
 0.083 0.212 0.083 -0.202 -0.250 0.356 0
 0.083 0.220 0.083 -0.177 -0.225 0.267 0
 0.083 0.220 0.083 -0.152 -0.225 0.267 0
 0.083 0.229 0.083 -0.152 -0.150 0.333 0
 0.083 0.229 0.083 -0.101 -0.150 0.244 0
 0.083 0.339 0.083 -0.101 -0.100 0.244 0
 0.083 0.339 0.083 -0.051 -0.075 0.222 0
 0.125 0.246 0.083 0.000 -0.025 0.133 0
 0.125 0.263 0.083 0.051 0.000 0.111 0
 0.125 0.297 0.083 0.101 0.075 0.000 0
 0.125 0.297 0.083 0.101 0.075 -0.044 0
 0.125 0.263 0.083 0.051 0.100 0.044 0
 0.125 0.263 0.083 0.051 0.125 0.044 0
 0.125 0.254 0.083 0.025 0.150 0.000 0
 0.125 0.254 0.083 -0.051 0.175 0.089 0
 0.125 0.169 0.083 -0.051 0.150 0.067 0
 0.125 0.212 0.083 -0.051 0.225 0.067 0
 0.125 0.246 0.250 -0.076 0.275 0.111 0
 0.167 0.220 0.083 -0.126 0.200 0.111 0
 0.167 0.144 0.083 -0.126 0.250 0.111 0
 0.167 0.119 0.083 -0.101 0.300 0.089 0
 0.167 0.119 0.083 -0.051 0.300 0.044 0
 0.167 0.119 0.083 -0.051 0.300 0.044 0
 0.167 0.263 0.250 0.000 0.350 0.000 0
 0.167 0.263 0.083 0.000 0.275 -0.044 0
 0.167 0.178 0.083 -0.051 0.325 0.022 0
 0.167 0.263 0.333 -0.101 0.350 0.067 0
 0.167 0.263 0.250 -0.051 0.350 0.044 0
 0.167 0.203 0.083 0.000 0.350 -0.022 0
 0.208 0.153 0.083 -0.076 0.350 0.067 0
 0.208 0.169 0.083 -0.152 0.300 0.111 0
 0.208 0.127 0.250 -0.177 0.400 0.156 0
 0.208 0.127 0.083 -0.202 0.400 0.133 0
 0.208 0.059 0.083 -0.278 0.400 0.222 0
 0.208 0.059 0.083 -0.253 0.400 0.222 0
 0.208 0.051 0.083 -0.253 0.475 0.200 0
 0.208 0.059 0.083 -0.278 0.500 0.222 0
 0.208 0.119 0.083 -0.278 0.450 0.200 0
 0.208 0.119 0.083 -0.253 0.475 0.200 0
 0.208 0.102 0.083 -0.202 0.500 0.178 0
 0.250 0.076 0.333 -0.152 0.575 0.111 0
 0.250 0.068 0.083 -0.177 0.525 0.133 0
 0.250 0.085 0.083 -0.152 0.575 0.156 0
 0.250 0.085 0.083 -0.051 0.550 0.067 0
 0.250 0.093 0.083 0.051 0.525 -0.022 0
 0.250 0.195 0.083 0.202 0.600 -0.111 0
 0.250 0.195 0.083 0.303 0.625 -0.200 0
 0.250 0.153 0.083 0.303 0.625 -0.244 0
 0.250 0.127 0.083 0.253 0.600 -0.178 0
 0.250 0.153 0.083 0.202 0.625 -0.156 0
 0.292 0.093 0.083 0.202 0.575 -0.133 0
 0.292 0.093 0.083 0.227 0.625 -0.178 0
 0.292 0.059 0.083 0.227 0.575 -0.178 0
 0.292 0.085 0.083 0.227 0.525 -0.200 0
 0.292 0.085 0.250 0.253 0.550 -0.178 0
 0.292 0.085 0.083 0.177 0.500 -0.178 0
 0.292 0.076 0.083 0.152 0.450 -0.178 0
 0.292 0.051 0.250 0.126 0.425 -0.111 0
 0.292 0.051 0.083 0.076 0.425 -0.089 0
 0.292 0.051 0.083 0.101 0.375 -0.133 0
 0.292 0.034 0.083 0.126 0.375 -0.156 0
 0.333 0.042 0.083 0.126 0.275 -0.156 0
 0.333 0.042 0.083 0.126 0.325 -0.156 0
 0.333 0.051 0.083 0.076 0.250 -0.111 0
 0.333 0.051 0.083 0.000 0.275 -0.044 0
 0.333 0.254 0.083 0.000 0.400 -0.044 0
 0.333 0.364 0.083 0.076 0.250 -0.111 0
 0.333 0.364 0.083 0.126 0.150 -0.178 0
 0.333 0.203 0.083 0.202 0.150 -0.289 0
 0.333 0.161 0.083 0.253 0.175 -0.311 0
 0.333 0.102 0.083 0.253 0.100 -0.311 0
 0.333 0.093 0.083 0.253 0.100 -0.289 0
 0.375 0.076 0.083 0.253 0.075 -0.356 0
 0.375 0.076 0.083 0.253 0.000 -0.378 0
 0.375 0.076 0.083 0.227 0.025 -0.400 0
 0.375 0.076 0.083 0.202 -0.025 -0.333 0
 0.375 0.076 0.083 0.101 -0.025 -0.222 0
 0.375 0.127 0.083 0.051 0.000 -0.156 0
 0.375 0.127 0.083 0.025 -0.025 -0.089 0
 0.375 0.102 0.083 0.000 -0.025 -0.067 0
 0.375 0.076 0.083 0.000 -0.075 -0.067 0
 0.375 0.068 0.500 0.000 -0.050 -0.089 0
 0.375 0.076 0.583 0.000 -0.100 -0.067 0
 0.417 0.102 0.583 0.025 -0.125 -0.044 0
 0.417 0.076 0.250 0.051 -0.150 -0.067 0
 0.417 0.076 0.083 0.051 -0.175 -0.089 0
 0.417 0.076 0.083 0.051 -0.325 -0.111 0
 0.417 0.076 0.083 0.076 -0.225 -0.111 0
 0.417 0.102 0.083 0.076 -0.225 -0.111 0
 0.417 0.110 0.083 0.076 -0.250 -0.111 0
 0.417 0.127 0.083 0.051 -0.275 -0.089 0
 0.417 0.127 0.083 0.051 -0.275 -0.089 0
 0.417 0.127 0.083 0.076 -0.300 -0.111 0
 0.417 0.102 0.083 0.076 -0.325 -0.111 0
 0.458 0.127 0.083 0.051 -0.300 -0.156 0
 0.458 0.127 0.083 0.051 -0.300 -0.178 0
 0.458 0.119 0.083 0.076 -0.325 -0.178 0
 0.458 0.119 0.083 0.051 -0.325 -0.200 0
 0.458 0.102 0.083 0.051 -0.375 -0.200 0
 0.458 0.093 0.083 0.051 -0.400 -0.222 0
 0.458 0.110 0.083 0.051 -0.425 -0.244 0
 0.458 0.144 0.083 0.051 -0.400 -0.222 0
 0.458 0.144 0.083 0.051 -0.525 -0.222 0
 0.458 0.093 0.083 0.051 -0.450 -0.200 0
 0.458 0.102 0.083 0.051 -0.450 -0.200 0
 0.500 0.102 0.083 0.051 -0.450 -0.156 0
 0.500 0.110 0.083 0.025 -0.500 -0.133 0
 0.500 0.110 0.083 0.051 -0.475 -0.111 0
 0.500 0.102 0.500 0.051 -0.525 -0.133 0
 0.500 0.178 0.083 0.051 -0.425 -0.089 0
 0.500 0.178 0.083 0.051 -0.450 -0.044 0
 0.500 0.169 0.083 0.051 -0.425 -0.044 0
 0.500 0.085 0.083 0.025 -0.425 -0.022 0
 0.500 0.076 0.250 0.025 -0.400 -0.022 0
 0.500 0.085 0.500 0.025 -0.450 0.000 0
 0.500 0.085 0.250 0.025 -0.450 -0.022 0
 0.542 0.093 0.250 0.025 -0.475 0.000 0
 0.542 0.102 0.083 0.000 -0.450 0.000 0
 0.542 0.102 0.333 0.025 -0.450 0.000 0
 0.542 0.102 0.500 0.025 -0.450 -0.022 0
 0.542 0.076 0.083 0.025 -0.425 -0.044 0
 0.542 0.085 0.083 0.025 -0.425 -0.044 0
 0.542 0.085 0.333 0.025 -0.400 -0.067 0
 0.542 0.076 0.083 0.025 -0.325 -0.067 0
 0.542 0.076 0.333 0.025 -0.325 -0.067 0
 0.542 0.076 0.083 0.025 -0.325 -0.044 0
 0.583 0.076 0.583 0.025 -0.300 -0.044 0
 0.583 0.076 0.083 0.025 -0.250 -0.067 0
 0.583 0.076 0.083 0.000 -0.275 -0.044 0
 0.583 0.076 0.500 0.000 -0.225 -0.044 0
 0.583 0.076 0.583 0.000 -0.275 -0.044 0
 0.583 0.076 0.583 0.000 -0.275 -0.044 0
 0.583 0.076 0.083 0.000 -0.300 -0.022 0
 0.583 0.051 0.583 0.000 -0.250 -0.022 0
 0.583 0.051 0.500 0.000 -0.200 -0.022 0
 0.583 0.051 0.083 0.000 -0.125 -0.044 0
 0.583 0.051 0.083 0.025 -0.125 -0.044 0
 0.625 0.051 0.083 0.025 -0.075 -0.022 0
 0.625 0.051 0.083 0.025 -0.075 -0.044 0
 0.625 0.051 0.583 0.025 -0.100 -0.044 0
 0.625 0.034 0.750 0.025 -0.075 -0.044 0
 0.625 0.025 0.583 0.025 0.000 -0.044 0
 0.625 0.025 0.583 0.025 0.000 -0.067 0
 0.625 0.076 0.083 0.025 0.050 -0.067 0
 0.625 0.076 0.083 0.025 0.025 -0.067 0
 0.625 0.076 0.583 0.025 0.025 -0.044 0
 0.625 0.051 0.500 0.000 0.050 -0.067 0
 0.625 0.051 0.333 0.000 0.075 -0.067 0
 0.667 0.102 0.333 0.000 0.100 -0.044 0
 0.667 0.102 0.333 0.000 0.150 -0.022 0
 0.667 0.051 0.583 0.000 0.125 -0.022 0
 0.667 0.076 0.500 0.000 0.150 -0.044 0
 0.667 0.076 0.500 0.000 0.175 -0.022 0
 0.667 0.076 0.333 0.000 0.200 -0.022 0
 0.667 0.076 0.333 0.000 0.250 -0.022 0
 0.667 0.076 0.333 0.025 0.200 -0.022 0
 0.667 0.076 0.333 0.025 0.200 0.000 0
 0.667 0.076 0.250 0.025 0.225 0.000 0
 0.667 0.051 0.083 0.025 0.225 0.000 0
 0.708 0.025 0.500 0.025 0.250 -0.022 0
 0.708 0.042 0.333 0.025 0.275 -0.044 0
 0.708 0.042 0.333 0.025 0.275 -0.022 0
 0.708 0.051 0.500 0.025 0.250 -0.022 0
 0.708 0.051 0.833 0.025 0.300 -0.044 0
 0.708 0.025 0.333 0.025 0.225 -0.044 0
 0.708 0.051 0.083 0.000 0.300 -0.044 0
 0.708 0.051 0.583 0.025 0.275 -0.067 0
 0.708 0.042 0.500 0.025 0.300 -0.067 0
 0.708 0.042 0.750 0.025 0.350 -0.067 0
 0.708 0.025 0.333 0.025 0.375 -0.067 0
 0.750 0.000 0.333 0.025 0.300 -0.022 0
 0.750 0.000 0.333 0.025 0.350 -0.044 0
 0.750 0.000 0.083 0.025 0.325 -0.044 0
 0.750 0.000 0.083 0.025 0.350 -0.022 0
 0.750 0.000 0.083 0.025 0.300 -0.022 0
 0.750 0.000 0.083 0.025 0.300 -0.022 0
 0.750 0.000 0.083 0.000 0.325 0.000 0
 0.750 0.000 0.083 0.000 0.300 -0.022 0
 0.750 0.000 0.083 0.000 0.350 0.000 0
 0.750 0.000 0.083 0.000 0.350 -0.022 0
 0.750 0.000 0.083 0.000 0.325 -0.044 0
 0.792 0.000 0.083 0.000 0.375 -0.022 0
 0.792 0.000 0.083 0.000 0.375 0.000 0
 0.792 0.000 0.083 0.000 0.350 -0.022 0
 0.792 0.000 0.083 0.000 0.325 -0.022 0
 0.792 0.000 0.083 0.000 0.350 -0.022 0
 0.792 0.017 0.083 0.000 0.325 0.000 0
 0.792 0.025 0.083 -0.025 0.300 0.022 0
 0.792 0.025 0.083 0.000 0.325 0.000 0
 0.792 0.000 0.083 0.000 0.250 0.022 0
 0.792 0.008 0.083 0.000 0.275 0.022 0
 0.833 0.025 0.083 0.000 0.250 0.022 0
 0.833 0.025 0.083 0.000 0.225 -0.022 0
 0.833 0.025 0.083 0.000 0.200 0.022 0
 0.833 0.025 0.083 0.000 0.200 0.000 0
 0.833 0.051 0.083 0.000 0.200 0.000 0
 0.833 0.051 0.083 0.000 0.150 -0.044 0
 0.833 0.025 0.500 0.025 0.125 -0.022 0
 0.833 0.000 0.500 0.000 0.125 -0.022 0
 0.833 0.000 0.500 0.000 0.050 0.000 0
 0.833 0.000 0.500 0.000 0.100 -0.022 0
 0.833 0.000 0.500 0.025 0.050 -0.022 0
 0.875 0.000 0.500 0.025 -0.025 0.000 0
 0.875 0.000 0.500 0.025 0.000 -0.044 0
 0.875 0.000 0.500 0.025 0.025 -0.022 0
 0.875 0.000 0.500 0.025 0.025 -0.022 0
 0.875 0.000 0.500 0.025 0.000 0.022 0
 0.875 0.000 0.333 0.025 -0.050 0.000 0
 0.875 0.000 0.500 0.025 -0.025 -0.022 0
 0.875 0.025 0.500 0.025 -0.075 -0.044 0
 0.875 0.042 0.333 0.025 -0.100 -0.044 0
 0.875 0.051 0.500 -0.025 -0.125 -0.044 0
 0.875 0.051 0.333 -0.025 -0.150 -0.044 0
 0.917 0.008 0.500 0.000 -0.150 -0.022 0
 0.917 0.025 0.333 0.000 -0.125 -0.022 0
 0.917 0.034 0.333 0.000 -0.150 -0.022 0
 0.917 0.042 0.333 -0.025 -0.150 -0.067 0
 0.917 0.042 0.333 -0.025 -0.125 -0.044 0
 0.917 0.025 0.333 -0.025 -0.125 -0.044 0
 0.917 0.034 0.333 -0.025 -0.150 -0.044 0
 0.917 0.051 0.500 -0.025 -0.175 -0.022 0
 0.917 0.051 0.083 0.000 -0.225 -0.022 0
 0.917 0.034 0.083 0.025 -0.175 -0.022 0
 0.917 0.034 0.083 0.025 -0.200 -0.022 0
 0.958 0.034 0.083 0.000 -0.200 -0.022 0
 0.958 0.034 0.083 0.000 -0.300 -0.022 0
 0.958 0.034 0.083 0.025 -0.300 0.000 0
 0.958 0.051 0.083 0.025 -0.300 -0.022 0
 0.958 0.051 0.083 0.025 -0.275 0.000 0
 0.958 0.034 0.083 0.000 -0.300 0.000 0
 0.958 0.034 0.083 0.000 -0.350 0.000 0
 0.958 0.042 0.083 0.000 -0.300 0.022 0
 0.958 0.042 0.083 -0.025 -0.350 0.022 0
 0.958 0.042 0.083 -0.025 -0.300 0.022 0
 0.958 0.034 0.083 -0.025 -0.300 0.022 0
 0.000 0.025 0.083 -0.051 -0.350 0.022 0
 0.000 0.034 0.083 -0.076 -0.325 0.067 0
 0.000 0.034 0.083 -0.101 -0.350 0.111 0
 0.000 0.034 0.083 -0.126 -0.375 0.111 0
 0.000 0.034 0.083 -0.126 -0.400 0.178 0
 0.000 0.034 0.083 -0.152 -0.375 0.222 0
 0.000 0.034 0.083 -0.177 -0.375 0.267 0
 0.000 0.034 0.083 -0.177 -0.400 0.289 0
 0.000 0.034 0.083 -0.202 -0.400 0.333 0
 0.000 0.034 0.250 -0.227 -0.350 0.333 0
 0.000 0.034 0.083 -0.253 -0.400 0.444 0
 0.042 0.025 0.083 -0.253 -0.350 0.489 0
 0.042 0.034 0.083 -0.227 -0.375 0.467 0
 0.042 0.059 0.083 -0.202 -0.350 0.533 0
 0.042 0.059 0.083 -0.177 -0.325 0.489 0
 0.042 0.059 0.083 -0.177 -0.325 0.444 0
 0.042 0.068 0.083 -0.152 -0.300 0.400 0
 0.042 0.068 0.083 -0.177 -0.300 0.422 0
 0.042 0.059 0.083 -0.177 -0.300 0.422 0
 0.042 0.102 0.083 -0.177 -0.325 0.444 0
 0.042 0.136 0.083 -0.152 -0.350 0.378 0
 0.042 0.153 0.083 -0.152 -0.275 0.422 0
 0.083 0.144 0.083 -0.152 -0.325 0.333 0
 0.083 0.153 0.083 -0.177 -0.250 0.289 0
 0.083 0.178 0.083 -0.177 -0.250 0.267 0
 0.083 0.178 0.083 -0.152 -0.225 0.289 0
 0.083 0.263 0.083 -0.177 -0.200 0.311 0
 0.083 0.263 0.083 -0.152 -0.175 0.267 0
 0.083 0.212 0.083 -0.126 -0.150 0.222 0
 0.083 0.212 0.083 -0.126 -0.150 0.222 0
 0.083 0.178 0.083 -0.152 -0.200 0.222 0
 0.083 0.169 0.083 -0.152 -0.100 0.222 0
 0.125 0.186 0.083 -0.152 -0.100 0.200 0
 0.125 0.186 0.083 -0.152 -0.025 0.200 0
 0.125 0.186 0.083 -0.152 -0.025 0.200 0
 0.125 0.229 0.083 -0.152 -0.050 0.178 0
 0.125 0.229 0.083 -0.152 0.000 0.156 0
 0.125 0.119 0.083 -0.177 0.050 0.200 0
 0.125 0.119 0.083 -0.152 0.050 0.178 0
 0.125 0.153 0.083 -0.126 0.075 0.133 0
 0.125 0.153 0.083 -0.126 0.150 0.089 0
 0.125 0.136 0.083 -0.101 0.200 0.111 0
 0.125 0.153 0.083 -0.025 0.200 0.044 0
 0.167 0.110 0.083 -0.025 0.325 0.000 0
 0.167 0.136 0.083 -0.051 0.275 0.044 0
 0.167 0.136 0.083 -0.076 0.350 0.067 0
 0.167 0.110 0.083 -0.101 0.350 0.089 0
 0.167 0.110 0.083 -0.126 0.350 0.089 0
 0.167 0.127 0.083 -0.177 0.425 0.156 0
 0.167 0.127 0.083 -0.177 0.450 0.178 0
 0.167 0.102 0.333 -0.126 0.450 0.156 0
 0.167 0.102 0.083 -0.126 0.500 0.111 0
 0.167 0.110 0.083 -0.227 0.500 0.222 0
 0.167 0.110 0.083 -0.278 0.550 0.311 0
 0.208 0.136 0.083 -0.253 0.525 0.244 0
 0.208 0.093 0.083 -0.253 0.550 0.244 0
 0.208 0.161 0.333 -0.076 0.625 0.133 0
 0.208 0.161 0.083 0.051 0.575 0.000 0
 0.208 0.110 0.083 0.126 0.625 -0.067 0
 0.208 0.110 0.083 0.126 0.675 -0.067 0
 0.208 0.102 0.083 0.051 0.700 0.000 0
 0.208 0.102 0.083 -0.025 0.650 0.044 0
 0.208 0.153 0.083 0.025 0.675 0.000 0
 0.208 0.153 0.083 0.152 0.675 -0.067 0
 0.208 0.102 0.250 0.227 0.650 -0.178 0
 0.250 0.102 0.083 0.253 0.700 -0.133 0
 0.250 0.102 0.250 0.076 0.675 -0.022 0
 0.250 0.076 0.583 -0.051 0.650 0.089 0
 0.250 0.076 0.583 -0.152 0.675 0.133 0
 0.250 0.127 0.083 -0.101 0.675 0.111 0
 0.250 0.127 0.083 -0.025 0.650 0.067 0
 0.250 0.076 0.083 0.076 0.725 0.000 0
 0.250 0.068 0.083 0.025 0.675 0.000 0
 0.250 0.093 0.083 -0.101 0.675 0.089 0
 0.250 0.093 0.583 -0.152 0.650 0.178 0
 0.250 0.068 0.083 -0.202 0.675 0.178 0
 0.292 0.119 0.083 0.000 0.650 0.089 0
 0.292 0.119 0.083 0.051 0.575 0.089 0
 0.292 0.127 0.083 0.101 0.600 0.022 0
 0.292 0.127 0.083 0.051 0.525 0.022 0
 0.292 0.076 0.083 0.000 0.450 0.022 0
 0.292 0.059 0.083 -0.051 0.475 0.089 0
 0.292 0.076 0.583 0.025 0.475 0.067 0
 0.292 0.102 0.333 0.076 0.450 0.000 0
 0.292 0.102 0.083 0.025 0.425 0.022 0
 0.292 0.076 0.083 0.051 0.425 0.022 0
 0.333 0.102 0.083 -0.051 0.350 0.044 0
 0.333 0.102 0.083 0.000 0.300 0.000 0
 0.333 0.076 0.083 0.051 0.375 0.000 0
 0.333 0.093 0.083 0.076 0.300 0.000 0
 0.333 0.093 0.083 0.101 0.275 -0.022 0
 0.333 0.127 0.083 0.152 0.275 -0.067 0
 0.333 0.127 0.083 0.152 0.200 -0.089 0
 0.333 0.042 0.083 0.152 0.200 -0.044 0
 0.333 0.102 0.083 0.202 0.150 -0.044 0
 0.333 0.102 0.083 0.253 0.125 -0.111 0
 0.333 0.085 0.083 0.328 0.100 -0.156 0
 0.375 0.102 0.500 0.303 0.100 -0.178 0
 0.375 0.102 0.083 0.253 0.050 -0.133 0
 0.375 0.102 0.083 0.253 0.075 -0.089 0
 0.375 0.102 0.083 0.253 0.050 -0.089 0
 0.375 0.093 0.083 0.227 0.050 -0.111 0
 0.375 0.102 0.083 0.227 0.000 -0.067 0
 0.375 0.186 0.083 0.202 -0.025 -0.244 0
 0.375 0.186 0.083 0.177 -0.050 -0.467 0
 0.375 0.102 0.083 0.177 -0.125 -0.511 0
 0.375 0.186 0.083 0.177 -0.125 -0.556 0
 0.375 0.186 0.083 0.177 -0.175 -0.556 0
 0.417 0.144 0.083 0.177 -0.200 -0.600 0
 0.417 0.153 0.083 0.177 -0.275 -0.622 0
 0.417 0.169 0.083 0.177 -0.250 -0.600 0
 0.417 0.169 0.083 0.202 -0.325 -0.578 0
 0.417 0.153 0.083 0.177 -0.350 -0.600 0
 0.417 0.153 0.083 0.202 -0.350 -0.444 0
 0.417 0.127 0.083 0.202 -0.350 -0.267 0
 0.417 0.127 0.250 0.177 -0.350 -0.200 0
 0.417 0.102 0.083 0.126 -0.325 -0.133 0
 0.417 0.102 0.083 0.126 -0.350 -0.111 0
 0.417 0.102 0.083 0.101 -0.375 -0.067 0
 0.458 0.110 0.083 0.076 -0.375 -0.111 0
 0.458 0.127 0.083 0.101 -0.425 -0.111 0
 0.458 0.127 0.083 0.076 -0.425 -0.111 0
 0.458 0.076 0.083 0.076 -0.450 -0.111 0
 0.458 0.076 0.083 0.051 -0.475 -0.111 0
 0.458 0.076 0.083 0.051 -0.450 -0.111 0
 0.458 0.076 0.083 0.076 -0.475 -0.089 0
 0.458 0.102 0.083 0.076 -0.425 -0.111 0
 0.458 0.102 0.333 0.051 -0.475 -0.111 0
 0.458 0.076 0.083 0.051 -0.425 -0.133 0
 0.458 0.076 0.083 0.051 -0.425 -0.133 0
 0.500 0.076 0.583 0.025 -0.425 -0.133 0
 0.500 0.068 0.083 0.025 -0.450 -0.133 0
 0.500 0.051 0.083 0.051 -0.425 -0.133 0
 0.500 0.153 0.083 0.051 -0.425 -0.111 0
 0.500 0.153 0.083 0.051 -0.400 -0.067 0
 0.500 0.153 0.083 0.025 -0.425 -0.067 0
 0.500 0.263 0.250 0.025 -0.400 -0.067 0
 0.500 0.263 0.083 0.025 -0.425 -0.089 0
 0.500 0.186 0.083 0.025 -0.400 -0.067 0
 0.500 0.153 0.083 0.025 -0.425 -0.067 0
 0.500 0.136 0.083 0.025 -0.425 -0.089 0
 0.542 0.110 0.083 0.025 -0.350 -0.089 0
 0.542 0.110 0.083 0.025 -0.375 -0.089 0
 0.542 0.102 0.333 0.025 -0.325 -0.111 0
 0.542 0.119 0.083 0.025 -0.325 -0.156 0
 0.542 0.119 0.083 0.025 -0.350 -0.156 0
 0.542 0.110 0.083 0.025 -0.350 -0.156 0
 0.542 0.110 0.333 0.025 -0.350 -0.133 0
 0.542 0.085 0.500 0.025 -0.325 -0.133 0
 0.542 0.076 0.500 0.025 -0.350 -0.111 0
 0.583 0.076 0.083 0.025 -0.300 -0.111 0
 0.583 0.076 0.083 0.025 -0.325 -0.089 0
 0.583 0.025 0.083 0.025 -0.300 -0.089 0
 0.583 0.025 0.083 0.025 -0.250 -0.067 0
 0.583 0.068 0.583 0.025 -0.275 -0.067 0
 0.583 0.068 0.583 0.025 -0.300 -0.067 0
 0.583 0.034 0.333 0.025 -0.275 -0.044 0
 0.583 0.034 0.083 0.025 -0.275 -0.044 0
 0.583 0.034 0.083 0.025 -0.250 -0.067 0
 0.583 0.068 0.083 0.025 -0.250 -0.044 0
 0.583 0.068 0.083 0.025 -0.200 -0.044 0
 0.625 0.042 0.083 0.025 -0.225 -0.044 0
 0.625 0.059 0.583 0.000 -0.275 -0.067 0
 0.625 0.076 0.583 0.000 -0.225 -0.067 0
 0.625 0.076 0.333 0.000 -0.225 -0.044 0
 0.625 0.025 0.500 0.025 -0.175 -0.044 0
 0.625 0.025 0.500 0.025 -0.175 -0.044 0
 0.625 0.017 0.500 0.025 -0.150 -0.022 0
 0.625 0.008 0.750 0.025 -0.125 0.000 0
 0.625 0.000 0.833 0.025 -0.175 -0.022 0
 0.625 0.000 0.833 0.025 -0.100 0.000 0
 0.625 0.000 0.500 0.025 -0.125 0.000 0
 0.667 0.017 0.333 0.025 -0.050 0.000 0
 0.667 0.017 0.750 0.025 0.000 0.000 0
 0.667 0.008 0.750 0.025 -0.075 0.000 0
 0.667 0.017 0.750 0.000 -0.025 0.000 0
 0.667 0.017 0.750 0.000 0.025 -0.022 0
 0.667 0.000 0.750 0.000 0.000 -0.044 0
 0.667 0.017 0.750 0.000 -0.025 -0.067 0
 0.667 0.017 0.833 0.000 0.000 -0.067 0
 0.667 0.017 0.833 0.000 -0.025 -0.067 0
 0.667 0.000 0.833 0.000 0.000 -0.067 0
 0.667 0.000 0.833 0.000 -0.025 -0.022 0
 0.708 0.000 0.833 0.025 0.075 -0.044 0
 0.708 0.000 0.833 0.025 0.075 -0.044 0
 0.708 0.000 0.833 0.025 0.050 -0.067 0
 0.708 0.000 0.833 0.025 0.050 -0.044 0
 0.708 0.000 0.833 0.025 0.075 -0.044 0
 0.708 0.000 0.833 0.025 0.100 -0.022 0
 0.708 0.000 0.833 0.025 0.100 -0.022 0
 0.708 0.008 0.500 0.025 0.150 -0.022 0
 0.708 0.008 0.833 0.025 0.100 -0.044 0
 0.708 0.008 0.833 0.025 0.175 -0.067 0
 0.708 0.017 0.833 0.000 0.150 -0.044 0
 0.750 0.017 0.583 0.000 0.075 -0.067 0
 0.750 0.017 0.583 0.000 0.175 -0.044 0
 0.750 0.025 0.500 0.000 0.200 -0.044 0
 0.750 0.025 0.583 0.000 0.175 -0.044 0
 0.750 0.025 0.833 0.000 0.200 -0.044 0
 0.750 0.025 0.500 0.000 0.250 -0.044 0
 0.750 0.017 0.500 0.000 0.250 -0.044 0
 0.750 0.000 0.833 0.000 0.250 -0.044 0
 0.750 0.000 0.500 0.000 0.225 -0.022 0
 0.750 0.000 0.500 0.000 0.250 -0.022 0
 0.792 0.000 0.500 0.025 0.200 -0.022 0
 0.792 0.000 0.500 0.000 0.250 -0.022 0
 0.792 0.000 0.583 0.000 0.275 -0.044 0
 0.792 0.025 0.833 0.000 0.275 -0.044 0
 0.792 0.051 0.083 0.000 0.275 -0.044 0
 0.792 0.051 0.000 0.000 0.250 -0.044 0
 0.792 0.051 0.000 0.000 0.250 -0.044 0
 0.792 0.051 0.000 0.000 0.275 -0.022 0
 0.792 0.051 0.000 0.000 0.250 -0.044 0
 0.792 0.051 0.000 0.000 0.200 -0.022 0
 0.792 0.025 0.000 0.000 0.250 -0.022 0
 0.833 0.017 0.000 0.025 0.275 0.000 0
 0.833 0.017 0.000 0.025 0.275 -0.022 0
 0.833 0.025 0.000 0.025 0.250 -0.022 0
 0.833 0.025 0.000 0.025 0.250 -0.022 0
 0.833 0.025 0.000 0.025 0.200 -0.022 0
 0.833 0.025 0.000 0.025 0.200 -0.022 0
 0.833 0.051 0.583 0.000 0.175 -0.022 0
 0.833 0.076 0.583 0.000 0.200 -0.022 0
 0.833 0.076 0.583 0.000 0.200 -0.044 0
 0.833 0.076 0.583 0.000 0.175 -0.044 0
 0.833 0.076 0.500 0.000 0.175 -0.022 0
 0.875 0.076 0.500 0.000 0.150 0.000 0
 0.875 0.076 0.583 0.000 0.150 0.000 0
 0.875 0.076 0.333 0.000 0.100 0.000 0
 0.875 0.051 0.250 0.000 0.100 0.000 0
 0.875 0.051 0.583 0.000 0.075 0.000 0
 0.875 0.051 0.583 0.025 0.075 0.000 0
 0.875 0.076 0.583 0.025 0.025 0.000 0
 0.875 0.076 0.583 0.025 0.050 0.000 0
 0.875 0.051 0.583 0.025 0.075 0.000 0
 0.875 0.051 0.583 0.025 -0.025 0.000 0
 0.917 0.025 0.583 0.000 0.000 -0.022 0
 0.917 0.034 0.583 0.000 -0.125 -0.022 0
 0.917 0.034 0.583 0.000 -0.075 -0.022 0
 0.917 0.025 0.583 0.000 -0.100 -0.022 0
 0.917 0.051 0.583 0.000 -0.050 -0.022 0
 0.917 0.051 0.583 0.000 -0.100 -0.022 0
 0.917 0.085 0.083 0.000 -0.125 -0.022 0
 0.917 0.102 0.083 0.000 -0.125 -0.022 0
 0.917 0.102 0.083 0.000 -0.150 -0.022 0
 0.917 0.076 0.083 0.025 -0.175 -0.022 0
 0.917 0.076 0.083 0.025 -0.175 -0.022 0
 0.958 0.051 0.083 0.000 -0.175 0.000 0
 0.958 0.051 0.250 0.000 -0.125 0.000 0
 0.958 0.051 0.083 0.000 -0.150 0.000 0
 0.958 0.051 0.083 0.000 -0.200 0.000 0
 0.958 0.076 0.083 0.000 -0.225 0.000 0
 0.958 0.076 0.083 -0.025 -0.225 0.000 0
 0.958 0.051 0.083 -0.025 -0.225 0.022 0
 0.958 0.051 0.083 -0.051 -0.250 0.067 0
 0.958 0.051 0.083 -0.101 -0.275 0.067 0
 0.958 0.051 0.083 -0.126 -0.200 0.022 0
 0.000 0.025 0.083 -0.152 -0.325 0.178 0
 0.000 0.068 0.583 -0.177 -0.250 0.178 0
 0.000 0.068 0.083 -0.202 -0.350 0.289 0
 0.000 0.076 0.083 -0.227 -0.350 0.378 0
 0.000 0.110 0.083 -0.227 -0.350 0.422 0
 0.000 0.110 0.250 -0.202 -0.350 0.400 0
 0.000 0.076 0.083 -0.227 -0.375 0.489 0
 0.000 0.076 0.583 -0.227 -0.375 0.533 0
 0.000 0.110 0.500 -0.202 -0.325 0.556 0
 0.000 0.110 0.333 -0.202 -0.300 0.622 0
 0.000 0.136 0.583 -0.177 -0.300 0.556 0
 0.042 0.085 0.083 -0.177 -0.300 0.533 0
 0.042 0.085 0.083 -0.177 -0.325 0.511 0
 0.042 0.076 0.083 -0.177 -0.300 0.444 0
 0.042 0.076 0.083 -0.227 -0.275 0.467 0
 0.042 0.076 0.500 -0.253 -0.225 0.578 0
 0.042 0.110 0.583 -0.227 -0.225 0.511 0
 0.042 0.144 0.083 -0.202 -0.250 0.400 0
 0.042 0.144 0.083 -0.227 -0.175 0.422 0
 0.042 0.119 0.583 -0.202 -0.175 0.467 0
 0.042 0.119 0.083 -0.227 -0.200 0.489 0
 0.042 0.093 0.250 -0.253 -0.125 0.533 0
 0.083 0.102 0.083 -0.227 -0.125 0.400 0
 0.083 0.093 0.083 -0.227 -0.050 0.422 0
 0.083 0.119 0.083 -0.152 -0.075 0.356 0
 0.083 0.119 0.333 -0.126 -0.100 0.244 0
 0.083 0.102 0.333 -0.126 -0.050 0.222 0
 0.083 0.102 0.250 -0.126 0.025 0.222 0
 0.083 0.153 0.083 -0.101 0.000 0.178 0
 0.083 0.153 0.083 -0.152 0.000 0.111 0
 0.083 0.076 0.083 -0.177 0.000 0.178 0
 0.083 0.076 0.500 -0.177 0.000 0.178 0
 0.083 0.076 0.083 -0.177 0.000 0.178 0
 0.125 0.110 0.083 -0.202 0.000 0.133 0
 0.125 0.102 0.083 -0.278 0.025 0.156 0
 0.125 0.059 0.250 -0.303 0.050 0.222 0
 0.125 0.059 0.083 -0.354 0.050 0.244 0
 0.125 0.102 0.083 -0.354 0.050 0.289 0
 0.125 0.102 0.083 -0.328 0.150 0.267 0
 0.125 0.153 0.083 -0.253 0.100 0.244 0
 0.125 0.153 0.083 -0.227 0.100 0.178 0
 0.125 0.110 0.083 -0.227 0.100 0.178 0
 0.125 0.110 0.083 -0.227 0.150 0.156 0
 0.167 0.110 0.083 -0.152 0.200 0.133 0
 0.167 0.186 0.083 -0.076 0.150 0.089 0
 0.167 0.186 0.250 0.000 0.175 0.022 0
 0.167 0.153 0.083 0.101 0.225 -0.067 0
 0.167 0.178 0.083 0.101 0.225 -0.067 0
 0.167 0.178 0.083 0.076 0.225 -0.067 0
 0.167 0.186 0.083 0.025 0.275 0.000 0
 0.167 0.186 0.250 0.076 0.275 -0.044 0
 0.167 0.127 0.083 0.076 0.275 -0.067 0
 0.167 0.220 0.083 0.051 0.275 -0.044 0
 0.167 0.220 0.083 0.051 0.275 -0.044 0
 0.208 0.203 0.083 0.051 0.325 -0.044 0
 0.208 0.110 0.083 -0.051 0.275 0.022 0
 0.208 0.110 0.083 -0.101 0.325 0.044 0
 0.208 0.127 0.083 -0.101 0.375 0.022 0
 0.208 0.127 0.083 -0.126 0.375 0.067 0
 0.208 0.076 0.083 -0.126 0.325 0.022 0
 0.208 0.102 0.083 -0.177 0.400 0.067 0
 0.208 0.102 0.083 -0.177 0.400 0.089 0
 0.208 0.102 0.083 -0.126 0.425 0.067 0
 0.208 0.102 0.083 -0.126 0.400 0.067 0
 0.208 0.102 0.083 -0.177 0.475 0.111 0
 0.250 0.102 0.083 -0.076 0.475 0.022 0
 0.250 0.102 0.083 -0.051 0.475 0.044 0
 0.250 0.068 0.083 -0.051 0.500 0.044 0
 0.250 0.076 0.333 -0.025 0.500 0.044 0
 0.250 0.076 0.083 0.000 0.500 0.022 0
 0.250 0.093 0.083 0.025 0.475 0.000 0
 0.250 0.093 0.083 0.076 0.475 -0.044 0
 0.250 0.093 0.083 0.101 0.500 -0.044 0
 0.250 0.102 0.083 0.101 0.475 -0.067 0
 0.250 0.110 0.083 0.101 0.475 -0.044 0
 0.250 0.110 0.083 0.076 0.500 -0.044 0
 0.292 0.102 0.083 0.076 0.550 -0.022 0
 0.292 0.068 0.083 0.076 0.500 -0.022 0
 0.292 0.068 0.083 0.051 0.475 -0.044 0
 0.292 0.093 0.083 0.076 0.450 -0.022 0
 0.292 0.102 0.083 0.076 0.450 -0.022 0
 0.292 0.102 0.250 0.076 0.350 -0.022 0
 0.292 0.102 0.083 0.101 0.400 -0.044 0
 0.292 0.102 0.083 0.126 0.350 -0.044 0
 0.292 0.169 0.083 0.152 0.350 -0.067 0
 0.292 0.169 0.083 0.177 0.250 -0.089 0
 0.292 0.119 0.083 0.202 0.250 -0.089 0
 0.333 0.068 0.083 0.202 0.250 -0.133 0
 0.333 0.076 0.583 0.253 0.150 -0.156 0
 0.333 0.153 0.083 0.253 0.150 -0.200 0
 0.333 0.153 0.083 0.278 0.125 -0.222 0
 0.333 0.110 0.083 0.303 0.150 -0.244 0
 0.333 0.110 0.083 0.278 0.075 -0.267 0
 0.333 0.110 0.083 0.278 0.050 -0.267 0
 0.333 0.110 0.083 0.303 0.025 -0.311 0
 0.333 0.169 0.083 0.303 0.050 -0.333 0
 0.333 0.169 0.083 0.303 0.000 -0.333 0
 0.333 0.153 0.083 0.303 0.025 -0.311 0
 0.375 0.144 0.083 0.303 -0.050 -0.311 0
 0.375 0.144 0.083 0.278 -0.100 -0.289 0
 0.375 0.127 0.083 0.253 -0.100 -0.267 0
 0.375 0.119 0.083 0.202 -0.075 -0.222 0
 0.375 0.119 0.083 0.202 -0.125 -0.200 0
 0.375 0.102 0.083 0.177 -0.175 -0.200 0
 0.375 0.102 0.083 0.126 -0.175 -0.178 0
 0.375 0.093 0.333 0.126 -0.150 -0.156 0
 0.375 0.076 0.083 0.101 -0.150 -0.156 0
 0.375 0.076 0.083 0.126 -0.150 -0.156 0
 0.417 0.076 0.083 0.076 -0.200 -0.178 0
 0.417 0.153 0.083 0.076 -0.150 -0.222 0
 0.417 0.153 0.083 0.101 -0.200 -0.289 0
 0.417 0.153 0.083 0.101 -0.250 -0.311 0
 0.417 0.153 0.083 0.101 -0.275 -0.311 0
 0.417 0.144 0.083 0.101 -0.175 -0.267 0
 0.417 0.144 0.083 0.101 -0.225 -0.244 0
 0.417 0.127 0.083 0.101 -0.250 -0.267 0
 0.417 0.144 0.083 0.101 -0.275 -0.267 0
 0.417 0.144 0.083 0.076 -0.300 -0.289 0
 0.417 0.102 0.083 0.076 -0.325 -0.289 0
 0.458 0.144 0.083 0.101 -0.300 -0.222 0
 0.458 0.119 0.083 0.076 -0.275 -0.156 0
 0.458 0.102 0.083 0.101 -0.300 -0.156 0
 0.458 0.153 0.083 0.076 -0.300 -0.178 0
 0.458 0.153 0.083 0.076 -0.250 -0.200 0
 0.458 0.119 0.083 0.076 -0.225 -0.222 0
 0.458 0.068 0.083 0.051 -0.250 -0.200 0
 0.458 0.076 0.083 0.076 -0.275 -0.178 0
 0.458 0.153 0.083 0.076 -0.225 -0.178 0
 0.458 0.153 0.083 0.076 -0.250 -0.156 0
 0.458 0.186 0.083 0.051 -0.300 -0.156 0
 0.500 0.119 0.083 0.076 -0.300 -0.178 0
 0.500 0.153 0.083 0.051 -0.300 -0.156 0
 0.500 0.153 0.083 0.051 -0.175 -0.111 0
 0.500 0.186 0.083 0.051 -0.200 -0.133 0
 0.500 0.186 0.083 0.051 -0.300 -0.111 0
 0.500 0.186 0.083 0.051 -0.325 -0.089 0
 0.500 0.153 0.083 0.025 -0.250 -0.089 0
 0.500 0.110 0.083 0.051 -0.250 -0.067 0
 0.500 0.153 0.083 0.051 -0.200 -0.067 0
 0.500 0.153 0.083 0.051 -0.225 -0.089 0
 0.500 0.119 0.083 0.051 -0.200 -0.067 0
 0.542 0.110 0.083 0.025 -0.250 -0.044 0
 0.542 0.110 0.083 0.025 -0.200 -0.044 0
 0.542 0.110 0.083 0.025 -0.250 -0.022 0
 0.542 0.110 0.083 0.025 -0.200 -0.022 0
 0.542 0.144 0.083 0.025 -0.250 -0.022 0
 0.542 0.144 0.083 0.025 -0.200 -0.022 0
 0.542 0.076 0.083 0.000 -0.225 -0.022 0
 0.542 0.110 0.083 0.000 -0.325 -0.022 0
 0.542 0.110 0.083 0.025 -0.275 -0.022 0
 0.542 0.110 0.083 0.025 -0.225 -0.022 0
 0.542 0.068 0.083 0.025 -0.225 0.000 0
 0.583 0.093 0.083 0.025 -0.200 0.000 0
 0.583 0.093 0.083 0.025 -0.250 0.000 0
 0.583 0.076 0.083 0.025 -0.200 -0.022 0
 0.583 0.093 0.083 0.025 -0.175 -0.022 0
 0.583 0.093 0.083 0.025 -0.125 -0.022 0
 0.583 0.076 0.083 0.025 -0.150 -0.022 0
 0.583 0.076 0.083 0.025 -0.150 -0.022 0
 0.583 0.076 0.250 0.000 -0.150 0.000 0
 0.583 0.042 0.000 0.000 -0.150 0.000 0
 0.583 0.034 0.000 0.000 -0.175 -0.044 0
 0.625 0.000 0.000 0.000 -0.200 -0.044 0
 0.625 0.000 0.000 0.000 -0.200 -0.044 0
 0.625 0.025 0.083 0.000 -0.200 -0.022 0
 0.625 0.025 0.000 0.000 -0.225 -0.022 0
 0.625 0.025 0.000 0.000 -0.200 -0.022 0
 0.625 0.017 0.000 0.000 -0.200 0.000 0
 0.625 0.017 0.000 0.000 -0.200 0.000 0
 0.625 0.000 0.000 0.000 -0.125 0.000 0
 0.625 0.000 0.000 0.000 -0.125 0.000 0
 0.625 0.000 0.000 0.000 -0.125 0.022 0
 0.625 0.000 0.000 0.000 -0.075 0.022 0
 0.667 0.042 0.583 0.000 -0.050 0.000 0
 0.667 0.068 0.583 0.000 -0.050 0.000 0
 0.667 0.076 0.583 0.000 -0.100 0.000 0
 0.667 0.093 0.583 0.000 -0.075 0.000 0
 0.667 0.093 0.583 0.000 -0.050 -0.022 0
 0.667 0.102 0.083 0.000 -0.050 0.000 0
 0.667 0.102 0.083 0.000 -0.025 0.022 0
 0.667 0.102 0.083 0.000 -0.025 0.022 0
 0.667 0.102 0.083 0.000 0.000 0.022 0
 0.667 0.093 0.583 0.000 0.100 0.022 0
 0.667 0.085 0.083 0.000 0.100 0.044 0
 0.708 0.093 0.333 0.000 0.150 0.044 0
 0.708 0.102 0.583 0.000 0.175 0.044 0
 0.708 0.102 0.583 0.000 0.150 0.044 0
 0.708 0.093 0.583 0.000 0.150 0.044 0
 0.708 0.085 0.583 0.000 0.175 0.000 0
 0.708 0.102 0.583 0.000 0.200 -0.022 0
 0.708 0.102 0.583 0.000 0.200 -0.022 0
 0.708 0.085 0.583 0.000 0.200 -0.022 0
 0.708 0.076 0.583 0.000 0.175 -0.022 0
 0.708 0.085 0.500 0.000 0.150 -0.022 0
 0.708 0.085 0.500 0.000 0.150 -0.044 0
 0.750 0.110 0.083 0.000 0.150 -0.044 0
 0.750 0.110 0.083 0.000 0.175 -0.044 0
 0.750 0.110 0.583 0.025 0.175 -0.067 0
 0.750 0.110 0.583 0.025 0.200 -0.044 0
 0.750 0.093 0.083 0.025 0.225 -0.044 0
 0.750 0.093 0.500 0.025 0.200 -0.044 0
 0.750 0.085 0.333 0.025 0.200 -0.067 0
 0.750 0.085 0.250 0.025 0.200 -0.067 0
 0.750 0.102 0.250 0.025 0.150 -0.067 0
 0.750 0.102 0.500 0.025 0.150 -0.044 0
 0.750 0.102 0.500 0.000 0.125 -0.044 0
 0.792 0.085 0.083 0.025 0.125 -0.022 0
 0.792 0.110 0.583 0.000 0.200 0.000 0
 0.792 0.110 0.500 0.000 0.200 0.000 0
 0.792 0.085 0.333 0.000 0.175 0.000 0
 0.792 0.076 0.583 0.000 0.150 0.000 0
 0.792 0.076 0.500 0.000 0.150 0.022 0
 0.792 0.076 0.583 0.000 0.150 0.000 0
 0.792 0.051 0.583 0.000 0.150 0.000 0
 0.792 0.051 0.750 0.000 0.175 0.000 0
 0.792 0.051 0.583 0.000 0.125 0.000 0
 0.792 0.085 0.583 0.000 0.125 -0.022 0
 0.833 0.085 0.583 0.000 0.125 -0.044 0
 0.833 0.085 0.583 0.000 0.125 -0.044 0
 0.833 0.102 0.500 0.000 0.075 -0.044 0
 0.833 0.102 0.583 0.000 0.075 -0.044 0
 0.833 0.085 0.583 0.000 0.075 -0.067 0
 0.833 0.085 0.583 0.000 0.050 -0.044 0
 0.833 0.093 0.583 0.000 0.050 -0.044 0
 0.833 0.093 0.583 0.000 0.000 -0.044 0
 0.833 0.076 0.583 0.000 0.025 -0.067 0
 0.833 0.076 0.583 0.000 0.050 -0.044 0
 0.833 0.093 0.583 0.000 0.000 -0.044 0
 0.875 0.085 0.583 0.000 -0.025 -0.067 0
 0.875 0.110 0.583 0.000 0.025 -0.067 0
 0.875 0.110 0.583 0.000 0.025 -0.067 0
 0.875 0.127 0.500 0.000 0.050 -0.044 0
 0.875 0.127 0.083 0.000 0.025 -0.044 0
 0.875 0.127 0.583 0.000 0.000 -0.044 0
 0.875 0.127 0.500 0.000 0.025 -0.022 0
 0.875 0.127 0.583 0.000 0.000 0.000 0
 0.875 0.110 0.583 0.000 0.025 0.000 0
 0.875 0.102 0.583 0.000 -0.025 0.000 0
 0.917 0.127 0.583 0.025 -0.075 0.000 0
 0.917 0.127 0.500 0.025 -0.050 0.000 0
 0.917 0.093 0.583 0.025 -0.050 0.000 0
 0.917 0.127 0.583 0.025 -0.100 0.000 0
 0.917 0.127 0.500 0.025 -0.075 0.000 0
 0.917 0.093 0.583 0.025 -0.075 0.000 0
 0.917 0.093 0.583 0.025 -0.100 0.000 0
 0.917 0.153 0.583 0.025 -0.075 0.044 0
 0.917 0.153 0.583 0.025 -0.100 0.067 0
 0.917 0.110 0.500 0.025 -0.125 0.067 0
 0.917 0.093 0.583 0.025 -0.075 0.067 0
 0.958 0.059 0.583 0.025 -0.125 0.089 0
 0.958 0.059 0.583 0.025 -0.175 0.089 0
 0.958 0.051 0.583 0.025 -0.125 0.089 0
 0.958 0.059 0.250 0.025 -0.200 0.111 0
 0.958 0.059 0.500 0.000 -0.200 0.133 0
 0.958 0.059 0.583 0.000 -0.175 0.111 0
 0.958 0.059 0.583 0.000 -0.250 0.089 0
 0.958 0.059 0.250 0.000 -0.200 0.089 0
 0.958 0.085 0.583 0.000 -0.250 0.111 0
 0.958 0.085 0.333 -0.025 -0.200 0.133 0
 0.958 0.102 0.083 -0.051 -0.200 0.156 0
 0.000 0.076 0.500 -0.051 -0.275 0.178 0
 0.000 0.085 0.500 -0.051 -0.250 0.200 0
 0.000 0.085 0.083 -0.051 -0.250 0.178 0
 0.000 0.102 0.333 -0.025 -0.250 0.156 0
 0.000 0.102 0.083 -0.051 -0.275 0.156 0
 0.000 0.110 0.083 -0.051 -0.300 0.133 0
 0.000 0.119 0.083 -0.051 -0.300 0.111 0
 0.000 0.144 0.083 -0.051 -0.250 0.089 0
 0.000 0.161 0.083 -0.025 -0.250 0.067 0
 0.000 0.178 0.083 -0.051 -0.250 0.089 0
 0.000 0.178 0.083 -0.051 -0.225 0.067 0
 0.042 0.229 0.083 -0.101 -0.225 0.156 0
 0.042 0.229 0.083 -0.126 -0.300 0.178 0
 0.042 0.212 0.083 -0.152 -0.250 0.222 0
 0.042 0.229 0.083 -0.126 -0.275 0.222 0
 0.042 0.229 0.083 -0.126 -0.300 0.222 0
 0.042 0.229 0.083 -0.101 -0.225 0.200 0
 0.042 0.288 0.083 -0.101 -0.275 0.200 0
 0.042 0.288 0.083 -0.101 -0.225 0.178 0
 0.042 0.220 0.083 -0.076 -0.250 0.133 0
 0.042 0.229 0.083 -0.101 -0.275 0.156 0
 0.042 0.229 0.083 -0.076 -0.175 0.156 0
 0.083 0.212 0.083 -0.076 -0.200 0.067 0
 0.083 0.195 0.083 -0.051 -0.150 0.044 0
 0.083 0.186 0.083 -0.076 -0.150 0.089 0
 0.083 0.186 0.083 -0.101 -0.100 0.133 0
 0.083 0.178 0.083 -0.152 -0.100 0.178 0
 0.083 0.186 0.083 -0.177 -0.100 0.222 0
 0.083 0.195 0.083 -0.202 -0.100 0.289 0
 0.083 0.195 0.083 -0.202 -0.125 0.311 0
 0.083 0.237 0.250 -0.177 -0.100 0.267 0
 0.083 0.237 0.083 -0.202 -0.125 0.289 0
 0.125 0.424 0.083 -0.253 -0.050 0.378 0
 0.125 0.424 0.083 -0.253 0.000 0.378 0
 0.125 0.432 0.083 -0.227 0.000 0.333 0
 0.125 0.559 0.083 -0.202 0.125 0.333 0
 0.125 0.559 0.083 -0.152 0.050 0.267 0
 0.125 0.432 0.083 -0.126 0.100 0.222 0
 0.125 0.407 0.083 -0.076 0.075 0.156 0
 0.125 0.381 0.083 -0.101 0.100 0.156 0
 0.125 0.390 0.083 -0.126 0.150 0.178 0
 0.125 0.390 0.083 -0.101 0.150 0.156 0
 0.125 0.424 0.083 -0.025 0.150 0.089 0
 0.167 0.381 0.083 -0.025 0.225 0.067 0
 0.167 0.381 0.083 0.000 0.250 0.067 0
 0.167 0.364 0.083 0.051 0.225 -0.044 0
 0.167 0.305 0.083 0.025 0.200 0.000 0
 0.167 0.347 0.083 0.025 0.250 -0.022 0
 0.167 0.347 0.083 0.025 0.325 0.000 0
 0.167 0.339 0.083 0.051 0.325 -0.022 0
 0.167 0.424 0.083 0.101 0.400 -0.022 0
 0.167 0.424 0.083 0.101 0.325 -0.089 0
 0.167 0.314 0.083 0.101 0.400 -0.089 0
 0.167 0.314 0.083 0.126 0.375 -0.133 0
 0.208 0.305 0.083 0.101 0.375 -0.133 0
 0.208 0.305 0.083 0.025 0.375 -0.067 0
 0.208 0.339 0.083 0.000 0.325 -0.022 0
 0.208 0.339 0.083 -0.051 0.400 0.067 0
 0.208 0.381 0.083 -0.076 0.325 0.067 0
 0.208 0.381 0.083 -0.051 0.325 0.067 0
 0.208 0.339 0.083 -0.076 0.350 0.067 0
 0.208 0.339 0.083 -0.076 0.350 0.111 0
 0.208 0.415 0.083 -0.101 0.400 0.156 0
 0.208 0.415 0.083 -0.126 0.425 0.178 0
 0.208 0.424 0.083 -0.101 0.400 0.156 0
 0.250 0.381 0.083 -0.025 0.300 0.111 0
 0.250 0.415 0.083 0.025 0.325 0.022 0
 0.250 0.415 0.083 0.101 0.350 -0.089 0
 0.250 0.347 0.083 0.126 0.375 -0.111 0
 0.250 0.339 0.083 0.126 0.400 -0.133 0
 0.250 0.381 0.083 0.126 0.350 -0.111 0
 0.250 0.381 0.083 0.126 0.375 -0.133 0
 0.250 0.305 0.083 0.152 0.450 -0.156 0
 0.250 0.305 0.083 0.152 0.400 -0.178 0
 0.250 0.305 0.083 0.126 0.400 -0.178 0
 0.250 0.288 0.083 0.126 0.375 -0.133 0
 0.292 0.288 0.083 0.051 0.400 -0.089 0
 0.292 0.229 0.083 0.025 0.400 -0.044 0
 0.292 0.229 0.083 -0.025 0.425 0.000 0
 0.292 0.229 0.083 -0.025 0.450 0.022 0
 0.292 0.212 0.083 -0.025 0.525 0.000 0
 0.292 0.229 0.083 -0.025 0.400 0.000 0
 0.292 0.229 0.083 -0.051 0.400 -0.022 0
 0.292 0.297 0.083 -0.025 0.400 0.022 0
 0.292 0.305 0.083 -0.025 0.350 0.022 0
 0.292 0.305 0.083 -0.025 0.350 0.000 0
 0.333 0.288 0.083 -0.025 0.375 0.044 0
 0.333 0.186 0.083 -0.025 0.350 0.044 0
 0.333 0.314 0.083 -0.025 0.350 0.044 0
 0.333 0.339 0.083 -0.025 0.325 0.022 0
 0.333 0.339 0.083 0.000 0.250 0.000 0
 0.333 0.271 0.083 0.000 0.250 0.022 0
 0.333 0.271 0.083 0.025 0.200 0.022 0
 0.333 0.186 0.083 0.025 0.125 -0.022 0
 0.333 0.186 0.083 0.025 0.100 -0.022 0
 0.333 0.186 0.083 0.025 0.125 0.000 0
 0.333 0.203 0.083 0.051 0.100 -0.067 0