2018-10-15T01:19Z 45 3 12 88 0 0 67 10051
2018-10-15T01:24Z 45 3 12 89 0 0 65 10052
2018-10-15T01:29Z 45 1 9 91 0 0 61 10053
2018-10-15T01:34Z 45 3 8 94 0 0 57 10052
2018-10-15T01:39Z 45 0 9 96 0 0 53 10053
2018-10-15T01:44Z 45 3 12 98 0 0 49 10053
2018-10-15T01:49Z 45 4 14 99 0 0 48 10053
2018-10-15T01:55Z 45 5 14 99 0 0 47 10053
2018-10-15T02:00Z 45 6 16 100 0 0 46 10054
2018-10-15T02:05Z 45 6 21 100 0 0 45 10054
2018-10-15T02:10Z 45 3 21 100 0 0 45 10054
2018-10-15T02:15Z 45 3 17 102 0 0 43 10055
2018-10-15T02:20Z 45 5 18 103 0 0 42 10055
2018-10-15T02:25Z 45 6 18 105 0 0 39 10054
2018-10-15T02:30Z 90 4 18 106 0 0 38 10054
2018-10-15T02:35Z 45 2 18 107 0 0 38 10057
2018-10-15T02:44Z 45 6 22 105 0 0 39 10054
2018-10-15T02:49Z 45 5 41 105 0 0 39 10056
2018-10-15T02:54Z 45 6 41 106 0 0 38 10054
2018-10-15T03:00Z 45 6 18 105 0 0 39 10054
2018-10-15T03:05Z 45 3 18 106 0 0 38 10051
2018-10-15T03:10Z 45 1 18 108 0 0 36 10051
2018-10-15T03:15Z 45 2 8 110 0 0 34 10050
2018-10-15T03:20Z 45 3 13 110 0 0 33 10049
2018-10-15T03:25Z 45 2 14 110 0 0 34 10050
2018-10-15T03:30Z 45 6 18 112 0 0 31 10048
2018-10-15T03:35Z 45 9 22 112 0 0 32 10048
2018-10-15T03:40Z 45 2 22 113 0 0 30 10047
2018-10-15T03:45Z 90 6 23 110 0 0 31 10047
2018-10-15T03:50Z 45 6 28 109 0 0 33 10046
2018-10-15T03:55Z 45 6 28 111 0 0 31 10045
2018-10-15T04:00Z 45 16 32 113 0 0 30 10043
2018-10-15T04:06Z 45 8 32 112 0 0 30 10043
2018-10-15T04:12Z 45 7 19 112 0 0 30 10042
2018-10-15T04:17Z 45 6 18 112 0 0 30 10042
2018-10-15T04:22Z 90 5 23 112 0 0 30 10042
2018-10-15T04:27Z 45 5 23 114 0 0 29 10041
2018-10-15T04:32Z 90 11 22 116 0 0 27 10039
2018-10-15T04:37Z 45 3 22 117 0 0 26 10040
2018-10-15T04:43Z 45 3 22 117 0 0 26 10040
2018-10-15T04:48Z 45 4 15 114 0 0 28 10037
2018-10-15T04:53Z 45 5 27 113 0 0 29 10037
2018-10-15T04:58Z 45 6 27 115 0 0 28 10035
2018-10-15T05:03Z 45 0 14 119 0 0 25 10035
2018-10-15T05:08Z 45 6 15 119 0 0 24 10034
2018-10-15T05:14Z 45 6 16 117 0 0 25 10034
2018-10-15T05:19Z 45 8 18 113 0 0 29 10031
2018-10-15T05:24Z 45 7 18 108 0 0 33 10031
2018-10-15T05:29Z 90 9 18 105 0 0 37 10030
2018-10-15T05:34Z 45 1 18 101 0 0 40 10031
2018-10-15T05:39Z 45 3 18 99 0 0 44 10030
2018-10-15T05:44Z 45 5 18 99 0 0 46 10028
2018-10-15T05:49Z 45 3 18 100 0 0 44 10028
2018-10-15T05:54Z 135 5 18 105 0 0 39 10027
2018-10-15T05:59Z 45 8 21 109 0 0 35 10025
2018-10-15T06:04Z 45 6 21 110 0 0 34 10025
2018-10-15T06:09Z 45 6 16 112 0 0 32 10023
2018-10-15T06:14Z 45 6 16 112 0 0 31 10023
2018-10-15T06:20Z 45 5 16 111 0 0 32 10022
2018-10-15T06:29Z 45 7 25 108 0 0 34 10021
2018-10-15T06:34Z 45 3 20 107 0 0 35 10020
2018-10-15T06:39Z 90 3 12 108 0 0 34 10018
2018-10-15T06:44Z 45 4 13 109 0 0 33 10019
2018-10-15T06:49Z 45 6 20 109 0 0 34 10019
2018-10-15T06:54Z 45 6 20 108 0 0 35 10019
2018-10-15T06:59Z 45 4 16 107 0 0 35 10017
2018-10-15T07:04Z 45 5 18 105 0 0 37 10016
2018-10-15T07:09Z 135 6 18 105 0 0 37 10016
2018-10-15T07:14Z 45 7 21 105 0 0 35 10014
2018-10-15T07:19Z 45 4 18 106 0 0 35 10013
2018-10-15T07:25Z 45 4 13 108 0 0 34 10014
2018-10-15T07:30Z 45 4 15 109 0 0 33 10014
2018-10-15T07:35Z 90 2 15 109 0 0 32 10015
2018-10-15T07:40Z 45 0 9 108 0 0 33 10015
2018-10-15T07:45Z 45 5 11 108 0 0 34 10015
2018-10-15T07:50Z 45 8 21 106 0 0 37 10013
2018-10-15T07:55Z 45 10 27 103 0 0 40 10014
2018-10-15T08:00Z 45 9 27 100 0 0 44 10013
2018-10-15T08:05Z 45 9 40 98 0 0 47 10011
2018-10-15T08:10Z 45 7 40 96 0 0 50 10012
2018-10-15T08:15Z 45 6 22 95 0 0 52 10013
2018-10-15T08:20Z 45 14 23 94 0 0 53 10009
2018-10-15T08:25Z 45 8 23 93 0 0 54 10013
2018-10-15T08:31Z 45 8 22 93 0 0 55 10014
2018-10-15T08:36Z 45 6 26 92 0 0 57 10016
2018-10-15T08:41Z 45 30 46 90 0 0 55 10018
2018-10-15T08:46Z 45 18 46 86 0 0 60 10021
2018-10-15T08:51Z 45 24 50 83 0 0 67 10018
2018-10-15T08:56Z 45 28 50 81 0 0 68 10016
2018-10-15T09:01Z 45 17 59 79 10 10 76 10013
2018-10-15T09:06Z 45 10 59 77 15 15 80 10014
2018-10-15T09:11Z 45 9 20 77 16 16 83 10016
2018-10-15T09:16Z 45 3 20 77 19 19 84 10014
2018-10-15T09:21Z 225 3 9 77 19 19 81 10013
2018-10-15T09:26Z 45 3 9 77 19 19 81 10012
2018-10-15T09:32Z 45 4 10 78 19 19 81 10014
2018-10-15T09:37Z 45 3 10 78 19 19 82 10013
2018-10-15T09:42Z 45 6 11 79 19 19 80 10015
2018-10-15T09:47Z 45 2 11 79 19 19 80 10015
2018-10-15T09:52Z 135 5 13 79 19 19 80 10015
2018-10-15T09:57Z 135 1 13 80 19 19 81 10016
2018-10-15T10:02Z 225 1 9 80 7 19 81 10016
2018-10-15T10:07Z 135 0 7 80 3 19 81 10017
2018-10-15T10:12Z 225 0 7 80 1 19 81 10017
2018-10-15T10:17Z 45 0 7 80 0 19 81 10019
2018-10-15T10:22Z 225 1 5 80 0 19 82 10016
2018-10-15T10:27Z 180 0 3 80 0 19 82 10017
2018-10-15T10:32Z 270 0 3 79 0 19 82 10017
2018-10-15T10:38Z 225 0 3 79 0 19 82 10019
2018-10-15T10:44Z 180 0 3 79 0 19 83 10017
2018-10-15T10:49Z 180 0 6 79 0 19 83 10017
2018-10-15T10:54Z 225 2 6 79 0 19 83 10017
2018-10-15T10:59Z 225 2 6 79 0 19 84 10019
2018-10-15T11:04Z 225 2 6 79 0 19 84 10019
2018-10-15T11:09Z 225 1 6 79 0 19 84 10018
2018-10-15T11:14Z 135 2 6 79 0 19 84 10019
2018-10-15T11:19Z 225 4 9 79 0 19 84 10018
2018-10-15T11:24Z 180 4 9 79 0 19 84 10019
2018-10-15T11:29Z 180 3 9 79 0 19 84 10019
2018-10-15T11:34Z 90 3 9 79 0 19 84 10019
2018-10-15T11:39Z 135 3 9 79 0 19 84 10021
2018-10-15T11:45Z 45 2 9 79 0 19 85 10020
2018-10-15T11:50Z 45 1 6 79 0 19 85 10022
2018-10-15T11:55Z 135 4 12 79 0 19 85 10022
2018-10-15T12:00Z 45 4 12 79 0 19 85 10022
2018-10-15T12:05Z 45 5 15 79 0 19 84 10022
2018-10-15T12:10Z 45 5 15 79 0 19 84 10023
2018-10-15T12:15Z 45 6 12 79 0 19 84 10024
2018-10-15T12:20Z 90 4 15 79 0 19 84 10025
2018-10-15T12:25Z 45 3 15 79 0 19 85 10026
2018-10-15T12:31Z 45 6 15 79 0 19 85 10027
2018-10-15T12:36Z 90 3 15 79 0 19 85 10028
2018-10-15T12:41Z 135 4 12 79 0 19 85 10028
2018-10-15T12:46Z 45 3 12 79 0 19 85 10028
2018-10-15T12:52Z 180 3 9 79 0 19 85 10028
2018-10-15T12:57Z 90 1 9 79 0 19 85 10029
2018-10-15T13:02Z 135 3 12 79 0 19 85 10029
2018-10-15T13:07Z 135 5 12 79 0 19 85 10029
2018-10-15T13:12Z 90 3 15 79 0 19 85 10031
2018-10-15T13:17Z 90 2 15 79 0 19 85 10033
2018-10-15T13:22Z 45 4 15 79 0 19 85 10033
2018-10-15T13:27Z 45 3 12 79 0 19 85 10033
2018-10-15T13:32Z 45 2 10 79 0 19 86 10034
2018-10-15T13:37Z 45 2 6 79 0 19 86 10034
2018-10-15T13:42Z 135 1 6 79 0 19 86 10034
2018-10-15T13:47Z 225 0 6 79 0 19 86 10036
2018-10-15T13:52Z 225 0 3 79 0 19 86 10038
2018-10-15T13:58Z 180 2 6 79 0 19 87 10037
2018-10-15T14:03Z 135 1 6 79 0 19 87 10037
2018-10-15T14:08Z 180 0 6 79 0 19 87 10038
2018-10-15T14:13Z 135 0 6 79 0 19 87 10039
2018-10-15T14:18Z 180 2 6 79 0 19 87 10039
2018-10-15T14:23Z 180 2 9 79 0 19 87 10039
2018-10-15T14:28Z 135 3 9 79 0 19 87 10041
2018-10-15T14:33Z 180 2 9 79 0 19 87 10041
2018-10-15T14:38Z 180 2 9 79 0 19 87 10039
2018-10-15T14:43Z 180 3 9 79 0 19 87 10040
2018-10-15T14:48Z 180 3 9 79 0 19 87 10040
2018-10-15T14:53Z 135 3 9 79 0 19 87 10040
2018-10-15T14:59Z 135 3 9 79 0 19 87 10040
2018-10-15T15:04Z 225 3 9 79 0 19 87 10041
2018-10-15T15:09Z 90 2 6 79 0 19 87 10041
2018-10-15T15:14Z 180 1 6 79 0 19 88 10040
2018-10-15T15:19Z 90 3 6 79 0 19 88 10040
2018-10-15T15:24Z 225 3 9 79 0 19 88 10041
2018-10-15T15:29Z 45 3 9 79 0 19 88 10042
2018-10-15T15:34Z 225 3 7 79 0 19 88 10042
2018-10-15T15:40Z 135 4 12 79 0 19 88 10043
2018-10-15T15:45Z 135 5 12 79 0 19 88 10042
2018-10-15T15:50Z 90 3 12 79 0 19 87 10043
2018-10-15T15:55Z 90 3 15 79 0 19 87 10042
2018-10-15T16:00Z 45 3 15 79 0 19 87 10042
2018-10-15T16:05Z 90 4 9 79 0 19 87 10042
2018-10-15T16:11Z 45 3 11 79 0 19 87 10042
2018-10-15T16:16Z 45 1 11 79 0 19 87 10041
2018-10-15T16:21Z 135 3 9 79 0 19 86 10042
2018-10-15T16:26Z 135 3 6 79 0 19 86 10041
2018-10-15T16:31Z 135 2 6 79 0 19 86 10041
2018-10-15T16:36Z 90 5 12 79 0 19 87 10041
2018-10-15T16:41Z 135 5 12 79 0 19 87 10041
2018-10-15T16:46Z 90 6 18 79 0 19 86 10040
2018-10-15T16:51Z 45 7 18 79 0 19 86 10041
2018-10-15T16:56Z 90 8 18 79 0 19 86 10040
2018-10-15T17:01Z 45 5 18 79 0 19 85 10040
2018-10-15T17:06Z 90 3 15 79 0 19 85 10039
2018-10-15T17:12Z 135 3 9 79 0 19 85 10037
2018-10-15T17:17Z 45 1 9 79 0 19 85 10038
2018-10-15T17:22Z 135 1 9 79 0 19 86 10038
2018-10-15T17:27Z 135 2 6 79 0 19 86 10037
2018-10-15T17:32Z 45 2 6 79 0 19 86 10036
2018-10-15T17:37Z 180 3 9 79 0 19 87 10035
2018-10-15T17:42Z 135 1 9 79 0 19 87 10034
2018-10-15T17:47Z 135 3 9 78 0 19 87 10033
2018-10-15T17:52Z 90 1 9 78 0 19 87 10033
2018-10-15T17:57Z 135 0 6 78 0 19 87 10032
2018-10-15T18:02Z 135 1 6 78 0 19 87 10031
2018-10-15T18:07Z 90 0 6 78 0 19 88 10030
2018-10-15T18:12Z 135 0 5 78 0 19 88 10029
2018-10-15T18:18Z 180 1 4 78 0 19 88 10029
2018-10-15T18:23Z 45 0 4 78 0 19 88 10029
2018-10-15T18:28Z 180 0 4 78 0 19 88 10028
2018-10-15T18:34Z 180 0 4 78 0 19 88 10028
2018-10-15T18:39Z 45 0 3 78 0 19 88 10027
2018-10-15T18:44Z 45 0 4 78 0 19 88 10027
2018-10-15T18:49Z 45 0 4 78 0 19 88 10027
2018-10-15T18:54Z 225 0 3 78 0 19 88 10028
2018-10-15T18:59Z 225 0 3 78 0 19 88 10028
2018-10-15T19:04Z 0 0 3 77 0 19 89 10027
2018-10-15T19:10Z 225 0 0 78 0 19 89 10027
2018-10-15T19:15Z 270 0 0 78 0 19 89 10026
2018-10-15T19:20Z 270 0 0 78 0 19 89 10026
2018-10-15T19:25Z 225 0 3 78 0 19 89 10025
2018-10-15T19:31Z 225 0 3 78 0 19 89 10024
2018-10-15T19:36Z 225 0 1 78 0 19 88 10024
2018-10-15T19:41Z 225 0 3 78 0 19 88 10024
2018-10-15T19:46Z 225 0 3 78 0 19 88 10025
2018-10-15T19:51Z 225 0 3 78 0 19 88 10024
2018-10-15T19:56Z 270 0 3 78 0 19 88 10024
2018-10-15T20:01Z 225 0 1 78 0 19 88 10023
2018-10-15T20:06Z 225 0 3 78 0 19 88 10023
2018-10-15T20:11Z 225 0 3 78 0 19 88 10024
2018-10-15T20:16Z 180 1 3 78 0 19 89 10024
2018-10-15T20:21Z 180 0 3 78 0 19 89 10023
2018-10-15T20:26Z 180 0 3 78 0 19 89 10023
2018-10-15T20:31Z 180 0 3 78 0 19 89 10024
2018-10-15T20:37Z 45 0 3 78 0 19 89 10024
2018-10-15T20:42Z 225 0 3 78 0 19 89 10024
2018-10-15T20:47Z 270 0 2 78 0 19 89 10023
2018-10-15T20:52Z 225 0 3 78 0 19 89 10023
2018-10-15T21:00Z 135 0 3 78 0 19 89 10023
2018-10-15T21:05Z 225 0 3 78 0 19 89 10023
2018-10-15T21:10Z 315 0 2 78 0 19 89 10024
2018-10-15T21:15Z 180 0 2 78 0 19 89 10024
2018-10-15T21:20Z 270 0 2 78 0 19 89 10024
2018-10-15T21:25Z 135 0 3 78 0 19 89 10025
2018-10-15T21:30Z 45 0 3 78 0 19 89 10025
2018-10-15T21:35Z 180 0 3 78 0 19 89 10026
2018-10-15T21:40Z 225 0 4 78 0 19 89 10027
2018-10-15T21:46Z 45 0 4 79 0 19 89 10027
2018-10-15T21:51Z 90 0 2 79 0 19 89 10027
2018-10-15T21:56Z 180 0 3 79 0 19 89 10027
2018-10-15T22:01Z 45 0 3 79 0 19 88 10028
2018-10-15T22:06Z 225 0 2 79 0 19 88 10028
2018-10-15T22:11Z 315 0 1 79 0 19 88 10029
2018-10-15T22:16Z 315 0 0 79 0 19 88 10029
2018-10-15T22:21Z 225 0 2 79 0 19 88 10030
2018-10-15T22:26Z 225 0 3 79 0 19 88 10029
2018-10-15T22:31Z 180 0 3 79 0 19 88 10029
2018-10-15T22:36Z 270 0 3 79 0 19 88 10029
2018-10-15T22:41Z 225 0 1 79 0 19 88 10030
2018-10-15T22:47Z 225 0 1 79 0 19 88 10029
2018-10-15T22:52Z 45 0 1 79 0 19 88 10030
2018-10-15T22:57Z 225 0 3 79 0 19 88 10030
2018-10-15T23:02Z 225 0 3 79 0 19 88 10031
2018-10-15T23:07Z 225 0 1 79 0 19 88 10030
2018-10-15T23:12Z 225 0 2 79 0 19 88 10032
2018-10-15T23:17Z 225 0 2 79 0 19 88 10033
2018-10-15T23:26Z 90 0 3 79 0 19 88 10036
2018-10-15T23:31Z 45 0 3 79 0 19 88 10037
2018-10-15T23:36Z 225 0 3 80 0 19 87 10039
2018-10-15T23:41Z 225 0 3 80 0 19 87 10041
2018-10-15T23:46Z 135 0 3 80 0 19 86 10040
2018-10-15T23:51Z 135 0 3 80 0 19 86 10040
2018-10-15T23:57Z 45 0 4 80 0 19 86 10040
2018-10-16T00:02Z 45 0 4 81 0 19 86 10040
2018-10-16T00:07Z 180 0 3 81 0 19 85 10042
2018-10-16T00:12Z 90 0 3 82 0 19 84 10042
2018-10-16T00:17Z 135 0 4 82 0 19 84 10043
2018-10-16T00:22Z 180 0 4 83 0 19 84 10043
2018-10-16T00:27Z 135 0 3 83 0 19 82 10044
2018-10-16T00:32Z 45 0 4 84 0 19 81 10045
2018-10-16T00:37Z 90 0 6 84 0 19 80 10044
2018-10-16T00:42Z 45 3 7 85 0 19 79 10045
2018-10-16T00:47Z 45 3 7 85 0 19 78 10044
2018-10-16T00:52Z 45 3 14 85 0 19 77 10045
2018-10-16T00:58Z 135 2 14 86 0 19 76 10044
2018-10-16T01:03Z 90 4 9 87 0 19 74 10044
2018-10-16T01:08Z 45 3 9 90 0 19 69 10045
2018-10-16T01:13Z 135 4 18 92 0 19 63 10045
2018-10-16T01:18Z 45 2 18 93 0 19 61 10046
2018-10-16T01:23Z 90 13 30 93 0 19 59 10046
2018-10-16T01:28Z 135 6 30 92 0 19 60 10046
2018-10-16T01:33Z 45 9 24 92 0 19 59 10046
2018-10-16T01:38Z 90 6 23 92 0 19 60 10047
2018-10-16T01:43Z 45 6 22 93 0 19 60 10048
2018-10-16T01:48Z 45 6 18 94 0 19 57 10048
2018-10-16T01:53Z 90 14 28 94 0 19 56 10048
2018-10-16T01:58Z 135 6 28 94 0 19 56 10050
2018-10-16T02:04Z 90 6 22 95 0 19 55 10051
2018-10-16T02:09Z 90 3 22 95 0 19 54 10050
2018-10-16T02:18Z 90 2 13 95 0 19 55 10051
2018-10-16T02:23Z 135 6 18 96 0 19 53 10050
2018-10-16T02:28Z 180 6 18 98 0 19 50 10052
2018-10-16T02:33Z 45 3 18 100 0 19 48 10051
2018-10-16T02:38Z 45 3 17 100 0 19 47 10051
2018-10-16T02:43Z 225 7 17 101 0 19 45 10050
2018-10-16T02:48Z 45 3 15 101 0 19 45 10050
2018-10-16T02:53Z 45 10 22 101 0 19 45 10051
2018-10-16T02:58Z 135 6 22 101 0 19 45 10050
2018-10-16T03:03Z 45 5 15 101 0 19 44 10048
2018-10-16T03:09Z 45 5 15 101 0 19 44 10049
2018-10-16T03:14Z 225 3 12 101 0 19 44 10048
2018-10-16T03:19Z 45 8 18 101 0 19 44 10049
2018-10-16T03:24Z 45 3 18 103 0 19 43 10048
2018-10-16T03:29Z 45 3 17 106 0 19 40 10047
2018-10-16T03:34Z 45 3 17 108 0 19 37 10047
2018-10-16T03:39Z 45 5 18 110 0 19 35 10046
2018-10-16T03:44Z 45 5 18 111 0 19 34 10045
2018-10-16T03:49Z 45 3 17 112 0 19 33 10045
2018-10-16T03:54Z 45 1 17 110 0 19 34 10043
2018-10-16T04:00Z 45 1 12 109 0 19 36 10042
2018-10-16T04:05Z 45 3 12 111 0 19 34 10041
2018-10-16T04:10Z 45 3 15 112 0 19 31 10041
2018-10-16T04:16Z 90 2 15 110 0 19 33 10039
2018-10-16T04:21Z 45 4 14 109 0 19 34 10038
2018-10-16T04:26Z 45 8 19 108 0 19 34 10036
2018-10-16T04:31Z 45 2 19 110 0 19 33 10036
2018-10-16T04:36Z 45 2 16 111 0 19 32 10034
2018-10-16T04:41Z 45 3 15 112 0 19 30 10033
2018-10-16T04:46Z 45 7 25 109 0 19 33 10032
2018-10-16T04:51Z 45 3 25 109 0 19 32 10032
2018-10-16T04:57Z 45 3 25 109 0 19 32 10032
2018-10-16T05:04Z 45 6 18 108 0 19 30 10030
2018-10-16T05:09Z 45 3 18 106 0 19 33 10028
2018-10-16T05:14Z 90 3 17 105 0 19 35 10028
2018-10-16T05:19Z 90 3 17 107 0 19 34 10027
2018-10-16T05:24Z 90 3 17 107 0 19 34 10027
2018-10-16T05:29Z 45 5 27 106 0 19 33 10026
2018-10-16T05:34Z 45 1 18 107 0 19 34 10026
2018-10-16T05:39Z 45 5 16 111 0 19 30 10024
2018-10-16T05:44Z 45 0 16 114 0 19 28 10023
2018-10-16T05:49Z 45 3 15 117 0 19 25 10021
2018-10-16T05:54Z 90 11 22 116 0 19 26 10021
2018-10-16T05:59Z 90 4 22 114 0 19 28 10020
2018-10-16T06:04Z 45 3 22 111 0 19 32 10018
2018-10-16T06:09Z 45 6 25 110 0 19 32 10017
2018-10-16T06:14Z 45 1 25 111 0 19 30 10017
2018-10-16T06:19Z 45 4 15 114 0 19 29 10017
2018-10-16T06:24Z 45 2 15 115 0 19 27 10016
2018-10-16T06:30Z 45 3 15 116 0 19 27 10015
2018-10-16T06:35Z 45 2 18 115 0 19 27 10015
2018-10-16T06:40Z 90 4 18 113 0 19 28 10013
2018-10-16T06:45Z 45 6 14 109 0 19 32 10011
2018-10-16T06:50Z 45 4 21 108 0 19 35 10012
2018-10-16T06:55Z 45 7 21 109 0 19 34 10010
2018-10-16T07:01Z 45 6 15 111 0 19 32 10011
2018-10-16T07:06Z 45 5 19 111 0 19 31 10009
2018-10-16T07:11Z 45 6 19 109 0 19 33 10006
2018-10-16T07:16Z 45 3 17 106 0 19 36 10006
2018-10-16T07:21Z 45 4 17 103 0 19 39 10006
2018-10-16T07:26Z 45 8 17 101 0 19 43 10005
2018-10-16T07:31Z 45 9 22 99 0 19 45 10005
2018-10-16T07:36Z 45 7 28 98 0 19 46 10004
2018-10-16T07:42Z 45 9 28 98 0 19 47 10002
2018-10-16T07:47Z 45 6 22 98 0 19 47 10003
2018-10-16T07:52Z 45 3 16 98 0 19 47 10003
2018-10-16T07:57Z 45 4 12 98 0 19 47 10002
2018-10-16T08:02Z 45 6 23 97 0 19 48 10002
2018-10-16T08:07Z 45 6 23 98 0 19 49 10001
2018-10-16T08:12Z 45 5 21 99 0 19 47 10001
2018-10-16T08:17Z 45 9 18 100 0 19 45 10000
2018-10-16T08:22Z 45 10 23 100 0 19 44 10001
2018-10-16T08:27Z 45 6 23 99 0 19 45 10001
2018-10-16T08:32Z 45 7 22 100 0 19 45 10002
2018-10-16T08:37Z 45 5 22 100 0 19 45 10003
2018-10-16T08:43Z 45 6 19 100 0 19 45 10001
2018-10-16T08:48Z 45 5 19 100 0 19 45 10000
2018-10-16T08:53Z 45 6 18 99 0 19 45 10000
2018-10-16T08:58Z 45 6 18 99 0 9 45 10001
2018-10-16T09:03Z 45 5 18 99 0 3 46 10001
2018-10-16T09:08Z 45 2 13 99 0 2 45 10002
2018-10-16T09:13Z 45 3 13 99 0 0 45 10004
2018-10-16T09:18Z 45 6 13 98 0 0 46 10006
2018-10-16T09:23Z 45 3 13 98 0 0 48 10006
2018-10-16T09:28Z 45 3 18 97 0 0 49 10008
2018-10-16T09:33Z 45 3 18 95 0 0 51 10007
2018-10-16T09:38Z 45 3 14 95 0 0 52 10008
2018-10-16T09:43Z 45 6 14 94 0 0 54 10008
2018-10-16T09:49Z 45 5 15 93 0 0 55 10009
2018-10-16T09:58Z 45 4 17 91 0 0 58 10006
2018-10-16T10:03Z 45 5 17 91 0 0 58 10009
2018-10-16T10:08Z 45 3 13 90 0 0 60 10008
2018-10-16T10:13Z 45 4 13 90 0 0 61 10010
2018-10-16T10:18Z 45 4 13 89 0 0 61 10009
2018-10-16T10:23Z 45 4 15 88 0 0 63 10009
2018-10-16T10:28Z 45 2 15 88 0 0 65 10010
2018-10-16T10:33Z 45 5 18 87 0 0 66 10010
2018-10-16T10:38Z 45 4 18 87 0 0 67 10009
2018-10-16T10:43Z 45 5 15 86 0 0 68 10009
2018-10-16T10:48Z 45 4 15 86 0 0 69 10008
2018-10-16T10:54Z 45 3 15 85 0 0 69 10010
2018-10-16T10:59Z 45 1 10 85 0 0 70 10012
2018-10-16T11:04Z 90 3 10 85 0 0 70 10012
2018-10-16T11:09Z 45 5 12 85 0 0 70 10012
2018-10-16T11:14Z 45 3 12 85 0 0 71 10013
2018-10-16T11:19Z 45 2 8 84 0 0 71 10014
2018-10-16T11:24Z 45 4 11 84 0 0 71 10014
2018-10-16T11:29Z 45 3 11 84 0 0 72 10015
2018-10-16T11:34Z 45 5 12 84 0 0 72 10014
2018-10-16T11:39Z 45 3 12 84 0 0 72 10016
2018-10-16T11:44Z 45 2 9 84 0 0 73 10018
2018-10-16T11:49Z 45 0 9 84 0 0 74 10019
2018-10-16T11:54Z 270 0 6 84 0 0 74 10019
2018-10-16T12:00Z 225 0 6 84 0 0 74 10019
2018-10-16T12:05Z 180 0 6 84 0 0 74 10019
2018-10-16T12:10Z 45 0 6 84 0 0 75 10019
2018-10-16T12:15Z 225 0 3 84 0 0 75 10020
2018-10-16T12:20Z 45 0 6 83 0 0 76 10020
2018-10-16T12:25Z 45 3 9 83 0 0 76 10022
2018-10-16T12:30Z 45 2 9 83 0 0 77 10022
2018-10-16T12:35Z 45 1 6 83 0 0 77 10023
2018-10-16T12:40Z 45 3 9 83 0 0 77 10023
2018-10-16T12:46Z 45 1 9 82 0 0 78 10023
2018-10-16T12:51Z 180 2 9 82 0 0 78 10024
2018-10-16T12:56Z 90 1 9 82 0 0 79 10024
2018-10-16T13:01Z 45 1 9 82 0 0 79 10028
2018-10-16T13:07Z 225 1 7 82 0 0 79 10029
2018-10-16T13:12Z 225 3 7 82 0 0 79 10029
2018-10-16T13:17Z 45 1 7 82 0 0 80 10030
2018-10-16T13:24Z 45 1 9 82 0 0 80 10031
2018-10-16T13:29Z 45 0 6 82 0 0 80 10032
2018-10-16T13:34Z 90 0 6 82 0 0 80 10035
2018-10-16T13:39Z 45 0 4 82 0 0 80 10034
2018-10-16T13:44Z 45 0 4 82 0 0 80 10036
2018-10-16T13:49Z 45 0 6 82 0 0 81 10038
2018-10-16T13:54Z 180 3 9 82 0 0 81 10036
2018-10-16T13:59Z 90 0 9 82 0 0 81 10037
2018-10-16T14:04Z 45 1 6 82 0 0 81 10038
2018-10-16T14:10Z 45 3 9 81 0 0 81 10038
2018-10-16T14:15Z 45 3 9 81 0 0 82 10040
2018-10-16T14:20Z 45 1 9 81 0 0 82 10040
2018-10-16T14:25Z 180 1 9 81 0 0 82 10039
2018-10-16T14:30Z 45 1 10 82 0 0 82 10039
2018-10-16T14:35Z 45 0 10 82 0 0 82 10038
2018-10-16T14:40Z 180 0 9 82 0 0 82 10038
2018-10-16T14:45Z 45 2 9 82 0 0 81 10039
2018-10-16T14:50Z 45 1 6 82 0 0 81 10038
2018-10-16T14:55Z 45 1 9 82 0 0 81 10038
2018-10-16T15:00Z 45 3 9 82 0 0 81 10039
2018-10-16T15:05Z 45 3 9 82 0 0 81 10038
2018-10-16T15:10Z 225 3 9 82 0 0 81 10040
2018-10-16T15:16Z 45 3 9 82 0 0 81 10040
2018-10-16T15:21Z 45 2 9 82 0 0 81 10041
2018-10-16T15:26Z 45 3 9 82 0 0 82 10041
2018-10-16T15:31Z 45 1 9 82 0 0 82 10041
2018-10-16T15:36Z 225 2 6 82 0 0 82 10041
2018-10-16T15:41Z 45 1 6 81 0 0 82 10039
2018-10-16T15:46Z 225 2 6 81 0 0 83 10039
2018-10-16T15:51Z 135 1 6 81 0 0 83 10039
2018-10-16T15:56Z 225 2 6 81 0 0 83 10039
2018-10-16T16:01Z 135 0 6 81 0 0 83 10039
2018-10-16T16:06Z 180 1 6 81 0 0 83 10040
2018-10-16T16:11Z 180 2 6 81 0 0 83 10037
2018-10-16T16:17Z 45 1 8 81 0 0 83 10038
2018-10-16T16:22Z 45 0 8 81 0 0 83 10038
2018-10-16T16:28Z 225 0 6 81 0 0 83 10040
2018-10-16T16:33Z 225 0 6 81 0 0 83 10040
2018-10-16T16:38Z 225 0 3 81 0 0 83 10039
2018-10-16T16:43Z 225 0 3 81 0 0 83 10038
2018-10-16T16:48Z 225 0 3 81 0 0 83 10038
2018-10-16T16:53Z 90 2 6 82 0 0 83 10038
2018-10-16T16:58Z 135 5 9 81 0 0 83 10038
2018-10-16T17:03Z 135 6 11 81 0 0 83 10037
2018-10-16T17:08Z 135 6 12 81 0 0 84 10037
2018-10-16T17:13Z 90 3 12 81 0 0 84 10035
2018-10-16T17:18Z 135 1 9 81 0 0 84 10033
2018-10-16T17:23Z 90 0 9 81 0 0 84 10033
2018-10-16T17:29Z 90 0 4 81 0 0 84 10033
2018-10-16T17:34Z 180 0 3 81 0 0 85 10032
2018-10-16T17:39Z 180 0 3 80 0 0 85 10030
2018-10-16T17:44Z 0 0 3 80 0 0 86 10030
2018-10-16T17:49Z 0 0 3 80 0 0 86 10031
2018-10-16T17:54Z 0 0 3 80 0 0 86 10027
2018-10-16T17:59Z 0 0 2 80 0 0 86 10028
2018-10-16T18:04Z 0 0 2 80 0 0 86 10028
2018-10-16T18:09Z 225 0 2 80 0 0 86 10025
2018-10-16T18:14Z 225 0 2 80 0 0 86 10025
2018-10-16T18:19Z 225 0 2 80 0 0 86 10023
2018-10-16T18:24Z 180 1 5 80 0 0 87 10025
2018-10-16T18:30Z 180 3 9 80 0 0 87 10024
2018-10-16T18:35Z 135 3 9 80 0 0 87 10024
2018-10-16T18:40Z 180 1 9 80 0 0 87 10021
2018-10-16T18:45Z 135 2 6 80 0 0 87 10020
2018-10-16T18:50Z 180 0 6 80 0 0 87 10019
2018-10-16T18:55Z 180 1 6 80 0 0 87 10020
2018-10-16T19:00Z 135 0 6 80 0 0 87 10020
2018-10-16T19:05Z 135 0 3 80 0 0 87 10019
2018-10-16T19:10Z 315 0 3 80 0 0 87 10019
2018-10-16T19:15Z 315 0 1 80 0 0 87 10019
2018-10-16T19:20Z 315 0 1 80 0 0 87 10019
2018-10-16T19:25Z 315 0 2 80 0 0 88 10018
2018-10-16T19:30Z 315 0 2 80 0 0 88 10019
2018-10-16T19:36Z 315 0 0 80 0 0 87 10018
2018-10-16T19:41Z 315 0 2 80 0 0 88 10018
2018-10-16T19:46Z 315 0 2 80 0 0 88 10017
2018-10-16T19:51Z 315 0 0 80 0 0 88 10016
2018-10-16T19:56Z 315 0 0 79 0 0 87 10015
2018-10-16T20:01Z 315 0 0 79 0 0 87 10013
2018-10-16T20:06Z 315 0 0 79 0 0 88 10014
2018-10-16T20:11Z 315 0 0 80 0 0 88 10013
2018-10-16T20:16Z 135 0 3 80 0 0 88 10013
2018-10-16T20:21Z 90 1 4 80 0 0 88 10013
2018-10-16T20:26Z 90 2 7 80 0 0 87 10011
2018-10-16T20:31Z 90 1 7 80 0 0 87 10012
2018-10-16T20:37Z 135 3 8 80 0 0 87 10011
2018-10-16T20:42Z 180 0 8 80 0 0 87 10012
2018-10-16T20:47Z 135 3 9 79 0 0 87 10012
2018-10-16T20:52Z 90 2 9 79 0 0 88 10013
2018-10-16T20:57Z 180 0 7 79 0 0 88 10014
2018-10-16T21:02Z 135 0 4 79 0 0 88 10014
2018-10-16T21:07Z 135 0 4 79 0 0 89 10014
2018-10-16T21:12Z 90 0 3 79 0 0 89 10016
2018-10-16T21:17Z 180 0 3 79 0 0 89 10016
2018-10-16T21:22Z 225 0 0 79 0 0 88 10016
2018-10-16T21:27Z 225 0 0 79 0 0 88 10017
2018-10-16T21:32Z 225 0 0 79 0 0 88 10018
2018-10-16T21:37Z 225 0 0 79 0 0 88 10018
2018-10-16T21:43Z 225 0 2 79 0 0 89 10020
2018-10-16T21:48Z 90 0 3 79 0 0 89 10020
2018-10-16T21:53Z 135 0 3 79 0 0 89 10020
2018-10-16T21:58Z 45 0 4 79 0 0 90 10019
2018-10-16T22:03Z 135 0 4 79 0 0 90 10020
2018-10-16T22:08Z 0 0 3 79 0 0 90 10021
2018-10-16T22:13Z 90 0 3 79 0 0 90 10022
2018-10-16T22:18Z 45 0 3 78 0 0 90 10021
2018-10-16T22:23Z 0 0 1 78 0 0 90 10023
2018-10-16T22:28Z 0 0 1 78 0 0 90 10023
2018-10-16T22:33Z 0 0 1 78 0 0 90 10024
2018-10-16T22:42Z 270 0 4 78 0 0 91 10026
2018-10-16T22:48Z 270 0 4 78 0 0 91 10027
2018-10-16T22:53Z 45 0 3 78 0 0 91 10027
2018-10-16T22:58Z 180 0 3 79 0 0 91 10027
2018-10-16T23:03Z 225 0 4 79 0 0 91 10028
2018-10-16T23:08Z 135 0 4 79 0 0 91 10028
2018-10-16T23:14Z 90 0 4 79 0 0 90 10029
2018-10-16T23:19Z 45 0 3 79 0 0 88 10029
2018-10-16T23:24Z 45 1 7 79 0 0 88 10030
2018-10-16T23:29Z 45 1 7 80 0 0 88 10031
2018-10-16T23:34Z 45 0 4 80 0 0 87 10031
2018-10-16T23:39Z 45 1 4 81 0 0 86 10032
2018-10-16T23:44Z 45 0 4 81 0 0 86 10032
2018-10-16T23:49Z 45 0 2 82 0 0 85 10033
2018-10-16T23:55Z 45 0 1 82 0 0 84 10033
2018-10-17T00:00Z 45 0 3 83 0 0 83 10033
2018-10-17T00:05Z 45 1 5 84 0 0 80 10033
2018-10-17T00:10Z 45 0 5 85 0 0 79 10033
2018-10-17T00:15Z 45 0 3 85 0 0 77 10033
2018-10-17T00:20Z 45 0 3 86 0 0 76 10034
2018-10-17T00:25Z 45 0 3 87 0 0 74 10035
2018-10-17T00:30Z 180 0 3 88 0 0 71 10035
2018-10-17T00:35Z 180 0 3 89 0 0 71 10036
2018-10-17T00:40Z 135 0 3 91 0 0 65 10037
2018-10-17T00:45Z 45 1 5 91 0 0 64 10039
2018-10-17T00:50Z 45 0 5 90 0 0 64 10038
2018-10-17T00:55Z 225 0 5 89 0 0 66 10038
2018-10-17T01:01Z 225 0 5 89 0 0 67 10038
2018-10-17T01:06Z 225 0 5 89 0 0 67 10038
2018-10-17T01:11Z 270 0 6 89 0 0 67 10039
2018-10-17T01:16Z 270 0 4 90 0 0 65 10039
2018-10-17T01:21Z 90 1 6 90 0 0 63 10040
2018-10-17T01:26Z 45 1 9 91 0 0 62 10039
2018-10-17T01:31Z 45 2 9 91 0 0 61 10039
2018-10-17T01:36Z 225 0 6 92 0 0 59 10039
2018-10-17T01:41Z 90 0 3 94 0 0 56 10038
2018-10-17T01:46Z 225 0 3 97 0 0 52 10038
2018-10-17T01:51Z 45 0 3 100 0 0 48 10038
2018-10-17T01:56Z 45 0 3 103 0 0 44 10037
2018-10-17T02:01Z 45 0 5 104 0 0 42 10036
2018-10-17T02:06Z 45 1 6 104 0 0 41 10036
2018-10-17T02:12Z 45 0 8 105 0 0 40 10037
2018-10-17T02:17Z 45 1 8 106 0 0 38 10037
2018-10-17T02:22Z 45 1 8 106 0 0 38 10037
2018-10-17T02:27Z 45 1 8 108 0 0 36 10036
2018-10-17T02:32Z 45 2 8 109 0 0 35 10037
2018-10-17T02:37Z 45 3 9 109 0 0 35 10038
2018-10-17T02:42Z 45 1 11 109 0 0 35 10039
2018-10-17T02:47Z 90 0 9 107 0 0 36 10039
2018-10-17T02:52Z 180 0 5 106 0 0 38 10039
2018-10-17T02:57Z 45 1 9 104 0 0 39 10037
2018-10-17T03:02Z 225 0 9 103 0 0 40 10036
2018-10-17T03:07Z 45 3 9 103 0 0 39 10037
2018-10-17T03:12Z 90 0 13 104 0 0 38 10036
2018-10-17T03:18Z 180 0 13 106 0 0 36 10035
2018-10-17T03:23Z 90 0 6 109 0 0 33 10034
2018-10-17T03:28Z 45 3 9 111 0 0 31 10034
2018-10-17T03:33Z 45 1 11 112 0 0 30 10034
2018-10-17T03:38Z 45 3 11 112 0 0 31 10033
2018-10-17T03:43Z 45 3 11 109 0 0 33 10034
2018-10-17T03:48Z 45 0 11 106 0 0 36 10032
2018-10-17T03:53Z 225 1 8 104 0 0 38 10033
2018-10-17T03:58Z 225 3 13 102 0 0 40 10032
2018-10-17T04:03Z 45 3 13 100 0 0 41 10032
2018-10-17T04:08Z 45 0 9 99 0 0 43 10029
2018-10-17T04:13Z 45 0 9 99 0 0 43 10029
2018-10-17T04:19Z 45 5 9 99 0 0 42 10029
2018-10-17T04:24Z 45 6 18 99 0 0 45 10029
2018-10-17T04:29Z 90 5 18 97 0 0 47 10027
2018-10-17T04:34Z 45 6 18 98 0 0 47 10028
2018-10-17T04:39Z 135 6 18 98 0 0 44 10026
2018-10-17T04:44Z 225 6 18 101 0 0 41 10026
2018-10-17T04:49Z 180 5 12 104 0 0 38 10024
2018-10-17T04:54Z 90 0 12 107 0 0 35 10024
2018-10-17T05:03Z 90 2 11 113 0 0 30 10023
2018-10-17T05:08Z 45 3 14 116 0 0 28 10022
2018-10-17T05:13Z 45 0 14 117 0 0 26 10021
2018-10-17T05:18Z 45 1 9 119 0 0 24 10020
2018-10-17T05:24Z 45 3 13 120 0 0 23 10019
2018-10-17T05:29Z 90 0 13 119 0 0 24 10019
2018-10-17T05:34Z 180 1 9 117 0 0 25 10017
2018-10-17T05:39Z 45 3 9 114 0 0 27 10016
2018-10-17T05:44Z 45 3 9 111 0 0 29 10015
2018-10-17T05:49Z 45 0 9 111 0 0 30 10014
2018-10-17T05:54Z 45 0 6 113 0 0 28 10013
2018-10-17T05:59Z 45 0 10 116 0 0 26 10012
2018-10-17T06:04Z 45 2 10 118 0 0 23 10010
2018-10-17T06:09Z 45 2 9 119 0 0 23 10010
2018-10-17T06:14Z 45 0 9 117 0 0 24 10007
2018-10-17T06:19Z 45 3 9 115 0 0 25 10008
2018-10-17T06:24Z 180 0 9 111 0 0 28 10006
2018-10-17T06:30Z 225 3 9 107 0 0 32 10004
2018-10-17T06:35Z 135 0 9 105 0 0 34 10004
2018-10-17T06:40Z 45 0 9 103 0 0 36 10004
2018-10-17T06:45Z 45 0 9 102 0 0 38 10003
2018-10-17T06:50Z 45 2 9 103 0 0 37 10003
2018-10-17T06:55Z 45 3 13 104 0 0 37 10000
2018-10-17T07:00Z 45 0 13 104 0 0 37 10000
2018-10-17T07:05Z 45 0 13 106 0 0 34 9998
2018-10-17T07:10Z 45 5 13 106 0 0 34 9995
2018-10-17T07:15Z 135 4 13 104 0 0 36 9996
2018-10-17T07:20Z 45 1 14 102 0 0 38 9996
2018-10-17T07:25Z 45 3 13 101 0 0 40 9996
2018-10-17T07:31Z 90 2 15 99 0 0 42 9997
2018-10-17T07:36Z 45 1 15 98 0 0 43 9997
2018-10-17T07:41Z 45 26 45 96 0 0 50 9997
2018-10-17T07:46Z 180 22 45 91 0 0 59 9999
2018-10-17T07:51Z 45 15 37 87 0 0 67 9995
2018-10-17T07:56Z 45 17 34 84 1 1 72 9995
2018-10-17T08:01Z 45 9 34 82 1 1 73 9992
2018-10-17T08:06Z 45 6 31 81 1 1 70 9996
2018-10-17T08:11Z 45 8 31 80 1 1 70 9998
2018-10-17T08:16Z 90 8 25 79 1 1 70 10001
2018-10-17T08:21Z 90 9 18 79 1 1 72 10001
2018-10-17T08:26Z 225 12 18 78 7 7 78 10000
2018-10-17T08:31Z 225 6 18 77 16 16 85 9997
2018-10-17T08:37Z 45 6 19 77 18 18 86 0
2018-10-17T08:42Z 135 2 19 78 19 19 86 9993
2018-10-17T08:47Z 90 0 10 78 19 19 86 9996
2018-10-17T08:52Z 45 0 3 79 19 19 85 9993
2018-10-17T08:57Z 45 1 6 79 18 19 84 9993
2018-10-17T09:02Z 45 1 6 79 18 19 81 9994
2018-10-17T09:07Z 315 0 6 79 18 19 81 9998
2018-10-17T09:12Z 315 0 5 80 18 19 82 9996
2018-10-17T09:17Z 315 0 5 80 18 19 82 9998
2018-10-17T09:22Z 315 0 3 80 16 19 82 9996
2018-10-17T09:27Z 45 0 6 80 10 20 83 9997
2018-10-17T09:32Z 45 1 6 80 2 20 83 9995
2018-10-17T09:38Z 45 0 6 80 2 20 84 9992
2018-10-17T09:43Z 45 0 7 80 1 20 84 9992
2018-10-17T09:48Z 45 2 7 80 1 20 84 9993
2018-10-17T09:53Z 45 0 7 80 1 20 85 9994
2018-10-17T09:58Z 45 0 6 80 1 20 84 9993
2018-10-17T10:03Z 90 0 6 80 1 20 85 9994
2018-10-17T10:08Z 180 0 3 80 1 20 85 9994
2018-10-17T10:13Z 45 0 5 79 1 20 85 9993
2018-10-17T10:18Z 45 0 5 79 1 20 85 9993
2018-10-17T10:23Z 45 0 4 79 1 20 86 9994
2018-10-17T10:28Z 45 1 9 79 0 20 86 9994
2018-10-17T10:33Z 90 0 9 79 0 20 85 9994
2018-10-17T10:38Z 270 0 5 79 0 20 85 9994
2018-10-17T10:44Z 45 0 5 78 0 20 85 9995
2018-10-17T10:49Z 180 0 5 78 0 20 86 9994
2018-10-17T10:54Z 225 0 3 78 0 20 86 9996
2018-10-17T11:01Z 45 0 4 78 0 20 86 9998
2018-10-17T11:06Z 180 0 4 78 0 20 87 9996
2018-10-17T11:11Z 180 0 3 78 0 20 87 9996
2018-10-17T11:16Z 45 0 5 78 0 20 87 9997
2018-10-17T11:21Z 180 0 5 78 0 20 87 9997
2018-10-17T11:26Z 90 0 4 78 0 20 87 9998
2018-10-17T11:31Z 45 1 6 78 0 20 87 9998
2018-10-17T11:37Z 45 0 6 78 0 20 87 9998
2018-10-17T11:42Z 45 0 6 78 0 20 87 9999
2018-10-17T11:47Z 45 0 6 78 0 20 87 10002
2018-10-17T11:53Z 45 0 4 78 0 20 87 10003
2018-10-17T11:58Z 45 1 4 78 0 20 86 10003
2018-10-17T12:03Z 45 0 6 78 0 20 85 10004
2018-10-17T12:08Z 45 0 6 78 0 20 85 10007
2018-10-17T12:13Z 45 0 5 78 0 20 85 10009
2018-10-17T12:18Z 90 0 5 78 0 20 85 10010
2018-10-17T12:23Z 225 0 3 78 0 20 85 10010
2018-10-17T12:28Z 315 0 3 78 0 20 85 10010
2018-10-17T12:33Z 315 0 0 78 0 20 85 10011
2018-10-17T12:38Z 0 0 0 78 0 20 85 10012
2018-10-17T12:43Z 0 0 0 78 0 20 85 10015
2018-10-17T12:48Z 0 0 0 78 0 20 85 10016
2018-10-17T12:53Z 0 0 0 78 0 20 85 10017
2018-10-17T12:59Z 0 0 0 78 0 20 85 10018
2018-10-17T13:04Z 0 0 0 78 0 20 85 10018
2018-10-17T13:09Z 0 0 0 78 0 20 85 10019
2018-10-17T13:14Z 0 0 0 78 0 20 85 10019
2018-10-17T13:19Z 225 0 4 79 0 20 85 10020
2018-10-17T13:24Z 135 0 4 79 0 20 85 10021
2018-10-17T13:29Z 225 0 4 79 0 20 85 10022
2018-10-17T13:34Z 270 0 2 79 0 20 85 10024
2018-10-17T13:39Z 270 0 3 79 0 20 84 10024
2018-10-17T13:44Z 270 0 3 79 0 20 84 10023
2018-10-17T13:49Z 270 0 2 79 0 20 84 10023
2018-10-17T13:54Z 45 0 5 79 0 20 84 10022
2018-10-17T14:00Z 45 1 6 79 0 20 83 10024
2018-10-17T14:05Z 45 2 6 79 0 20 83 10027
2018-10-17T14:10Z 225 0 6 79 0 20 82 10026
2018-10-17T14:15Z 45 0 6 79 0 20 83 10025
2018-10-17T14:21Z 45 0 4 79 0 20 82 10027
2018-10-17T14:26Z 135 1 6 79 0 20 83 10028
2018-10-17T14:31Z 45 6 13 79 0 20 83 10027
2018-10-17T14:36Z 45 11 20 79 0 20 84 10030
2018-10-17T14:41Z 45 7 20 79 0 20 85 10028
2018-10-17T14:46Z 45 6 18 79 0 20 84 10027
2018-10-17T14:51Z 45 7 15 79 0 20 85 10026
2018-10-17T14:56Z 45 4 15 79 0 20 85 10024
2018-10-17T15:01Z 45 2 14 78 0 20 85 10024
2018-10-17T15:06Z 45 5 9 78 0 20 86 10024
2018-10-17T15:12Z 45 6 10 78 0 20 86 10023
2018-10-17T15:17Z 45 4 12 78 0 20 86 10024
2018-10-17T15:22Z 45 1 8 78 0 20 86 10024
2018-10-17T15:27Z 45 3 6 78 0 20 86 10024
2018-10-17T15:32Z 45 2 8 78 0 20 87 10024
2018-10-17T15:37Z 45 0 8 78 0 20 87 10026
2018-10-17T15:42Z 45 0 6 78 0 20 86 10026
2018-10-17T15:47Z 90 1 5 78 0 20 86 10024
2018-10-17T15:52Z 45 0 5 78 0 20 86 10024
2018-10-17T15:57Z 45 0 3 78 0 20 86 10023
2018-10-17T16:02Z 45 0 2 78 0 20 86 10022
2018-10-17T16:07Z 45 0 2 78 0 20 86 10022
2018-10-17T16:13Z 225 0 2 78 0 20 86 10022
2018-10-17T16:18Z 45 1 4 78 0 20 86 10023
2018-10-17T16:23Z 45 0 4 78 0 20 86 10024
2018-10-17T16:28Z 45 0 5 78 0 20 87 10024
2018-10-17T16:33Z 90 3 9 78 0 20 86 10022
2018-10-17T16:38Z 45 1 9 78 0 20 87 10021
2018-10-17T16:43Z 45 0 6 78 0 20 87 10021
2018-10-17T16:48Z 45 0 4 78 0 20 87 10019
2018-10-17T16:53Z 45 1 5 78 0 20 87 10019
2018-10-17T16:59Z 45 3 6 78 0 20 88 10017
2018-10-17T17:04Z 45 3 6 78 0 20 88 10016
2018-10-17T17:09Z 45 0 6 78 0 20 88 10016
2018-10-17T17:14Z 45 1 5 78 0 20 88 10015
2018-10-17T17:20Z 45 0 4 78 0 20 89 10015
2018-10-17T17:25Z 315 0 4 78 0 20 89 10015
2018-10-17T17:30Z 315 0 4 78 0 20 89 10014
2018-10-17T17:35Z 315 0 2 78 0 20 89 10013
2018-10-17T17:40Z 135 0 3 78 0 20 89 10013
2018-10-17T17:45Z 225 0 3 78 0 20 89 10011
2018-10-17T17:50Z 180 0 2 78 0 20 89 10011
2018-10-17T17:55Z 180 0 2 78 0 20 89 10010
2018-10-17T18:00Z 180 0 2 78 0 20 89 10011
2018-10-17T18:05Z 180 0 0 78 0 20 89 10010
2018-10-17T18:10Z 180 0 0 78 0 20 88 10009
2018-10-17T18:15Z 180 0 3 78 0 20 89 10007
2018-10-17T18:20Z 180 0 3 78 0 20 89 10007
2018-10-17T18:26Z 45 0 4 78 0 20 89 10006
2018-10-17T18:31Z 180 0 4 78 0 20 88 10004
2018-10-17T18:36Z 180 0 0 78 0 20 89 10005
2018-10-17T18:41Z 135 0 3 77 0 20 89 10003
2018-10-17T18:46Z 45 4 8 77 0 20 89 10005
2018-10-17T18:51Z 135 0 8 77 0 20 89 10006
2018-10-17T18:56Z 225 0 6 77 0 20 89 10005
2018-10-17T19:01Z 45 1 5 77 0 20 90 10005
2018-10-17T19:06Z 45 1 6 77 0 20 90 10005
2018-10-17T19:11Z 45 1 6 77 0 20 89 10003
2018-10-17T19:16Z 45 1 6 77 0 20 89 10003
2018-10-17T19:21Z 45 0 5 77 0 20 89 10001
2018-10-17T19:26Z 45 0 5 77 0 20 89 10001
2018-10-17T19:32Z 45 0 3 77 0 20 89 10001
2018-10-17T19:37Z 45 0 2 77 0 20 90 10001
2018-10-17T19:42Z 270 0 0 77 0 20 90 10001
2018-10-17T19:47Z 270 0 0 77 0 20 90 10002
2018-10-17T19:52Z 270 0 0 77 0 20 89 10003
2018-10-17T19:57Z 270 0 0 77 0 20 90 10002
2018-10-17T20:02Z 45 0 3 77 0 20 90 10001
2018-10-17T20:07Z 45 0 3 77 0 20 90 10001
2018-10-17T20:12Z 45 0 2 77 0 20 90 10002
2018-10-17T20:17Z 45 0 2 77 0 20 90 10003
2018-10-17T20:22Z 45 0 0 77 0 20 90 10003
2018-10-17T20:27Z 45 0 0 77 0 20 91 10004
2018-10-17T20:33Z 45 0 1 77 0 20 91 10005
2018-10-17T20:38Z 0 0 3 77 0 20 91 10003
2018-10-17T20:43Z 0 0 3 77 0 20 92 10002
2018-10-17T20:52Z 270 1 3 77 0 20 91 10002
2018-10-17T20:57Z 270 0 3 77 0 20 91 10002
2018-10-17T21:02Z 225 1 3 77 0 20 90 10002
2018-10-17T21:07Z 225 0 3 77 0 20 89 9999
2018-10-17T21:12Z 225 1 4 77 0 20 89 10000
2018-10-17T21:17Z 225 0 4 77 0 20 89 9999
2018-10-17T21:22Z 225 0 3 77 0 20 89 9999
2018-10-17T21:27Z 270 0 2 77 0 20 90 9999
2018-10-17T21:32Z 315 0 2 77 0 20 90 9999
2018-10-17T21:38Z 315 0 0 77 0 20 90 9998
2018-10-17T21:43Z 315 0 0 77 0 20 90 9999
2018-10-17T21:48Z 315 0 1 77 0 20 90 9999
2018-10-17T21:53Z 315 0 1 77 0 20 91 9999
2018-10-17T21:58Z 45 0 2 77 0 20 90 9999
2018-10-17T22:03Z 45 0 3 77 0 20 91 9999
2018-10-17T22:08Z 45 0 3 77 0 20 90 10000
2018-10-17T22:13Z 45 0 3 77 0 20 90 10002
2018-10-17T22:18Z 45 0 0 77 0 20 91 10003
2018-10-17T22:23Z 45 0 1 77 0 20 91 10003
2018-10-17T22:28Z 45 0 1 77 0 20 91 10003
2018-10-17T22:33Z 45 0 2 77 0 20 91 10004
2018-10-17T22:38Z 45 0 2 77 0 20 91 10004
2018-10-17T22:44Z 315 0 1 77 0 20 91 10005
2018-10-17T22:49Z 45 0 4 77 0 20 91 10007
2018-10-17T22:54Z 45 2 4 77 0 20 92 10007
2018-10-17T22:59Z 45 2 6 77 0 20 92 10008
2018-10-17T23:04Z 45 1 6 77 0 20 92 10010
2018-10-17T23:09Z 45 1 6 77 0 20 92 10011
2018-10-17T23:14Z 45 0 6 77 0 20 92 10011
2018-10-17T23:19Z 90 0 5 78 0 20 92 10012
2018-10-17T23:24Z 315 0 2 78 0 20 92 10014
2018-10-17T23:29Z 315 0 2 78 0 20 92 10015
2018-10-17T23:34Z 315 0 2 79 0 20 91 10015
2018-10-17T23:39Z 315 0 3 80 0 20 89 10015
2018-10-17T23:45Z 45 0 3 80 0 20 87 10014
2018-10-17T23:50Z 45 1 4 81 0 20 85 10015
2018-10-17T23:55Z 45 1 6 82 0 20 83 10017
2018-10-18T00:00Z 45 0 6 83 0 20 82 10017
2018-10-18T00:05Z 135 0 4 84 0 20 79 10018
2018-10-18T00:10Z 135 0 4 85 0 20 79 10019
2018-10-18T00:15Z 45 0 3 86 0 20 74 10020
2018-10-18T00:20Z 45 0 2 88 0 20 72 10021
2018-10-18T00:25Z 90 0 2 89 0 20 73 10022
2018-10-18T00:30Z 135 0 2 91 0 20 71 10023
2018-10-18T00:35Z 0 0 2 92 0 20 65 10025
2018-10-18T00:40Z 315 0 2 93 0 20 60 10026
2018-10-18T00:45Z 45 0 2 95 0 20 60 10026
2018-10-18T00:51Z 90 0 2 96 0 20 56 10027
2018-10-18T00:56Z 135 0 3 97 0 20 56 10028
2018-10-18T01:01Z 45 0 5 98 0 20 51 10027
2018-10-18T01:06Z 45 0 6 98 0 20 52 10027
2018-10-18T01:11Z 45 0 8 99 0 20 50 10027
2018-10-18T01:16Z 45 0 8 100 0 20 48 10029
2018-10-18T01:21Z 45 4 11 100 0 20 48 10030
2018-10-18T01:26Z 45 0 11 99 0 20 48 10030
2018-10-18T01:31Z 45 4 10 100 0 20 48 10031
2018-10-18T01:36Z 45 4 12 100 0 20 47 10032
2018-10-18T01:42Z 135 0 13 100 0 20 47 10033
2018-10-18T01:47Z 45 0 13 102 0 20 44 10035
2018-10-18T01:52Z 45 1 8 103 0 20 43 10036
2018-10-18T01:58Z 45 4 10 103 0 20 42 10036
2018-10-18T02:03Z 45 8 13 103 0 20 42 10036
2018-10-18T02:09Z 45 3 13 103 0 20 42 10037
2018-10-18T02:14Z 45 3 13 104 0 20 41 10038
2018-10-18T02:19Z 45 6 13 105 0 20 40 10038
2018-10-18T02:24Z 45 4 13 105 0 20 39 10038
2018-10-18T02:29Z 45 5 13 105 0 20 39 10039
2018-10-18T02:34Z 45 4 15 106 0 20 39 10037
2018-10-18T02:39Z 45 4 15 107 0 20 37 10036
2018-10-18T02:44Z 45 5 17 106 0 20 36 10038
2018-10-18T02:49Z 45 6 17 105 0 20 39 10038
2018-10-18T02:54Z 45 3 14 105 0 20 39 10038
2018-10-18T02:59Z 45 4 13 105 0 20 37 10038
2018-10-18T03:04Z 45 5 15 105 0 20 36 10038
2018-10-18T03:10Z 45 1 15 105 0 20 36 10036
2018-10-18T03:15Z 45 8 17 108 0 20 34 10036
2018-10-18T03:20Z 45 9 21 109 0 20 33 10034
2018-10-18T03:25Z 225 6 21 109 0 20 31 10034
2018-10-18T03:34Z 45 3 22 109 0 20 31 10031
2018-10-18T03:39Z 45 3 15 111 0 20 31 10031
2018-10-18T03:44Z 45 3 16 112 0 20 29 10029
2018-10-18T03:49Z 45 4 16 113 0 20 28 10028
2018-10-18T03:54Z 45 5 17 113 0 20 29 10026
2018-10-18T03:59Z 45 6 19 113 0 20 29 10025
2018-10-18T04:04Z 45 6 20 111 0 20 29 10025
2018-10-18T04:09Z 45 5 20 112 0 20 29 10023
2018-10-18T04:15Z 135 8 16 113 0 20 28 10024
2018-10-18T04:20Z 45 5 16 112 0 20 29 10023
2018-10-18T04:25Z 45 3 11 111 0 20 30 10023
2018-10-18T04:30Z 45 4 12 109 0 20 32 10022
2018-10-18T04:35Z 45 3 18 110 0 20 31 10021
2018-10-18T04:40Z 45 5 18 111 0 20 30 10018
2018-10-18T04:45Z 45 5 15 110 0 20 31 10014
2018-10-18T04:50Z 45 4 15 111 0 20 30 10014
2018-10-18T04:55Z 45 9 20 112 0 20 30 10013
2018-10-18T05:00Z 45 3 20 113 0 20 29 10013
2018-10-18T05:05Z 45 9 27 114 0 20 26 10013
2018-10-18T05:10Z 45 9 27 114 0 20 25 10010
2018-10-18T05:16Z 45 9 22 113 0 20 28 10010
2018-10-18T05:21Z 45 5 18 114 0 20 27 10009
2018-10-18T05:26Z 45 3 15 115 0 20 27 10008
2018-10-18T05:31Z 45 4 15 115 0 20 26 10008
2018-10-18T05:36Z 45 6 16 112 0 20 28 10007
2018-10-18T05:41Z 45 2 16 111 0 20 30 10004
2018-10-18T05:46Z 45 9 15 112 0 20 29 10005
2018-10-18T05:51Z 45 10 20 113 0 20 28 10002
2018-10-18T05:56Z 45 11 22 114 0 20 27 10003
2018-10-18T06:01Z 45 6 22 115 0 20 27 10001
2018-10-18T06:06Z 45 8 18 115 0 20 27 10000
2018-10-18T06:11Z 45 7 18 113 0 20 28 10001
2018-10-18T06:16Z 90 7 17 112 0 20 28 10000
2018-10-18T06:22Z 45 7 18 114 0 20 26 9999
2018-10-18T06:27Z 45 5 18 114 0 20 26 9998
2018-10-18T06:32Z 45 5 18 114 0 20 27 9998
2018-10-18T06:37Z 180 3 18 113 0 20 26 9998
2018-10-18T06:42Z 45 6 17 113 0 20 26 9996
2018-10-18T06:47Z 45 4 17 111 0 20 28 9996
2018-10-18T06:52Z 45 11 18 109 0 20 30 9995
2018-10-18T06:57Z 45 3 18 106 0 20 33 9992
2018-10-18T07:02Z 45 4 15 106 0 20 34 9990
2018-10-18T07:07Z 45 3 13 107 0 20 32 9988
2018-10-18T07:12Z 45 2 13 109 0 20 30 9988
2018-10-18T07:17Z 45 0 9 111 0 20 29 9989
2018-10-18T07:23Z 45 0 9 114 0 20 27 9987
2018-10-18T07:28Z 225 3 9 115 0 20 25 9987
2018-10-18T07:35Z 45 0 9 116 0 20 25 9985
2018-10-18T07:40Z 135 1 6 116 0 20 24 9986
2018-10-18T07:45Z 180 0 6 115 0 20 25 9986
2018-10-18T07:50Z 45 0 6 113 0 20 27 9986
2018-10-18T07:55Z 45 0 5 111 0 19 28 9985
2018-10-18T08:00Z 45 0 6 109 0 19 31 9984
2018-10-18T08:05Z 45 1 7 106 0 19 34 9983
2018-10-18T08:10Z 45 3 12 103 0 19 41 9984
2018-10-18T08:15Z 45 3 12 100 0 19 45 9982
2018-10-18T08:20Z 45 7 22 97 0 16 49 9981
2018-10-18T08:25Z 45 6 22 95 0 9 52 9980
2018-10-18T08:31Z 45 8 22 94 0 2 55 9982
2018-10-18T08:37Z 45 9 36 92 0 2 57 9984
2018-10-18T08:46Z 45 6 31 91 0 1 59 9983
2018-10-18T08:51Z 45 9 18 91 0 1 59 9981
2018-10-18T08:56Z 45 6 22 90 0 1 62 9982
2018-10-18T09:01Z 45 9 23 88 6 7 67 9984
2018-10-18T09:06Z 45 7 23 86 13 14 72 9987
2018-10-18T09:11Z 45 7 19 84 14 15 74 9989
2018-10-18T09:16Z 45 5 18 83 14 15 77 9992
2018-10-18T09:21Z 45 3 15 82 14 15 78 9993
2018-10-18T09:26Z 45 7 15 82 14 14 73 9990
2018-10-18T09:31Z 45 4 15 82 14 14 75 9992
2018-10-18T09:36Z 45 3 15 82 14 14 73 9997
2018-10-18T09:42Z 45 5 15 81 14 14 72 9995
2018-10-18T09:51Z 45 5 12 81 14 14 71 9995
2018-10-18T09:56Z 45 6 12 81 14 14 72 9999
2018-10-18T10:01Z 45 5 18 81 6 14 72 9999
2018-10-18T10:06Z 45 5 18 81 1 14 72 9998
2018-10-18T10:11Z 45 3 12 81 0 14 71 9999
2018-10-18T10:16Z 45 2 12 81 0 14 73 10002
2018-10-18T10:21Z 45 1 12 80 1 15 76 10003
2018-10-18T10:26Z 135 2 6 80 1 15 77 10001
2018-10-18T10:31Z 135 3 9 79 1 15 78 10001
2018-10-18T10:36Z 45 2 9 79 1 15 80 10004
2018-10-18T10:41Z 135 0 9 79 2 16 79 10004
2018-10-18T10:47Z 90 2 9 79 2 16 80 10005
2018-10-18T10:52Z 45 3 7 78 3 18 81 10004
2018-10-18T10:57Z 135 0 7 78 5 19 83 9998
2018-10-18T11:02Z 45 0 6 78 6 20 84 10000
2018-10-18T11:07Z 45 0 3 78 6 20 84 10001
2018-10-18T11:12Z 225 0 3 78 7 22 84 10005
2018-10-18T11:17Z 225 2 6 78 9 23 84 10014
2018-10-18T11:22Z 225 3 6 78 7 23 85 10018
2018-10-18T11:27Z 180 6 9 78 9 24 85 10018
2018-10-18T11:33Z 45 4 12 78 9 24 86 10016
2018-10-18T11:38Z 45 3 12 78 10 26 86 10016
2018-10-18T11:43Z 45 4 9 78 9 26 87 10015
2018-10-18T11:48Z 45 3 12 77 7 26 86 10016
2018-10-18T11:53Z 45 5 12 77 9 27 86 10017
2018-10-18T11:59Z 45 3 12 77 7 27 86 10019
2018-10-18T12:04Z 45 1 12 77 6 27 87 10020
2018-10-18T12:09Z 45 2 9 77 6 28 87 10018
2018-10-18T12:14Z 45 2 9 77 6 28 87 10018
2018-10-18T12:19Z 135 0 6 77 5 28 88 10020
2018-10-18T12:24Z 135 0 6 77 3 28 88 10020
2018-10-18T12:29Z 90 0 3 77 3 28 88 10023
2018-10-18T12:34Z 45 0 3 77 3 28 88 10025
2018-10-18T12:39Z 45 0 6 77 2 28 87 10026
2018-10-18T12:44Z 90 0 6 77 2 28 88 10028
2018-10-18T12:49Z 225 0 3 77 1 28 88 10028
2018-10-18T12:54Z 180 2 6 77 1 28 88 10029
2018-10-18T13:00Z 225 2 6 77 1 28 88 10030
2018-10-18T13:05Z 225 3 6 77 1 28 88 10031
2018-10-18T13:10Z 225 3 6 77 0 28 88 10032
2018-10-18T13:15Z 225 2 6 77 0 28 88 10031
2018-10-18T13:20Z 225 1 6 77 0 28 88 10031
2018-10-18T13:25Z 225 0 6 77 0 28 88 10031
2018-10-18T13:34Z 270 0 3 77 0 28 87 10030
2018-10-18T13:40Z 225 0 3 77 0 28 87 10029
2018-10-18T13:45Z 225 0 3 77 0 28 87 10030
2018-10-18T13:50Z 225 0 4 77 0 28 87 10030
2018-10-18T13:55Z 225 0 4 77 0 28 87 10030
2018-10-18T14:00Z 225 0 3 77 0 28 87 10029
2018-10-18T14:05Z 225 0 3 77 0 28 87 10028
2018-10-18T14:11Z 225 0 2 77 0 28 87 10027
2018-10-18T14:16Z 270 0 0 77 0 28 87 10028
2018-10-18T14:21Z 180 0 2 77 0 28 87 10027
2018-10-18T14:26Z 180 0 2 77 0 28 87 10025
2018-10-18T14:31Z 225 0 2 77 0 28 87 10025
2018-10-18T14:36Z 225 0 2 77 0 28 87 10025
2018-10-18T14:41Z 225 0 0 77 0 28 87 10025
2018-10-18T14:46Z 225 0 0 77 0 28 87 10025
2018-10-18T14:51Z 45 0 0 77 0 28 87 10027
2018-10-18T14:56Z 45 0 0 77 0 28 88 10028
2018-10-18T15:01Z 45 0 2 77 0 28 88 10028
2018-10-18T15:06Z 270 0 2 77 0 28 87 10029
2018-10-18T15:12Z 270 0 0 77 0 28 87 10028
2018-10-18T15:17Z 270 0 0 77 0 28 87 10028
2018-10-18T15:22Z 270 0 0 77 0 28 87 10029
2018-10-18T15:27Z 225 0 0 77 0 28 87 10027
2018-10-18T15:32Z 225 0 0 77 0 28 87 10027
2018-10-18T15:37Z 225 1 4 77 0 28 88 10027
2018-10-18T15:42Z 270 1 4 77 0 28 90 10026
2018-10-18T15:47Z 270 0 4 77 0 28 89 10025
2018-10-18T15:52Z 270 0 4 77 0 28 89 10026
2018-10-18T15:57Z 270 1 4 77 0 28 89 10026
2018-10-18T16:02Z 225 2 5 77 0 28 88 10026
2018-10-18T16:07Z 225 2 6 77 0 28 89 10028
2018-10-18T16:12Z 225 2 6 77 0 28 89 10029
2018-10-18T16:17Z 180 4 9 77 0 28 89 10028
2018-10-18T16:22Z 180 2 9 77 0 28 89 10027
2018-10-18T16:28Z 180 0 7 77 0 28 89 10027
2018-10-18T16:33Z 225 1 5 77 0 28 89 10027
2018-10-18T16:38Z 225 3 6 77 0 28 89 10025
2018-10-18T16:43Z 225 3 6 77 0 28 89 10025
2018-10-18T16:48Z 225 3 6 77 0 28 88 10024
2018-10-18T16:53Z 270 0 6 77 0 28 88 10024
2018-10-18T16:59Z 225 3 6 77 0 28 89 10026
2018-10-18T17:04Z 225 3 6 77 0 28 89 10025
2018-10-18T17:10Z 90 2 9 77 0 28 89 10025
2018-10-18T17:15Z 225 2 9 77 0 28 89 10025
2018-10-18T17:20Z 270 2 6 77 0 28 90 10026
2018-10-18T17:25Z 225 3 6 77 0 28 89 10026
2018-10-18T17:30Z 225 2 6 77 0 28 89 10026
2018-10-18T17:35Z 270 1 6 77 0 28 89 10024
2018-10-18T17:41Z 225 1 5 77 0 28 88 10023
2018-10-18T17:46Z 225 1 5 77 0 28 88 10023
2018-10-18T17:51Z 225 2 6 77 0 28 88 10023
2018-10-18T17:56Z 225 3 6 77 0 28 88 10020
2018-10-18T18:01Z 225 3 7 77 0 28 88 10020
2018-10-18T18:06Z 225 0 7 76 0 28 88 10018
2018-10-18T18:11Z 225 1 7 76 0 28 89 10017
2018-10-18T18:16Z 225 3 6 76 0 28 89 10017
2018-10-18T18:21Z 225 3 9 76 0 28 89 10016
2018-10-18T18:26Z 180 2 9 76 0 28 90 10015
2018-10-18T18:31Z 180 2 7 76 0 28 90 10012
2018-10-18T18:36Z 180 4 9 76 0 28 89 10011
2018-10-18T18:41Z 90 2 12 76 0 28 89 10011
2018-10-18T18:47Z 135 3 8 76 0 28 89 10009
2018-10-18T18:52Z 180 3 8 76 0 28 90 10008
2018-10-18T18:57Z 135 2 7 76 0 28 90 10008
2018-10-18T19:02Z 45 2 6 76 0 28 90 10008
2018-10-18T19:07Z 45 0 7 76 0 28 90 10005
2018-10-18T19:12Z 45 2 9 76 0 28 90 10005
2018-10-18T19:17Z 45 0 9 76 0 28 90 10005
2018-10-18T19:22Z 45 0 6 76 0 28 91 10005
2018-10-18T19:27Z 180 3 8 76 0 28 91 10003
2018-10-18T19:32Z 225 1 8 76 0 28 91 10001
2018-10-18T19:37Z 180 3 10 76 0 28 92 10001
2018-10-18T19:42Z 45 3 11 76 0 28 92 10001
2018-10-18T19:48Z 45 4 11 76 0 28 92 10001
2018-10-18T19:53Z 45 5 12 76 0 28 92 9999
2018-10-18T19:58Z 45 3 12 76 0 28 92 9999
2018-10-18T20:03Z 45 2 9 76 0 28 92 9998
2018-10-18T20:08Z 45 3 9 76 0 28 92 9996
2018-10-18T20:13Z 180 3 9 76 0 28 92 9997
2018-10-18T20:18Z 45 3 9 76 0 28 92 9997
2018-10-18T20:23Z 135 3 8 76 0 28 92 9998
2018-10-18T20:28Z 45 1 8 76 0 28 92 9998
2018-10-18T20:33Z 45 1 6 76 0 28 92 9998
2018-10-18T20:38Z 45 1 6 76 0 28 92 9998
2018-10-18T20:43Z 45 1 6 76 0 28 92 9999
2018-10-18T20:48Z 45 0 6 76 0 28 92 9998
2018-10-18T20:54Z 45 3 8 76 0 28 92 9999