2018-10-04T05:38Z 45 8 16 109 0 45 36 10003
2018-10-04T05:44Z 45 3 16 108 0 45 36 10002
2018-10-04T05:50Z 45 3 16 108 0 45 36 10002
2018-10-04T05:56Z 45 5 22 100 0 45 48 10002
2018-10-04T06:01Z 45 10 37 97 0 45 51 10002
2018-10-04T06:06Z 45 11 37 94 0 45 55 10003
2018-10-04T06:12Z 45 9 28 93 0 45 58 10001
2018-10-04T06:17Z 45 9 28 93 0 45 58 10001
2018-10-04T06:22Z 45 12 27 91 0 45 62 9997
2018-10-04T06:27Z 45 13 31 89 0 45 64 9995
2018-10-04T06:32Z 45 9 31 87 0 45 63 9995
2018-10-04T06:37Z 45 7 27 86 0 45 58 9997
2018-10-04T06:42Z 45 9 22 86 0 45 56 9997
2018-10-04T06:47Z 45 5 22 85 0 45 54 9998
2018-10-04T06:52Z 45 3 22 85 0 45 52 9999
2018-10-04T06:57Z 45 6 18 85 0 45 47 9999
2018-10-04T07:02Z 45 4 14 84 1 46 46 9997
2018-10-04T07:07Z 45 4 14 83 1 46 40 9998
2018-10-04T07:12Z 45 4 11 82 1 46 40 9999
2018-10-04T07:17Z 45 8 18 82 1 46 41 9998
2018-10-04T07:22Z 45 3 18 82 1 46 39 9997
2018-10-04T07:28Z 45 2 13 81 1 46 37 9999
2018-10-04T07:33Z 45 2 9 81 1 46 37 9999
2018-10-04T07:38Z 45 4 14 81 1 46 37 9998
2018-10-04T07:43Z 45 6 16 81 1 46 37 9996
2018-10-04T07:48Z 45 3 21 81 1 46 37 9996
2018-10-04T07:53Z 45 3 21 81 1 46 36 9998
2018-10-04T07:58Z 45 4 12 81 1 46 36 9999
2018-10-04T08:03Z 45 5 12 81 0 46 36 9999
2018-10-04T08:08Z 45 2 12 82 0 46 35 10000
2018-10-04T08:13Z 45 3 12 82 0 46 35 10000
2018-10-04T08:18Z 45 2 12 82 0 46 35 10000
2018-10-04T08:23Z 45 3 9 81 1 48 34 9998
2018-10-04T08:28Z 45 4 12 81 1 48 34 10000
2018-10-04T08:34Z 135 3 12 81 1 48 34 10001
2018-10-04T08:39Z 45 3 9 81 1 48 34 10002
2018-10-04T08:44Z 45 0 9 81 1 48 34 10003
2018-10-04T08:49Z 45 0 6 81 1 48 34 10005
2018-10-04T08:54Z 45 9 19 80 1 48 34 10007
2018-10-04T08:59Z 135 10 25 80 1 48 36 10006
2018-10-04T09:04Z 90 12 27 79 1 48 36 10007
2018-10-04T09:09Z 45 15 30 79 1 48 35 10006
2018-10-04T09:14Z 90 9 30 79 1 48 35 10006
2018-10-04T09:19Z 90 8 25 79 0 48 35 10006
2018-10-04T09:24Z 90 7 20 78 0 48 35 10006
2018-10-04T09:29Z 45 6 19 78 1 49 35 10005
2018-10-04T09:35Z 45 4 18 78 1 49 35 10005
2018-10-04T09:40Z 45 0 10 78 1 49 35 10004
2018-10-04T09:45Z 45 1 6 78 1 49 35 10004
2018-10-04T09:50Z 45 1 6 78 1 49 35 10004
2018-10-04T09:55Z 45 2 9 77 2 50 35 10006
2018-10-04T10:00Z 45 2 9 77 2 50 35 10006
2018-10-04T10:05Z 45 0 6 77 3 50 35 10011
2018-10-04T10:10Z 45 0 6 77 3 50 35 10011
2018-10-04T10:15Z 45 1 5 77 5 52 35 10016
2018-10-04T10:20Z 90 1 6 77 6 53 35 10017
2018-10-04T10:25Z 45 3 9 77 7 54 35 10017
2018-10-04T10:30Z 45 1 9 77 7 55 35 10017
2018-10-04T10:35Z 45 1 6 77 9 57 35 10017
2018-10-04T10:41Z 135 2 6 77 10 58 35 10017
2018-10-04T10:46Z 45 0 6 77 10 59 35 10016
2018-10-04T10:51Z 315 0 6 77 10 59 35 10017
2018-10-04T10:56Z 45 0 6 77 11 61 35 10017
2018-10-04T11:01Z 45 0 6 77 10 61 35 10018
2018-10-04T11:06Z 45 0 6 77 10 61 35 10005
2018-10-04T11:11Z 45 0 6 77 10 61 35 10007
2018-10-04T11:16Z 90 0 6 77 10 62 35 10010
2018-10-04T11:21Z 135 0 6 77 9 62 35 10000
2018-10-04T11:26Z 90 0 6 77 7 62 35 9991
2018-10-04T11:31Z 180 0 6 77 6 62 35 9991
2018-10-04T11:36Z 90 2 6 77 5 62 36 9992
2018-10-04T11:42Z 45 0 6 77 5 63 36 9992
2018-10-04T11:47Z 45 0 6 77 3 63 36 9991
2018-10-04T11:52Z 45 0 3 77 3 63 36 9993
2018-10-04T11:57Z 45 6 15 77 2 63 36 9995
2018-10-04T12:02Z 45 5 15 77 2 63 36 9994
2018-10-04T12:07Z 45 4 21 77 5 66 36 9994
2018-10-04T12:12Z 45 1 21 77 3 65 36 9994
2018-10-04T12:17Z 45 2 8 77 3 61 36 9994
2018-10-04T12:22Z 45 4 9 76 5 58 36 9993
2018-10-04T12:27Z 45 1 9 76 6 58 36 9994
2018-10-04T12:32Z 45 2 6 76 6 54 36 9994
2018-10-04T12:37Z 45 1 5 76 5 52 36 9994
2018-10-04T12:42Z 45 3 9 76 6 53 36 9995
2018-10-04T12:48Z 45 2 9 76 6 53 36 9995
2018-10-04T12:53Z 45 1 6 76 7 53 36 9995
2018-10-04T12:58Z 45 1 5 76 7 53 36 9996
2018-10-04T13:03Z 45 3 7 76 6 53 36 9997
2018-10-04T13:08Z 45 2 7 76 5 53 37 9997
2018-10-04T13:13Z 90 0 6 76 5 53 37 9999
2018-10-04T13:18Z 45 0 3 76 5 53 37 10000
2018-10-04T13:23Z 45 1 4 76 3 52 37 10000
2018-10-04T13:28Z 45 0 4 76 2 52 37 10000
2018-10-04T13:33Z 45 1 4 76 2 50 37 10002
2018-10-04T13:38Z 45 0 5 76 2 49 37 10002
2018-10-04T13:43Z 45 2 9 76 1 48 37 10003
2018-10-04T13:49Z 45 0 9 76 1 48 37 10004
2018-10-04T13:54Z 45 2 9 76 0 46 37 10003
2018-10-04T13:59Z 45 1 9 76 1 46 37 10003
2018-10-04T14:04Z 45 2 7 76 1 46 37 10004
2018-10-04T14:09Z 45 2 7 76 1 45 37 10004
2018-10-04T14:14Z 45 3 6 76 1 44 37 10005
2018-10-04T14:19Z 45 2 8 76 1 42 37 10004
2018-10-04T14:24Z 45 1 8 76 1 41 37 10004
2018-10-04T14:29Z 45 1 6 76 1 40 37 10003
2018-10-04T14:34Z 45 0 4 76 1 40 37 10004
2018-10-04T14:39Z 45 0 3 76 1 39 37 10004
2018-10-04T14:44Z 45 3 6 76 1 36 37 10003
2018-10-04T14:49Z 90 1 6 76 1 35 36 10006
2018-10-04T14:55Z 45 0 5 76 1 33 36 10006
2018-10-04T15:00Z 90 2 5 76 0 33 37 10007
2018-10-04T15:05Z 90 3 6 76 0 33 36 10005
2018-10-04T15:10Z 90 2 6 76 0 32 36 10004
2018-10-04T15:15Z 45 2 6 76 0 32 36 10005
2018-10-04T15:20Z 90 0 6 76 0 31 36 10005
2018-10-04T15:25Z 45 1 3 76 0 31 36 10005
2018-10-04T15:30Z 45 1 3 76 0 31 36 10005
2018-10-04T15:35Z 135 2 6 76 0 29 36 10006
2018-10-04T15:40Z 45 2 6 76 1 31 36 10006
2018-10-04T15:45Z 45 2 7 76 1 31 36 10007
2018-10-04T15:50Z 45 2 7 76 1 31 36 10006
2018-10-04T15:55Z 45 1 6 76 1 31 36 10007
2018-10-04T16:00Z 90 3 6 76 1 31 36 10005
2018-10-04T16:05Z 90 3 6 76 1 31 36 10005
2018-10-04T16:10Z 90 4 9 76 1 31 37 10005
2018-10-04T16:15Z 90 2 9 76 1 31 37 10004
2018-10-04T16:20Z 135 4 9 76 1 31 37 10005
2018-10-04T16:26Z 45 3 9 76 1 31 37 10005
2018-10-04T16:31Z 135 5 10 76 1 31 37 10006
2018-10-04T16:36Z 135 3 10 76 1 31 37 10006
2018-10-04T16:41Z 45 1 9 76 0 31 37 10005
2018-10-04T16:46Z 135 2 7 76 0 31 37 10004
2018-10-04T16:51Z 45 0 7 76 0 31 37 10004
2018-10-04T16:56Z 135 0 5 76 0 31 37 10004
2018-10-04T17:01Z 135 0 4 76 0 31 37 10003
2018-10-04T17:06Z 45 0 5 76 0 31 37 10001
2018-10-04T17:11Z 135 0 5 76 0 31 37 10001
2018-10-04T17:16Z 45 0 5 76 0 29 37 10002
2018-10-04T17:21Z 45 0 3 76 0 29 37 10001
2018-10-04T17:27Z 45 0 4 76 0 29 37 10000
2018-10-04T17:32Z 45 0 4 76 1 31 37 9999
2018-10-04T17:37Z 45 0 2 76 1 31 37 9998
2018-10-04T17:42Z 45 0 2 76 1 31 37 9999
2018-10-04T17:47Z 45 0 2 76 1 31 37 9998
2018-10-04T17:52Z 45 0 4 76 1 31 37 9998
2018-10-04T17:57Z 45 0 4 76 1 31 37 9998
2018-10-04T18:02Z 45 0 4 76 1 31 37 9997
2018-10-04T18:07Z 45 0 2 76 1 31 37 9997
2018-10-04T18:12Z 45 0 2 76 1 31 37 9996
2018-10-04T18:17Z 45 0 2 76 1 31 37 9996
2018-10-04T18:22Z 45 0 2 76 1 31 37 9997
2018-10-04T18:27Z 45 0 3 76 1 31 37 9996
2018-10-04T18:33Z 45 0 4 76 0 31 37 9996
2018-10-04T18:38Z 45 0 4 76 0 31 37 9995
2018-10-04T18:43Z 45 2 5 76 0 31 37 9995
2018-10-04T18:48Z 45 2 6 76 0 31 37 9994
2018-10-04T18:53Z 45 1 6 76 0 31 37 9993
2018-10-04T18:58Z 45 1 6 76 0 31 37 9992
2018-10-04T19:03Z 45 2 7 76 0 31 37 9991
2018-10-04T19:08Z 45 2 7 76 0 31 37 9989
2018-10-04T19:13Z 45 0 6 76 0 31 37 9990
2018-10-04T19:18Z 45 1 6 76 0 31 37 9990
2018-10-04T19:23Z 45 3 6 76 0 31 37 9991
2018-10-04T19:28Z 45 2 6 76 0 31 37 9990
2018-10-04T19:34Z 45 2 6 76 0 31 37 9991
2018-10-04T19:39Z 45 2 6 76 0 31 37 9990
2018-10-04T19:44Z 45 0 6 76 0 31 37 9990
2018-10-04T19:49Z 45 0 5 76 0 31 37 9991
2018-10-04T19:54Z 45 0 2 76 0 31 37 9992
2018-10-04T19:59Z 45 0 2 76 0 31 37 9992
2018-10-04T20:04Z 45 0 2 76 0 31 37 9991
2018-10-04T20:09Z 45 0 2 76 0 31 37 9990
2018-10-04T20:14Z 45 0 2 76 0 31 37 9991
2018-10-04T20:19Z 45 0 2 76 0 31 37 9991
2018-10-04T20:24Z 45 0 4 76 0 31 37 9991
2018-10-04T20:29Z 45 0 4 76 0 31 37 9991
2018-10-04T20:34Z 45 1 4 76 0 31 37 9992
2018-10-04T20:40Z 45 2 5 76 0 31 37 9992
2018-10-04T20:45Z 45 2 5 76 0 31 37 9992
2018-10-04T20:50Z 45 0 5 76 0 31 37 9993
2018-10-04T20:55Z 45 0 5 76 0 31 37 9993
2018-10-04T21:03Z 45 0 4 76 0 31 37 9993
2018-10-04T21:08Z 45 1 4 76 0 31 37 9993
2018-10-04T21:13Z 45 0 4 76 0 31 37 9993
2018-10-04T21:18Z 45 3 6 76 0 31 37 9993
2018-10-04T21:23Z 45 3 9 76 0 31 37 9993
2018-10-04T21:28Z 45 5 9 76 0 31 37 9995
2018-10-04T21:33Z 45 3 9 76 0 31 37 9995
2018-10-04T21:38Z 45 3 9 76 0 31 37 9995
2018-10-04T21:43Z 45 3 9 76 0 31 37 9995
2018-10-04T21:48Z 45 4 9 76 0 31 37 9996
2018-10-04T21:53Z 45 3 9 76 0 31 37 9997
2018-10-04T21:58Z 45 3 9 76 0 31 38 9997
2018-10-04T22:03Z 45 2 9 76 0 31 38 9999
2018-10-04T22:09Z 45 1 6 76 0 31 38 9999
2018-10-04T22:14Z 45 0 5 76 0 31 38 10000
2018-10-04T22:19Z 45 1 5 76 0 31 38 9999
2018-10-04T22:24Z 45 0 5 76 0 31 38 10000
2018-10-04T22:29Z 45 2 6 76 0 31 38 10001
2018-10-04T22:34Z 45 0 6 76 0 31 38 9999
2018-10-04T22:39Z 45 2 5 76 0 31 38 10001
2018-10-04T22:44Z 45 2 5 76 0 31 38 10001
2018-10-04T22:49Z 45 1 5 76 0 31 38 10003
2018-10-04T22:54Z 45 2 7 76 0 31 38 10003
2018-10-04T22:59Z 45 3 9 76 0 31 38 10004
2018-10-04T23:04Z 45 5 11 76 0 31 38 10005
2018-10-04T23:09Z 45 2 11 76 0 31 38 10005
2018-10-04T23:15Z 45 2 9 76 0 31 38 10007
2018-10-04T23:20Z 45 5 12 76 0 31 38 10006
2018-10-04T23:25Z 45 3 12 76 0 31 38 10008
2018-10-04T23:30Z 45 5 11 76 0 31 38 10008
2018-10-04T23:35Z 45 4 11 76 0 31 38 10008
2018-10-04T23:40Z 45 2 9 76 0 31 37 10008
2018-10-04T23:45Z 45 3 9 77 0 31 37 10008
2018-10-04T23:50Z 45 3 9 77 0 31 37 10009
2018-10-04T23:55Z 45 3 13 77 0 31 37 10011
2018-10-05T00:00Z 45 1 13 77 0 31 37 10011
2018-10-05T00:05Z 45 2 8 77 0 31 37 10013
2018-10-05T00:10Z 45 2 8 77 0 31 37 10011
2018-10-05T00:16Z 45 3 9 77 0 31 36 10012
2018-10-05T00:25Z 45 1 9 77 0 31 36 10014
2018-10-05T00:31Z 45 3 9 78 0 31 36 10014
2018-10-05T00:36Z 45 0 8 78 0 31 36 10014
2018-10-05T00:41Z 45 1 7 78 0 31 35 10016
2018-10-05T00:46Z 90 4 9 78 0 31 36 10015
2018-10-05T00:51Z 45 3 9 79 0 31 36 10015
2018-10-05T00:56Z 45 3 9 79 0 31 35 10015
2018-10-05T01:01Z 45 4 9 79 0 31 35 10016
2018-10-05T01:06Z 45 3 12 79 0 31 36 10016
2018-10-05T01:11Z 45 1 12 80 0 31 35 10017
2018-10-05T01:16Z 45 1 6 80 0 31 36 10019
2018-10-05T01:21Z 90 1 6 81 0 31 37 10019
2018-10-05T01:26Z 45 1 6 82 0 31 38 10019
2018-10-05T01:31Z 180 2 6 82 0 31 40 10019
2018-10-05T01:37Z 45 1 7 82 0 31 39 10018
2018-10-05T01:42Z 45 3 7 82 0 31 41 10017
2018-10-05T01:47Z 45 1 6 82 0 31 39 10017
2018-10-05T01:52Z 45 3 9 82 0 31 41 10017
2018-10-05T01:57Z 45 3 9 83 0 31 40 10019
2018-10-05T02:02Z 45 0 9 83 0 31 41 10020
2018-10-05T02:07Z 45 1 6 84 0 31 42 10020
2018-10-05T02:12Z 45 0 5 85 0 31 44 10020
2018-10-05T02:17Z 45 0 5 87 0 31 51 10021
2018-10-05T02:22Z 45 0 6 88 0 31 53 10021
2018-10-05T02:27Z 45 0 6 90 0 31 62 10021
2018-10-05T02:32Z 45 0 2 92 0 31 62 10022
2018-10-05T02:38Z 180 0 1 93 0 31 62 10021
2018-10-05T02:43Z 45 0 4 93 0 31 61 10021
2018-10-05T02:48Z 45 0 5 93 0 31 61 10020
2018-10-05T02:53Z 90 0 5 94 0 31 59 10020
2018-10-05T02:58Z 45 1 6 94 0 31 58 10019
2018-10-05T03:03Z 45 1 6 95 0 31 57 10020
2018-10-05T03:08Z 45 0 6 94 0 31 57 10019
2018-10-05T03:13Z 135 0 6 95 0 31 56 10018
2018-10-05T03:18Z 45 0 4 96 0 31 55 10018
2018-10-05T03:23Z 45 0 5 97 0 31 54 10016
2018-10-05T03:28Z 45 1 7 97 0 31 52 10016
2018-10-05T03:33Z 45 1 9 97 0 31 53 10016
2018-10-05T03:38Z 90 1 9 98 0 31 50 10016
2018-10-05T03:44Z 90 0 9 96 0 31 52 10016
2018-10-05T03:49Z 90 1 9 97 0 31 53 10016
2018-10-05T03:54Z 90 3 9 97 0 31 52 10015
2018-10-05T03:59Z 45 3 9 97 0 31 51 10013
2018-10-05T04:04Z 135 3 11 97 0 31 52 10013
2018-10-05T04:09Z 45 1 11 98 0 31 51 10012
2018-10-05T04:14Z 45 1 6 98 0 31 51 10011
2018-10-05T04:19Z 90 0 6 99 0 31 50 10011
2018-10-05T04:24Z 45 2 9 99 0 31 49 10010
2018-10-05T04:29Z 45 0 9 100 0 31 49 10008
2018-10-05T04:34Z 90 3 7 102 0 31 46 10008
2018-10-05T04:39Z 135 1 7 102 0 31 46 10008
2018-10-05T04:45Z 45 2 6 103 0 31 43 10006
2018-10-05T04:50Z 90 6 12 101 0 31 45 10003
2018-10-05T04:55Z 45 2 12 102 0 31 45 10002
2018-10-05T05:00Z 45 6 16 103 0 31 42 10002
2018-10-05T05:05Z 45 6 16 102 0 31 45 9999
2018-10-05T05:10Z 135 2 15 104 0 31 44 9999
2018-10-05T05:15Z 45 1 7 108 0 31 39 9998
2018-10-05T05:20Z 45 1 7 110 0 31 37 9998
2018-10-05T05:25Z 45 2 5 110 0 31 37 9998
2018-10-05T05:30Z 90 5 11 108 0 31 38 9998
2018-10-05T05:35Z 45 3 11 108 0 31 38 9997
2018-10-05T05:40Z 45 7 16 106 0 31 40 9994
2018-10-05T05:45Z 135 6 24 102 0 31 45 9994
2018-10-05T05:51Z 45 4 24 98 0 31 49 9994
2018-10-05T05:56Z 45 8 19 96 0 31 51 9995
2018-10-05T06:01Z 45 20 28 93 0 31 53 9994
2018-10-05T06:06Z 45 18 33 90 0 31 58 9993
2018-10-05T06:11Z 45 13 33 88 0 31 60 9992
2018-10-05T06:16Z 45 18 31 87 0 31 62 9992
2018-10-05T06:21Z 45 14 31 86 0 31 64 9991
2018-10-05T06:26Z 45 13 27 85 0 31 65 9991
2018-10-05T06:31Z 45 12 26 85 0 31 65 9989
2018-10-05T06:36Z 45 15 22 85 0 31 65 9988
2018-10-05T06:41Z 45 7 22 85 0 31 65 9985
2018-10-05T06:46Z 45 9 17 85 0 31 65 9985
2018-10-05T06:52Z 45 8 17 85 0 31 65 9985
2018-10-05T06:57Z 45 9 18 86 0 31 65 9985
2018-10-05T07:02Z 45 9 18 85 0 29 64 9986
2018-10-05T07:07Z 45 9 18 84 0 29 60 9986
2018-10-05T07:12Z 45 11 21 83 0 29 51 9984
2018-10-05T07:17Z 45 6 21 83 0 29 48 9985
2018-10-05T07:22Z 45 6 16 83 0 29 47 9986
2018-10-05T07:27Z 45 6 15 84 0 29 49 9985
2018-10-05T07:32Z 45 3 12 85 0 29 52 9984
2018-10-05T07:37Z 45 4 12 86 0 29 59 9983
2018-10-05T07:42Z 45 4 9 88 0 29 61 9982
2018-10-05T07:47Z 45 2 9 90 0 29 62 9982
2018-10-05T07:52Z 45 4 9 93 0 29 58 9982
2018-10-05T07:58Z 45 0 9 96 0 29 55 9983
2018-10-05T08:03Z 45 1 6 101 0 29 48 9980
2018-10-05T08:08Z 45 6 13 102 0 29 46 9980
2018-10-05T08:13Z 45 3 17 101 0 29 46 9980
2018-10-05T08:18Z 45 2 17 99 0 28 48 9979
2018-10-05T08:23Z 45 0 14 97 0 28 51 9980
2018-10-05T08:28Z 45 1 14 97 0 28 52 9981
2018-10-05T08:33Z 45 9 17 95 0 28 53 9980
2018-10-05T08:38Z 180 2 17 94 0 28 55 9980
2018-10-05T08:43Z 180 4 14 94 0 28 57 9980
2018-10-05T08:51Z 90 1 12 94 0 28 57 9980
2018-10-05T08:56Z 225 3 12 94 0 28 57 9982
2018-10-05T09:01Z 45 3 13 94 0 28 57 9983
2018-10-05T09:06Z 45 2 13 94 0 28 58 9985
2018-10-05T09:12Z 45 3 12 93 0 28 59 9986
2018-10-05T09:17Z 45 5 12 92 0 28 60 9987
2018-10-05T09:22Z 45 3 13 91 0 28 62 9987
2018-10-05T09:27Z 45 6 18 90 0 27 63 9987
2018-10-05T09:32Z 45 7 21 89 0 27 64 9986
2018-10-05T09:37Z 45 6 22 88 0 27 64 9987
2018-10-05T09:42Z 45 4 22 88 0 26 65 9987
2018-10-05T09:47Z 45 4 18 87 0 26 65 9988
2018-10-05T09:52Z 45 3 18 87 0 26 65 9987
2018-10-05T09:57Z 45 2 11 87 0 24 65 9990
2018-10-05T10:02Z 45 5 16 87 0 24 65 9990
2018-10-05T10:07Z 45 3 16 87 0 23 65 9992
2018-10-05T10:12Z 135 3 11 86 0 23 65 9994
2018-10-05T10:18Z 45 6 14 86 0 22 66 9997
2018-10-05T10:23Z 45 6 14 85 0 19 65 9996
2018-10-05T10:28Z 45 9 16 83 0 18 58 9996
2018-10-05T10:33Z 45 6 18 82 0 18 48 9996
2018-10-05T10:38Z 45 3 18 81 0 16 42 9996
2018-10-05T10:46Z 45 3 7 80 1 16 38 9996
2018-10-05T10:51Z 45 1 7 80 1 15 36 9996
2018-10-05T10:56Z 45 1 6 80 1 15 35 9997
2018-10-05T11:01Z 135 3 9 80 1 15 35 9997
2018-10-05T11:06Z 90 6 11 80 1 15 35 9998
2018-10-05T11:11Z 45 3 15 80 1 14 35 9999
2018-10-05T11:16Z 45 1 15 80 1 14 35 9998
2018-10-05T11:21Z 135 3 9 80 1 14 35 9999
2018-10-05T11:26Z 45 4 9 80 1 14 35 10000
2018-10-05T11:32Z 45 4 11 80 1 14 35 10003
2018-10-05T11:37Z 90 2 11 80 1 13 35 10004
2018-10-05T11:42Z 45 3 10 80 1 13 35 10006
2018-10-05T11:47Z 45 3 12 80 0 13 35 10006
2018-10-05T11:52Z 45 4 12 80 1 14 35 10007
2018-10-05T11:57Z 45 3 12 79 1 14 35 10007
2018-10-05T12:02Z 135 2 8 79 1 11 35 10006
2018-10-05T12:07Z 45 2 6 79 2 13 34 10007
2018-10-05T12:12Z 90 3 9 79 2 13 34 10007
2018-10-05T12:17Z 45 3 9 79 2 11 34 10007
2018-10-05T12:22Z 90 3 8 79 2 10 34 10005
2018-10-05T12:27Z 45 2 8 79 2 10 34 10006
2018-10-05T12:32Z 45 1 8 79 2 10 34 10006
2018-10-05T12:38Z 45 1 6 79 2 9 34 10006
2018-10-05T12:43Z 45 0 6 79 2 9 34 10007
2018-10-05T12:48Z 45 0 4 79 2 7 34 10009
2018-10-05T12:53Z 90 0 3 78 1 7 35 10009
2018-10-05T12:58Z 180 1 4 78 1 7 35 10009
2018-10-05T13:03Z 45 0 4 78 0 7 35 10010
2018-10-05T13:08Z 45 0 4 78 0 7 35 10011
2018-10-05T13:13Z 45 0 4 78 0 7 35 10012
2018-10-05T13:18Z 45 0 4 78 0 7 35 10013
2018-10-05T13:23Z 45 0 2 78 0 7 35 10013
2018-10-05T13:28Z 225 0 2 78 0 7 35 10014
2018-10-05T13:33Z 225 0 2 78 0 7 35 10015
2018-10-05T13:39Z 180 0 2 78 0 7 35 10016
2018-10-05T13:44Z 45 0 3 78 0 7 35 10018
2018-10-05T13:49Z 90 0 3 78 0 7 35 10017
2018-10-05T13:54Z 45 0 6 78 0 6 35 10018
2018-10-05T13:59Z 135 2 6 78 0 6 35 10017
2018-10-05T14:04Z 135 0 6 78 0 6 35 10018
2018-10-05T14:09Z 45 0 5 78 0 6 35 10018
2018-10-05T14:14Z 45 0 3 78 0 6 35 10017
2018-10-05T14:19Z 135 0 2 78 0 6 35 10019
2018-10-05T14:24Z 180 0 4 78 0 6 35 10019
2018-10-05T14:29Z 45 0 4 78 0 6 35 10019
2018-10-05T14:34Z 90 0 3 78 0 6 35 10018
2018-10-05T14:39Z 180 0 3 78 0 6 35 10019
2018-10-05T14:45Z 45 0 2 77 0 6 35 10019
2018-10-05T14:50Z 225 0 1 77 0 6 35 10018
2018-10-05T14:55Z 225 0 2 77 0 6 35 10018
2018-10-05T15:00Z 225 0 2 77 0 6 35 10018
2018-10-05T15:05Z 225 0 3 77 0 6 35 10019
2018-10-05T15:10Z 225 0 3 77 0 6 35 10019
2018-10-05T15:15Z 45 0 3 77 0 6 35 10019
2018-10-05T15:20Z 45 0 2 77 0 6 35 10020
2018-10-05T15:25Z 45 0 2 77 0 6 36 10020
2018-10-05T15:30Z 45 0 2 77 0 6 36 10020
2018-10-05T15:35Z 45 0 2 77 0 5 36 10021
2018-10-05T15:40Z 270 0 2 77 0 5 36 10021
2018-10-05T15:46Z 315 0 1 77 0 5 35 10020
2018-10-05T15:51Z 270 0 0 77 0 5 35 10019
2018-10-05T15:56Z 315 0 1 77 0 5 35 10019
2018-10-05T16:01Z 0 0 1 77 0 5 35 10018
2018-10-05T16:06Z 0 0 0 77 0 5 36 10018
2018-10-05T16:11Z 0 0 0 77 0 5 36 10017
2018-10-05T16:16Z 0 0 0 77 0 5 36 10017
2018-10-05T16:21Z 0 0 0 77 0 5 36 10017
2018-10-05T16:27Z 0 0 0 77 0 5 36 10016
2018-10-05T16:32Z 0 0 0 77 0 5 36 10016
2018-10-05T16:37Z 0 0 0 77 0 5 36 10016
2018-10-05T16:42Z 0 0 0 76 0 5 36 10014
2018-10-05T16:47Z 0 0 0 76 0 5 36 10012
2018-10-05T16:52Z 0 0 0 76 0 5 36 10013
2018-10-05T16:57Z 0 0 0 76 0 5 36 10011
2018-10-05T17:02Z 135 0 0 76 0 5 36 10011
2018-10-05T17:07Z 225 0 0 77 0 5 36 10011
2018-10-05T17:12Z 90 0 0 77 0 5 36 10009
2018-10-05T17:18Z 90 0 1 77 0 5 36 10008
2018-10-05T17:23Z 45 0 1 77 0 5 35 10010
2018-10-05T17:28Z 180 0 1 77 0 3 35 10010
2018-10-05T17:33Z 225 0 0 77 0 3 35 10009
2018-10-05T17:38Z 180 0 1 77 0 3 35 10009
2018-10-05T17:43Z 270 0 1 77 0 3 35 10009
2018-10-05T17:48Z 225 0 0 77 0 3 36 10007
2018-10-05T17:53Z 270 0 1 77 0 3 36 10007
2018-10-05T17:58Z 270 0 2 77 0 3 36 10006
2018-10-05T18:03Z 225 1 3 77 0 3 36 10005
2018-10-05T18:08Z 225 1 4 77 0 3 36 10004
2018-10-05T18:13Z 225 1 5 77 0 3 36 10004
2018-10-05T18:19Z 180 0 5 77 0 3 36 10004
2018-10-05T18:24Z 135 2 5 77 0 3 36 10002
2018-10-05T18:29Z 225 1 5 77 0 3 36 10002
2018-10-05T18:34Z 225 1 5 77 0 3 36 10002
2018-10-05T18:39Z 225 2 5 77 0 3 36 10003
2018-10-05T18:44Z 225 3 5 77 0 3 35 10001
2018-10-05T18:49Z 225 3 6 77 0 3 35 10002
2018-10-05T18:54Z 225 3 6 77 0 3 35 10002
2018-10-05T18:59Z 225 2 6 77 0 3 35 10001
2018-10-05T19:04Z 225 2 6 77 0 3 36 10001
2018-10-05T19:09Z 225 3 6 77 0 3 36 10001
2018-10-05T19:14Z 225 0 6 77 0 3 36 10002
2018-10-05T19:19Z 270 0 4 77 0 3 36 10003
2018-10-05T19:25Z 270 0 2 77 0 3 36 10003
2018-10-05T19:30Z 180 0 2 77 0 3 36 10004
2018-10-05T19:35Z 180 0 2 77 0 3 36 10004
2018-10-05T19:40Z 270 0 2 77 0 3 36 10004
2018-10-05T19:45Z 225 0 2 77 0 3 36 10003
2018-10-05T19:50Z 225 0 2 77 0 3 36 10001
2018-10-05T19:55Z 225 0 2 77 0 3 36 10002
2018-10-05T20:00Z 180 0 2 77 0 3 37 10001
2018-10-05T20:05Z 135 1 2 77 0 3 37 10002
2018-10-05T20:10Z 180 1 4 77 0 3 37 10002
2018-10-05T20:15Z 135 0 4 77 0 3 37 10001
2018-10-05T20:20Z 45 0 4 77 0 3 37 10001
2018-10-05T20:26Z 45 0 6 77 0 3 37 10001
2018-10-05T20:31Z 45 1 6 77 0 3 37 10002
2018-10-05T20:36Z 45 1 4 77 0 3 37 10001
2018-10-05T20:41Z 45 0 6 77 0 3 37 10001
2018-10-05T20:46Z 45 1 6 77 0 3 37 10001
2018-10-05T20:51Z 45 3 6 77 0 3 37 10002
2018-10-05T20:56Z 45 2 6 77 0 3 37 10001
2018-10-05T21:01Z 45 2 6 77 0 3 37 10001
2018-10-05T21:06Z 45 2 6 77 0 3 37 10001
2018-10-05T21:11Z 45 1 5 77 0 3 37 10001
2018-10-05T21:16Z 45 3 6 77 0 3 37 10001
2018-10-05T21:21Z 45 3 8 77 0 3 37 10001
2018-10-05T21:26Z 45 3 8 77 0 3 37 10002
2018-10-05T21:32Z 45 3 8 77 0 3 37 10001
2018-10-05T21:37Z 45 0 8 77 0 3 37 10002
2018-10-05T21:42Z 45 0 6 77 0 3 37 10003
2018-10-05T21:47Z 45 3 7 77 0 3 37 10003
2018-10-05T21:52Z 45 4 9 77 0 3 37 10003
2018-10-05T21:57Z 45 5 9 76 0 3 37 10003
2018-10-05T22:02Z 45 3 9 76 0 3 37 10002
2018-10-05T22:07Z 45 3 9 76 0 3 37 10003
2018-10-05T22:12Z 45 0 9 76 0 3 37 10004
2018-10-05T22:17Z 45 1 9 76 0 3 37 10004
2018-10-05T22:22Z 45 3 9 76 0 3 37 10005
2018-10-05T22:27Z 45 3 8 76 0 3 37 10006
2018-10-05T22:33Z 45 4 9 76 0 3 37 10006
2018-10-05T22:38Z 45 3 9 76 0 3 37 10006
2018-10-05T22:43Z 45 3 9 76 0 3 37 10005
2018-10-05T22:48Z 45 0 9 76 0 3 37 10007
2018-10-05T22:53Z 45 1 8 76 0 3 37 10009
2018-10-05T23:00Z 45 4 9 76 0 3 37 10010
2018-10-05T23:05Z 45 3 9 76 0 3 37 10011
2018-10-05T23:10Z 45 3 9 76 0 3 37 10011
2018-10-05T23:15Z 45 4 12 76 0 3 37 10011
2018-10-05T23:20Z 45 3 12 76 0 3 37 10013
2018-10-05T23:25Z 45 2 11 77 0 3 37 10013
2018-10-05T23:30Z 45 2 9 77 0 3 37 10013
2018-10-05T23:35Z 45 1 8 77 0 3 37 10013
2018-10-05T23:40Z 45 2 6 77 0 3 37 10014
2018-10-05T23:45Z 135 2 6 77 0 3 37 10014
2018-10-05T23:50Z 45 1 6 78 0 3 36 10017
2018-10-05T23:56Z 45 2 9 78 0 3 36 10017
2018-10-06T00:01Z 45 2 15 78 0 3 36 10019
2018-10-06T00:06Z 45 3 15 78 0 3 35 10019
2018-10-06T00:11Z 45 1 9 79 0 3 35 10018
2018-10-06T00:16Z 45 3 9 80 0 3 35 10019
2018-10-06T00:21Z 45 3 9 80 0 3 35 10019
2018-10-06T00:26Z 45 4 9 80 0 3 36 10018
2018-10-06T00:31Z 45 2 12 81 0 3 37 10019
2018-10-06T00:36Z 45 3 12 82 0 3 39 10019
2018-10-06T00:41Z 45 3 10 83 0 3 46 10019
2018-10-06T00:46Z 45 3 10 85 0 3 50 10021
2018-10-06T00:51Z 45 6 12 86 0 3 57 10021
2018-10-06T00:57Z 45 1 12 87 0 3 58 10022
2018-10-06T01:02Z 45 3 9 87 0 3 61 10023
2018-10-06T01:07Z 45 2 9 88 0 3 62 10023
2018-10-06T01:12Z 45 3 9 89 0 3 63 10023
2018-10-06T01:17Z 45 3 9 90 0 3 62 10025
2018-10-06T01:22Z 45 6 12 91 0 3 61 10024
2018-10-06T01:27Z 45 8 14 91 0 3 61 10025
2018-10-06T01:32Z 45 3 14 91 0 3 61 10025
2018-10-06T01:37Z 45 3 9 92 0 3 59 10027
2018-10-06T01:42Z 45 2 7 94 0 3 58 10027
2018-10-06T01:47Z 45 0 7 95 0 3 55 10028
2018-10-06T01:52Z 180 0 3 98 0 3 52 10028
2018-10-06T01:57Z 45 2 5 101 0 3 47 10028
2018-10-06T02:02Z 45 2 5 101 0 3 47 10028
2018-10-06T02:07Z 45 2 5 101 0 3 47 10028
2018-10-06T02:12Z 45 2 5 101 0 3 47 10028
2018-10-06T02:17Z 45 2 5 101 0 3 47 10028
2018-10-06T02:22Z 45 2 5 101 0 3 47 10028
2018-10-06T02:27Z 45 2 5 101 0 3 47 10028
2018-10-06T02:32Z 45 2 5 101 0 3 47 10028
2018-10-06T02:37Z 45 2 5 101 0 3 47 10028
2018-10-06T02:42Z 45 2 5 101 0 3 47 10028
2018-10-06T02:47Z 45 2 5 101 0 3 47 10028
2018-10-06T02:52Z 45 2 5 101 0 3 47 10028
2018-10-06T02:57Z 45 2 5 101 0 3 47 10028
2018-10-06T03:02Z 45 2 5 101 0 3 47 10028
2018-10-06T03:07Z 45 2 5 101 0 3 47 10028
2018-10-06T03:12Z 45 2 5 101 0 3 47 10028
2018-10-06T03:17Z 45 2 5 101 0 3 47 10028
2018-10-06T03:22Z 45 2 5 101 0 3 47 10028
2018-10-06T03:27Z 45 2 5 101 0 3 47 10028
2018-10-06T03:32Z 45 2 5 101 0 3 47 10028
2018-10-06T03:37Z 45 2 5 101 0 3 47 10028
2018-10-06T03:42Z 45 2 5 101 0 3 47 10028
2018-10-06T03:47Z 45 2 5 101 0 3 47 10028
2018-10-06T03:52Z 45 2 5 101 0 3 47 10028
2018-10-06T03:57Z 45 2 5 101 0 3 47 10028
2018-10-06T04:02Z 45 2 5 101 0 3 47 10028
2018-10-06T04:07Z 45 2 5 101 0 3 47 10028
2018-10-06T04:12Z 45 2 5 101 0 3 47 10028
2018-10-06T04:17Z 45 2 5 101 0 3 47 10028
2018-10-06T04:22Z 45 2 5 101 0 3 47 10028
2018-10-06T04:27Z 45 2 5 101 0 3 47 10028
2018-10-06T04:32Z 45 2 5 101 0 3 47 10028
2018-10-06T04:37Z 45 2 5 101 0 3 47 10028
2018-10-06T04:42Z 45 2 5 101 0 3 47 10028
2018-10-06T04:47Z 45 2 5 101 0 3 47 10028
2018-10-06T04:52Z 45 2 5 101 0 3 47 10028
2018-10-06T04:57Z 45 2 5 101 0 3 47 10028
2018-10-06T05:02Z 45 2 5 101 0 3 47 10028
2018-10-06T05:07Z 45 2 5 101 0 3 47 10028
2018-10-06T05:12Z 45 2 5 101 0 3 47 10028
2018-10-06T05:17Z 45 2 5 101 0 3 47 10028
2018-10-06T05:22Z 45 2 5 101 0 3 47 10028
2018-10-06T05:27Z 45 2 5 101 0 3 47 10028
2018-10-06T05:32Z 45 2 5 101 0 3 47 10028
2018-10-06T05:37Z 45 2 5 101 0 3 47 10028
2018-10-06T05:42Z 45 2 5 101 0 3 47 10028
2018-10-06T05:47Z 45 2 5 101 0 3 47 10028
2018-10-06T05:52Z 45 2 5 101 0 3 47 10028
2018-10-06T05:57Z 45 2 5 101 0 3 47 10028
2018-10-06T06:02Z 45 2 5 101 0 3 47 10028
2018-10-06T06:07Z 45 2 5 101 0 3 47 10028
2018-10-06T06:12Z 45 2 5 101 0 3 47 10028
2018-10-06T06:17Z 45 2 5 101 0 3 47 10028
2018-10-06T06:21Z 45 9 27 85 2 6 64 10001
2018-10-06T06:26Z 90 7 22 85 2 6 64 9998
2018-10-06T06:32Z 90 3 19 85 2 6 64 9997
2018-10-06T06:37Z 90 0 13 87 2 6 63 9996
2018-10-06T06:42Z 45 2 9 90 2 6 63 9998
2018-10-06T06:47Z 135 12 24 90 2 6 62 9996
2018-10-06T06:52Z 45 16 31 89 2 6 58 9996
2018-10-06T06:57Z 90 14 34 89 2 6 60 9996
2018-10-06T07:02Z 135 3 34 89 2 6 63 9999
2018-10-06T07:07Z 45 3 31 89 2 6 63 9998
2018-10-06T07:12Z 180 1 9 89 2 6 63 9998
2018-10-06T07:17Z 45 6 17 88 1 6 63 9996
2018-10-06T07:22Z 45 5 17 88 0 6 63 9996
2018-10-06T07:27Z 45 1 13 86 0 6 65 9998
2018-10-06T07:33Z 90 0 12 87 0 6 65 9997
2018-10-06T07:38Z 45 0 3 88 0 6 64 9995
2018-10-06T07:43Z 45 0 3 90 0 6 61 9994
2018-10-06T07:48Z 135 0 3 91 0 6 59 9995
2018-10-06T07:53Z 180 0 3 92 0 6 58 9993
2018-10-06T07:58Z 225 0 3 92 0 6 57 9991
2018-10-06T08:03Z 180 0 9 92 0 6 58 9991
2018-10-06T08:08Z 270 0 9 92 0 6 57 9989
2018-10-06T08:13Z 180 0 3 92 0 6 58 9991
2018-10-06T08:18Z 225 0 20 92 0 6 58 9992
2018-10-06T08:23Z 225 0 12 92 0 6 58 9992
2018-10-06T08:28Z 270 0 3 91 0 6 58 9990
2018-10-06T08:33Z 45 5 9 91 0 6 58 9991
2018-10-06T08:39Z 90 3 12 90 0 6 59 9992
2018-10-06T08:44Z 135 5 13 89 0 6 61 9993
2018-10-06T08:49Z 45 2 13 88 0 6 63 9993
2018-10-06T08:54Z 225 0 9 88 0 6 64 9992
2018-10-06T08:59Z 45 0 9 87 0 6 65 9991
2018-10-06T09:04Z 45 1 9 87 0 6 66 9991
2018-10-06T09:09Z 225 3 9 87 0 6 66 9990
2018-10-06T09:14Z 45 4 9 87 0 6 66 9991
2018-10-06T09:19Z 45 3 13 87 0 6 66 9990
2018-10-06T09:24Z 45 3 13 87 0 6 66 9991
2018-10-06T09:29Z 90 3 13 87 0 6 66 9991
2018-10-06T09:34Z 45 4 13 87 0 6 66 9991
2018-10-06T09:40Z 180 5 13 86 0 6 66 9992
2018-10-06T09:45Z 90 6 18 86 0 6 66 9991
2018-10-06T09:50Z 45 6 18 86 0 6 66 9993
2018-10-06T09:55Z 90 6 18 86 0 6 66 9993
2018-10-06T10:00Z 135 9 18 86 0 6 66 9992
2018-10-06T10:05Z 90 8 25 86 0 6 66 9991
2018-10-06T10:10Z 90 9 25 86 0 6 66 9991
2018-10-06T10:15Z 135 6 25 85 0 6 67 9991
2018-10-06T10:20Z 90 9 25 85 0 6 67 9995
2018-10-06T10:25Z 135 8 25 85 0 6 67 9996
2018-10-06T10:30Z 90 9 22 84 0 6 67 9998
2018-10-06T10:35Z 135 10 24 84 0 6 67 9997
2018-10-06T10:40Z 90 11 33 84 0 5 67 9997
2018-10-06T10:46Z 90 10 34 84 0 5 66 9997
2018-10-06T10:51Z 45 9 31 83 0 5 66 9999
2018-10-06T10:56Z 90 6 18 83 0 5 65 9998
2018-10-06T11:01Z 135 8 21 83 0 5 65 9998
2018-10-06T11:06Z 135 6 21 83 0 5 64 9998
2018-10-06T11:11Z 45 6 15 83 0 5 63 9998
2018-10-06T11:16Z 45 6 22 83 0 5 62 9999
2018-10-06T11:21Z 45 3 22 82 0 5 61 9998
2018-10-06T11:26Z 90 3 11 82 0 5 60 9998
2018-10-06T11:31Z 135 6 15 82 0 5 59 9999
2018-10-06T11:36Z 45 5 16 82 0 5 59 9999
2018-10-06T11:41Z 45 4 16 82 0 5 58 10002
2018-10-06T11:47Z 180 1 15 82 0 3 58 10003
2018-10-06T11:52Z 180 1 7 81 0 3 56 10001
2018-10-06T11:57Z 180 1 6 81 0 3 55 10004
2018-10-06T12:02Z 180 0 7 81 0 2 53 10007
2018-10-06T12:07Z 45 1 7 81 0 2 53 10009
2018-10-06T12:12Z 90 0 7 81 0 2 53 10009
2018-10-06T12:17Z 270 0 3 81 0 2 51 10009
2018-10-06T12:22Z 45 0 3 81 0 2 50 10010
2018-10-06T12:27Z 45 0 4 81 0 2 49 10011
2018-10-06T12:32Z 45 1 7 80 0 2 48 10013
2018-10-06T12:37Z 135 1 7 80 0 2 47 10014
2018-10-06T12:42Z 180 0 6 80 0 2 46 10015
2018-10-06T12:47Z 180 1 6 80 0 2 46 10015
2018-10-06T12:53Z 135 3 10 80 0 2 46 10016
2018-10-06T12:58Z 45 6 18 81 0 2 46 10018
2018-10-06T13:03Z 45 8 19 81 0 2 46 10016
2018-10-06T13:08Z 90 7 19 81 0 2 46 10017
2018-10-06T13:13Z 90 4 15 81 0 2 46 10018
2018-10-06T13:18Z 45 3 13 81 0 2 45 10017
2018-10-06T13:23Z 180 0 9 80 0 2 45 10019
2018-10-06T13:28Z 135 1 9 80 0 2 45 10019
2018-10-06T13:33Z 45 0 9 80 0 2 44 10020
2018-10-06T13:38Z 180 0 8 80 0 2 43 10020
2018-10-06T13:43Z 225 0 4 80 0 2 43 10021
2018-10-06T13:48Z 270 0 4 80 0 2 42 10021
2018-10-06T13:54Z 45 0 4 80 0 2 41 10020
2018-10-06T13:59Z 180 0 8 80 0 2 41 10022
2018-10-06T14:04Z 315 0 8 80 0 2 41 10022
2018-10-06T14:09Z 315 0 3 80 0 2 41 10021
2018-10-06T14:14Z 180 0 4 80 0 2 40 10022
2018-10-06T14:19Z 180 0 4 80 0 2 40 10023
2018-10-06T14:24Z 225 0 3 80 0 2 39 10022
2018-10-06T14:29Z 225 0 4 80 0 2 39 10023
2018-10-06T14:34Z 180 0 4 80 0 2 39 10026
2018-10-06T14:39Z 90 0 9 80 0 2 39 10024
2018-10-06T14:44Z 45 1 9 80 0 2 39 10024
2018-10-06T14:49Z 45 0 7 80 0 2 39 10025
2018-10-06T14:54Z 45 1 6 80 0 2 39 10025
2018-10-06T15:00Z 45 1 6 80 0 2 38 10025
2018-10-06T15:05Z 45 1 6 80 0 2 38 10025
2018-10-06T15:10Z 45 1 6 80 0 2 38 10027
2018-10-06T15:15Z 45 2 7 80 0 2 38 10028
2018-10-06T15:20Z 45 1 7 80 0 2 38 10029
2018-10-06T15:25Z 45 0 5 80 0 2 37 10027
2018-10-06T15:30Z 45 0 5 80 0 2 37 10027
2018-10-06T15:35Z 45 0 3 80 0 2 37 10027
2018-10-06T15:42Z 45 0 3 79 0 2 37 10025
2018-10-06T15:47Z 45 0 3 79 0 2 37 10025
2018-10-06T15:52Z 45 0 3 79 0 2 37 10024
2018-10-06T15:57Z 45 0 0 79 0 2 37 10023
2018-10-06T16:02Z 45 0 0 79 0 2 36 10023
2018-10-06T16:07Z 45 0 0 79 0 2 36 10022
2018-10-06T16:12Z 45 0 0 79 0 2 36 10021
2018-10-06T16:18Z 45 0 0 79 0 2 36 10021
2018-10-06T16:23Z 45 0 0 79 0 2 36 10021
2018-10-06T16:28Z 45 0 2 79 0 2 37 10022
2018-10-06T16:33Z 180 0 3 79 0 2 36 10022
2018-10-06T16:38Z 180 0 3 80 0 2 35 10022
2018-10-06T16:43Z 90 2 7 79 0 2 36 10022
2018-10-06T16:48Z 45 2 10 79 0 2 35 10020
2018-10-06T16:53Z 45 4 11 79 0 2 35 10020
2018-10-06T16:58Z 45 3 11 79 0 2 35 10019
2018-10-06T17:03Z 45 2 11 79 0 2 35 10018
2018-10-06T17:08Z 45 3 9 79 0 2 35 10015
2018-10-06T17:13Z 45 4 11 79 0 2 35 10016
2018-10-06T17:18Z 45 3 11 79 0 2 35 10015
2018-10-06T17:24Z 45 3 9 79 0 2 35 10015
2018-10-06T17:29Z 45 3 8 78 0 2 35 10014
2018-10-06T17:34Z 45 3 8 78 0 2 35 10013
2018-10-06T17:39Z 45 4 7 78 0 2 35 10012
2018-10-06T17:44Z 45 2 7 78 0 2 35 10011
2018-10-06T17:49Z 45 3 8 78 0 2 35 10012
2018-10-06T17:54Z 45 3 8 78 0 2 35 10010
2018-10-06T17:59Z 45 2 7 78 0 2 35 10011
2018-10-06T18:04Z 45 1 6 78 0 2 35 10010
2018-10-06T18:09Z 45 1 6 77 0 2 35 10009
2018-10-06T18:14Z 45 3 6 77 0 2 36 10009
2018-10-06T18:19Z 45 1 6 77 0 2 36 10009
2018-10-06T18:25Z 45 3 6 77 0 2 36 10008
2018-10-06T18:30Z 45 4 9 77 0 2 36 10009
2018-10-06T18:35Z 45 4 10 77 0 2 36 10008
2018-10-06T18:40Z 45 3 10 77 0 2 36 10008
2018-10-06T18:45Z 45 2 5 77 0 2 36 10006
2018-10-06T18:50Z 45 1 4 77 0 2 36 10007
2018-10-06T18:55Z 45 2 4 77 0 2 36 10007
2018-10-06T19:00Z 45 2 4 77 0 2 36 10006
2018-10-06T19:05Z 45 0 6 77 0 2 36 10006
2018-10-06T19:10Z 45 3 9 77 0 2 36 10008
2018-10-06T19:18Z 45 1 9 77 0 2 36 10006
2018-10-06T19:23Z 45 1 6 77 0 2 36 10007
2018-10-06T19:28Z 45 0 6 77 0 2 36 10007
2018-10-06T19:33Z 45 2 6 77 0 2 36 10006
2018-10-06T19:38Z 45 3 6 77 0 2 36 10006
2018-10-06T19:44Z 45 1 6 77 0 2 36 10007
2018-10-06T19:49Z 45 0 6 77 0 2 36 10005
2018-10-06T19:54Z 45 0 4 77 0 2 36 10005
2018-10-06T19:59Z 45 0 4 76 0 2 36 10004
2018-10-06T20:04Z 45 0 3 76 0 2 36 10004
2018-10-06T20:09Z 45 0 3 76 0 2 36 10004
2018-10-06T20:14Z 45 0 3 76 0 2 36 10003
2018-10-06T20:19Z 315 0 3 76 0 2 36 10004
2018-10-06T20:24Z 315 0 1 76 0 2 36 10004
2018-10-06T20:29Z 315 0 0 76 0 2 36 10004
2018-10-06T20:34Z 315 0 1 76 0 2 36 10005
2018-10-06T20:39Z 90 0 1 76 0 2 36 10004
2018-10-06T20:45Z 135 0 2 76 0 2 36 10004
2018-10-06T20:50Z 45 0 3 76 0 2 36 10005
2018-10-06T20:55Z 90 0 4 76 0 2 36 10004
2018-10-06T21:00Z 135 0 5 77 0 2 36 10006
2018-10-06T21:05Z 45 1 6 77 0 2 36 10006
2018-10-06T21:10Z 45 1 6 77 0 2 36 10006
2018-10-06T21:15Z 45 1 6 77 0 2 36 10006
2018-10-06T21:20Z 45 2 6 77 0 2 36 10006
2018-10-06T21:25Z 45 3 7 77 0 2 36 10006
2018-10-06T21:30Z 45 3 8 77 0 2 36 10004
2018-10-06T21:35Z 45 3 11 77 0 2 36 10006
2018-10-06T21:40Z 45 3 11 77 0 2 36 10006
2018-10-06T21:45Z 45 3 9 77 0 2 36 10007
2018-10-06T21:51Z 45 4 9 77 0 2 36 10007
2018-10-06T21:56Z 45 2 9 77 0 2 36 10008
2018-10-06T22:01Z 45 2 6 77 0 2 36 10010
2018-10-06T22:06Z 45 3 6 77 0 2 36 10011
2018-10-06T22:11Z 45 3 6 77 0 2 36 10011
2018-10-06T22:16Z 45 3 6 77 0 2 36 10011
2018-10-06T22:21Z 45 3 6 77 0 2 36 10011
2018-10-06T22:26Z 45 2 6 76 0 2 36 10012
2018-10-06T22:31Z 45 0 6 76 0 2 36 10013
2018-10-06T22:36Z 180 0 4 76 0 2 36 10013
2018-10-06T22:41Z 180 0 0 76 0 2 36 10014
2018-10-06T22:46Z 180 0 0 76 0 2 37 10012
2018-10-06T22:51Z 180 0 2 76 0 2 37 10014
2018-10-06T22:56Z 45 0 2 76 0 2 37 10015
2018-10-06T23:01Z 225 0 2 76 0 2 37 10016
2018-10-06T23:07Z 270 0 0 77 0 2 37 10016
2018-10-06T23:14Z 180 0 3 77 0 2 36 10017
2018-10-06T23:20Z 270 0 3 77 0 2 36 10018
2018-10-06T23:25Z 225 0 3 78 0 2 36 10019
2018-10-06T23:30Z 225 0 3 78 0 2 36 10019
2018-10-06T23:35Z 45 0 3 79 0 2 35 10020
2018-10-06T23:40Z 45 1 5 79 0 2 35 10019
2018-10-06T23:45Z 45 0 6 80 0 2 34 10021
2018-10-06T23:50Z 45 2 6 80 0 2 36 10022
2018-10-06T23:55Z 45 0 6 81 0 2 37 10022
2018-10-07T00:00Z 45 0 6 82 0 2 37 10023
2018-10-07T00:05Z 45 1 4 83 0 2 41 10024
2018-10-07T00:10Z 45 0 6 84 0 2 43 10023
2018-10-07T00:15Z 45 1 6 85 0 2 49 10024
2018-10-07T00:20Z 45 2 6 86 0 2 52 10024
2018-10-07T00:26Z 45 3 8 86 0 2 54 10025
2018-10-07T00:31Z 45 2 8 87 0 2 56 10026
2018-10-07T00:36Z 45 3 6 88 0 2 58 10025
2018-10-07T00:41Z 45 3 9 89 0 2 60 10026
2018-10-07T00:46Z 45 2 9 90 0 2 62 10026
2018-10-07T00:51Z 45 2 11 90 0 2 62 10026
2018-10-07T00:56Z 45 2 11 91 0 2 62 10027
2018-10-07T01:01Z 45 3 9 91 0 2 61 10028
2018-10-07T01:06Z 45 2 10 92 0 2 61 10029
2018-10-07T01:11Z 45 0 10 93 0 2 60 10029
2018-10-07T01:16Z 135 1 6 94 0 2 58 10030
2018-10-07T01:21Z 45 1 4 94 0 2 57 10031
2018-10-07T01:27Z 45 1 6 95 0 2 57 10031
2018-10-07T01:32Z 45 1 6 96 0 2 55 10032
2018-10-07T01:38Z 45 1 6 97 0 2 53 10031
2018-10-07T01:44Z 45 1 6 97 0 2 52 10031
2018-10-07T01:49Z 45 3 6 98 0 2 50 10032
2018-10-07T01:54Z 45 4 11 99 0 2 50 10031
2018-10-07T01:59Z 45 4 16 99 0 2 49 10031
2018-10-07T02:04Z 45 0 16 100 0 2 49 10031
2018-10-07T02:09Z 45 0 9 102 0 2 46 10033
2018-10-07T02:14Z 45 6 11 104 0 2 44 10033
2018-10-07T02:19Z 45 1 12 104 0 2 44 10032
2018-10-07T02:24Z 135 1 12 103 0 2 43 10033
2018-10-07T02:29Z 45 1 6 102 0 2 43 10033
2018-10-07T02:34Z 45 1 6 103 0 2 42 10033
2018-10-07T02:39Z 45 5 11 105 0 2 40 10033
2018-10-07T02:44Z 45 3 11 106 0 2 38 10031
2018-10-07T02:50Z 180 2 9 105 0 2 39 10030
2018-10-07T02:55Z 45 4 12 106 0 2 37 10032
2018-10-07T03:00Z 45 3 16 106 0 2 38 10031
2018-10-07T03:05Z 90 4 16 102 0 2 42 10030
2018-10-07T03:10Z 45 6 12 100 0 2 42 10030
2018-10-07T03:15Z 45 0 12 101 0 2 43 10029
2018-10-07T03:20Z 45 3 12 103 0 2 40 10030
2018-10-07T03:25Z 45 5 12 102 0 2 41 10029
2018-10-07T03:30Z 45 0 12 103 0 2 42 10029
2018-10-07T03:35Z 45 3 8 108 0 2 37 10030
2018-10-07T03:40Z 45 0 7 111 0 2 33 10029
2018-10-07T03:45Z 45 5 15 109 0 2 34 10027
2018-10-07T03:51Z 45 3 15 106 0 2 36 10026
2018-10-07T03:56Z 45 1 10 105 0 2 38 10026
2018-10-07T04:01Z 45 0 7 105 0 2 39 10025
2018-10-07T04:06Z 45 5 11 109 0 2 34 10024
2018-10-07T04:11Z 45 4 11 111 0 2 32 10022
2018-10-07T04:16Z 45 4 11 114 0 2 30 10022
2018-10-07T04:21Z 45 2 11 114 0 2 29 10020
2018-10-07T04:26Z 45 4 15 112 0 2 30 10021
2018-10-07T04:31Z 45 2 15 108 0 2 35 10019
2018-10-07T04:36Z 135 5 15 103 0 2 38 10018
2018-10-07T04:41Z 225 2 12 101 0 2 40 10017
2018-10-07T04:46Z 45 2 12 103 0 2 39 10016
2018-10-07T04:51Z 45 1 7 104 0 2 38 10015
2018-10-07T04:57Z 45 0 7 104 0 2 38 10015
2018-10-07T05:02Z 45 2 7 104 0 2 37 10015
2018-10-07T05:07Z 45 0 7 105 0 2 37 10014
2018-10-07T05:12Z 45 0 6 107 0 2 37 10011
2018-10-07T05:17Z 90 0 6 109 0 2 34 10010
2018-10-07T05:22Z 45 0 6 113 0 2 30 10009
2018-10-07T05:27Z 45 2 9 115 0 2 29 10009
2018-10-07T05:32Z 45 0 9 115 0 2 28 10009
2018-10-07T05:37Z 45 1 6 114 0 2 29 10008
2018-10-07T05:42Z 45 4 9 112 0 2 31 10008
2018-10-07T05:47Z 45 2 9 109 0 2 33 10005
2018-10-07T05:52Z 45 10 21 106 0 2 37 10004
2018-10-07T05:58Z 45 20 41 100 0 2 43 10004
2018-10-07T06:03Z 90 15 43 95 0 2 49 10003
2018-10-07T06:08Z 45 18 43 92 0 2 53 10002
2018-10-07T06:13Z 45 14 40 90 0 1 57 10002
2018-10-07T06:18Z 45 11 32 88 0 0 62 10003
2018-10-07T06:23Z 45 6 30 86 1 1 65 10004
2018-10-07T06:28Z 45 3 18 84 1 1 63 10004
2018-10-07T06:33Z 225 9 18 83 2 2 63 10001
2018-10-07T06:38Z 135 0 18 83 3 3 57 10002
2018-10-07T06:43Z 225 0 13 83 3 3 60 9999
2018-10-07T06:48Z 225 1 10 82 3 3 60 9997
2018-10-07T06:53Z 225 4 10 82 3 3 61 9994
2018-10-07T06:58Z 180 4 9 82 3 3 59 9993
2018-10-07T07:04Z 45 4 9 82 3 3 55 9992
2018-10-07T07:09Z 135 8 15 82 3 3 51 9991
2018-10-07T07:14Z 45 1 15 82 3 3 47 9991
2018-10-07T07:19Z 225 0 12 82 2 3 45 9991
2018-10-07T07:24Z 225 1 9 83 2 3 46 9991
2018-10-07T07:29Z 45 0 9 84 2 3 47 9989
2018-10-07T07:34Z 225 0 4 87 1 3 55 9990
2018-10-07T07:39Z 90 1 6 90 0 3 62 9990
2018-10-07T07:44Z 45 1 6 93 0 3 59 9990
2018-10-07T07:49Z 45 0 7 94 0 3 56 9989
2018-10-07T07:54Z 45 3 12 93 0 3 57 9988
2018-10-07T07:59Z 45 0 12 91 0 3 59 9987
2018-10-07T08:05Z 45 2 12 89 0 3 61 9987
2018-10-07T08:10Z 45 1 8 88 0 3 63 9987
2018-10-07T08:20Z 225 0 6 86 0 3 64 9985
2018-10-07T08:25Z 45 0 7 86 0 3 64 9988
2018-10-07T08:30Z 180 0 7 86 0 3 64 9986
2018-10-07T08:35Z 180 0 7 86 0 3 64 9981
2018-10-07T08:40Z 180 2 9 86 0 3 64 9982
2018-10-07T08:45Z 45 2 9 85 0 3 64 9984
2018-10-07T08:50Z 45 1 9 85 0 3 64 9985
2018-10-07T08:55Z 180 0 8 85 0 3 64 9989
2018-10-07T09:00Z 45 3 9 85 0 3 65 9991
2018-10-07T09:05Z 45 5 12 86 0 3 65 9990
2018-10-07T09:10Z 45 4 13 85 0 3 65 9988
2018-10-07T09:15Z 45 4 17 85 0 3 65 9988
2018-10-07T09:20Z 45 3 17 85 0 3 65 9989
2018-10-07T09:26Z 45 3 13 85 0 3 65 9989
2018-10-07T09:31Z 45 3 13 85 0 3 65 9990
2018-10-07T09:36Z 45 3 13 85 0 3 65 9991
2018-10-07T09:41Z 45 2 13 85 0 3 65 9991
2018-10-07T09:46Z 45 6 12 84 0 3 65 9991
2018-10-07T09:51Z 45 3 18 84 0 3 64 9991
2018-10-07T09:56Z 45 3 18 84 0 3 64 9992
2018-10-07T10:01Z 45 6 13 84 0 3 64 9993
2018-10-07T10:06Z 45 3 13 84 0 3 64 9994
2018-10-07T10:11Z 45 2 13 84 0 3 63 9993
2018-10-07T10:16Z 45 4 13 84 0 3 63 9993
2018-10-07T10:21Z 45 3 9 83 0 3 63 9992
2018-10-07T10:27Z 45 3 9 83 0 3 62 9992
2018-10-07T10:32Z 45 0 9 83 0 3 61 9992
2018-10-07T10:37Z 45 1 9 83 0 3 58 9994
2018-10-07T10:45Z 45 0 7 82 0 3 55 9994
2018-10-07T10:50Z 225 0 4 82 0 3 54 9994
2018-10-07T10:55Z 225 3 11 82 0 3 53 9995
2018-10-07T11:00Z 180 3 11 82 0 3 53 9997
2018-10-07T11:05Z 225 3 8 82 0 3 52 9999
2018-10-07T11:10Z 45 3 9 82 0 3 52 9999
2018-10-07T11:15Z 90 2 12 82 0 3 51 9997
2018-10-07T11:20Z 45 0 12 82 0 3 50 9998
2018-10-07T11:25Z 45 2 9 82 0 3 49 9999
2018-10-07T11:30Z 45 0 9 82 0 3 48 10001
2018-10-07T11:35Z 45 0 9 82 0 3 47 10002
2018-10-07T11:41Z 45 0 9 81 0 3 46 10003
2018-10-07T11:46Z 45 1 9 81 0 3 45 10005
2018-10-07T11:51Z 45 0 9 81 0 3 44 10007
2018-10-07T11:56Z 45 0 3 81 0 3 43 10007
2018-10-07T12:01Z 45 0 5 81 0 3 42 10009
2018-10-07T12:06Z 45 0 5 81 0 3 42 10008
2018-10-07T12:14Z 180 0 3 81 0 3 41 10008
2018-10-07T12:19Z 180 1 5 81 0 3 40 10008
2018-10-07T12:24Z 225 0 6 81 0 3 40 10009
2018-10-07T12:29Z 225 0 6 81 0 3 39 10010
2018-10-07T12:34Z 225 0 6 80 0 3 39 10009
2018-10-07T12:39Z 225 0 5 80 0 3 39 10012
2018-10-07T12:44Z 225 0 9 80 0 3 39 10011
2018-10-07T12:49Z 225 0 9 80 0 3 39 10012
2018-10-07T12:54Z 45 0 5 80 0 3 39 10012
2018-10-07T13:00Z 225 0 7 80 0 3 39 10012
2018-10-07T13:05Z 135 0 7 80 0 3 39 10014
2018-10-07T13:10Z 225 1 9 80 0 3 40 10014
2018-10-07T13:15Z 180 1 9 80 0 3 42 10015
2018-10-07T13:20Z 180 2 9 80 0 3 42 10016
2018-10-07T13:25Z 45 1 8 80 0 3 43 10018
2018-10-07T13:30Z 45 1 8 80 0 3 44 10019
2018-10-07T13:35Z 45 0 8 80 0 3 45 10019
2018-10-07T13:40Z 180 2 9 80 0 3 46 10021
2018-10-07T13:45Z 45 2 9 80 0 3 48 10021
2018-10-07T13:50Z 45 0 9 80 0 3 48 10022
2018-10-07T13:55Z 45 0 4 80 0 3 49 10023
2018-10-07T14:01Z 45 0 4 80 0 3 49 10022
2018-10-07T14:06Z 225 0 4 80 0 3 50 10022
2018-10-07T14:11Z 45 0 9 80 0 3 50 10024
2018-10-07T14:16Z 180 1 9 80 0 3 50 10024
2018-10-07T14:21Z 45 0 9 80 0 3 50 10023
2018-10-07T14:26Z 45 0 9 80 0 3 51 10023
2018-10-07T14:31Z 45 0 7 80 0 3 51 10023
2018-10-07T14:36Z 45 2 9 80 0 3 51 10024
2018-10-07T14:41Z 45 2 12 80 0 3 50 10023
2018-10-07T14:46Z 45 0 13 80 0 3 50 10023
2018-10-07T14:51Z 180 3 13 80 0 3 50 10024
2018-10-07T14:56Z 180 1 9 80 0 3 50 10023
2018-10-07T15:01Z 45 1 9 80 0 3 49 10024
2018-10-07T15:07Z 135 2 9 80 0 3 49 10023
2018-10-07T15:12Z 45 2 9 80 0 3 49 10024
2018-10-07T15:17Z 45 0 9 80 0 3 49 10025
2018-10-07T15:22Z 45 1 9 80 0 3 49 10025
2018-10-07T15:27Z 225 0 9 80 0 3 49 10026
2018-10-07T15:32Z 315 0 4 80 0 3 49 10025
2018-10-07T15:37Z 225 0 4 80 0 3 49 10024
2018-10-07T15:42Z 225 0 4 80 0 3 49 10025
2018-10-07T15:47Z 270 0 4 80 0 3 48 10022
2018-10-07T15:52Z 270 1 9 80 0 3 48 10023
2018-10-07T15:57Z 45 0 9 80 0 3 47 10024
2018-10-07T16:02Z 180 0 5 80 0 3 46 10024
2018-10-07T16:08Z 135 2 5 80 0 3 45 10024
2018-10-07T16:13Z 135 0 5 79 0 3 45 10022
2018-10-07T16:18Z 135 0 3 79 0 3 45 10023
2018-10-07T16:23Z 90 0 4 79 0 3 45 10022
2018-10-07T16:28Z 90 1 6 79 0 3 45 10022
2018-10-07T16:33Z 135 0 6 80 0 3 45 10020
2018-10-07T16:38Z 225 0 3 80 0 3 45 10019
2018-10-07T16:43Z 180 0 3 80 0 3 45 10016
2018-10-07T16:48Z 135 1 6 80 0 3 44 10017
2018-10-07T16:53Z 180 1 7 79 0 3 44 10016
2018-10-07T16:58Z 135 0 7 79 0 3 43 10016
2018-10-07T17:03Z 225 0 4 79 0 3 43 10016
2018-10-07T17:08Z 180 2 4 79 0 3 42 10015
2018-10-07T17:14Z 225 0 4 79 0 3 41 10013
2018-10-07T17:19Z 45 2 9 79 0 3 41 10012
2018-10-07T17:24Z 180 2 9 79 0 3 41 10013
2018-10-07T17:29Z 180 3 10 79 0 3 41 10011
2018-10-07T17:34Z 135 5 10 79 0 3 41 10011
2018-10-07T17:39Z 135 4 9 79 0 3 42 10011
2018-10-07T17:44Z 135 3 9 79 0 3 41 10010
2018-10-07T17:49Z 135 4 9 79 0 3 42 10010
2018-10-07T17:54Z 135 0 9 79 0 3 42 10010
2018-10-07T17:59Z 135 0 7 79 0 3 41 10011
2018-10-07T18:04Z 135 2 8 78 0 3 41 10010
2018-10-07T18:09Z 135 2 8 79 0 3 41 10009
2018-10-07T18:15Z 135 0 6 79 0 3 41 10009
2018-10-07T18:20Z 270 0 3 79 0 3 41 10009
2018-10-07T18:25Z 270 0 0 79 0 3 41 10009
2018-10-07T18:30Z 270 0 0 79 0 3 41 10009
2018-10-07T18:35Z 270 0 3 79 0 3 41 10009
2018-10-07T18:40Z 270 0 3 79 0 3 40 10009
2018-10-07T18:45Z 270 0 0 79 0 3 40 10007
2018-10-07T18:50Z 270 0 0 79 0 3 40 10007
2018-10-07T18:55Z 270 0 0 79 0 3 41 10006
2018-10-07T19:00Z 270 0 0 79 0 3 41 10006
2018-10-07T19:05Z 270 0 0 78 0 3 40 10004
2018-10-07T19:10Z 270 0 0 78 0 3 40 10004
2018-10-07T19:15Z 270 0 0 78 0 3 40 10004
2018-10-07T19:21Z 270 0 2 78 0 3 40 10003
2018-10-07T19:26Z 270 0 2 78 0 3 40 10003
2018-10-07T19:31Z 270 0 2 78 0 3 40 10003
2018-10-07T19:39Z 180 0 3 78 0 3 39 10001
2018-10-07T19:44Z 90 1 5 78 0 3 39 10001
2018-10-07T19:49Z 45 0 5 78 0 3 39 10001
2018-10-07T19:54Z 90 0 4 78 0 3 38 10001
2018-10-07T19:59Z 135 1 9 78 0 3 38 10002
2018-10-07T20:04Z 45 0 9 78 0 3 38 10001
2018-10-07T20:09Z 45 4 9 78 0 3 37 10001
2018-10-07T20:14Z 45 3 9 78 0 3 37 10001
2018-10-07T20:19Z 45 3 8 78 0 3 36 10001
2018-10-07T20:24Z 45 3 9 78 0 3 36 10001
2018-10-07T20:29Z 45 2 9 78 0 3 36 10001
2018-10-07T20:35Z 45 3 9 78 0 3 36 10000
2018-10-07T20:40Z 45 4 9 78 0 3 36 10000
2018-10-07T20:45Z 45 3 12 77 0 3 36 10000
2018-10-07T20:50Z 45 6 13 77 0 3 36 10000
2018-10-07T20:55Z 45 6 13 77 0 3 36 9999
2018-10-07T21:00Z 45 3 12 77 0 3 36 9998
2018-10-07T21:05Z 45 4 12 77 0 3 36 9998
2018-10-07T21:10Z 45 3 12 77 0 3 36 10000
2018-10-07T21:15Z 45 3 9 77 0 3 36 9999
2018-10-07T21:20Z 45 3 9 77 0 3 36 9998
2018-10-07T21:25Z 45 4 9 77 0 3 36 9998
2018-10-07T21:30Z 45 2 9 77 0 3 37 10000
2018-10-07T21:35Z 45 3 9 77 0 3 37 10001
2018-10-07T21:41Z 45 3 10 77 0 3 37 10000
2018-10-07T21:46Z 45 2 10 77 0 3 37 10000
2018-10-07T21:51Z 45 3 12 77 0 3 37 10002
2018-10-07T21:56Z 45 6 12 77 0 3 37 10002
2018-10-07T22:01Z 45 3 10 77 0 3 37 10004
2018-10-07T22:06Z 45 2 12 77 0 3 37 10003
2018-10-07T22:11Z 45 3 12 77 0 3 37 10003
2018-10-07T22:16Z 45 3 9 77 0 3 37 10003
2018-10-07T22:21Z 45 3 9 77 0 3 37 10004
2018-10-07T22:26Z 180 3 9 77 0 3 37 10006
2018-10-07T22:31Z 45 3 9 77 0 3 37 10005
2018-10-07T22:36Z 45 2 7 77 0 3 37 10006
2018-10-07T22:42Z 45 2 7 77 0 3 37 10007
2018-10-07T22:47Z 45 2 7 77 0 3 37 10008
2018-10-07T22:52Z 45 0 6 77 0 3 37 10008
2018-10-07T22:57Z 45 0 6 77 0 3 37 10010
2018-10-07T23:02Z 45 3 8 77 0 3 37 10012
2018-10-07T23:07Z 45 3 8 77 0 3 37 10011
2018-10-07T23:12Z 45 0 8 77 0 3 37 10012
2018-10-07T23:17Z 45 1 6 77 0 3 37 10013
2018-10-07T23:22Z 45 2 6 77 0 3 36 10013
2018-10-07T23:27Z 45 2 6 78 0 3 36 10014
2018-10-07T23:32Z 45 2 6 78 0 3 36 10014
2018-10-07T23:37Z 225 4 9 78 0 3 36 10016
2018-10-07T23:42Z 45 3 9 78 0 3 36 10016
2018-10-07T23:48Z 180 2 7 79 0 3 35 10015
2018-10-07T23:53Z 90 4 9 79 0 3 36 10016
2018-10-07T23:58Z 45 5 12 79 0 3 36 10015
2018-10-08T00:03Z 135 4 12 79 0 3 37 10017
2018-10-08T00:08Z 90 3 12 80 0 3 36 10018
2018-10-08T00:13Z 45 2 9 80 0 3 36 10018
2018-10-08T00:18Z 180 3 9 81 0 3 37 10019
2018-10-08T00:23Z 45 3 11 81 0 3 38 10019
2018-10-08T00:28Z 45 1 11 82 0 3 39 10019
2018-10-08T00:33Z 45 4 9 82 0 3 42 10019
2018-10-08T00:38Z 45 3 11 83 0 3 43 10020
2018-10-08T00:43Z 45 1 11 84 0 3 45 10019
2018-10-08T00:49Z 45 1 9 85 0 3 49 10019
2018-10-08T00:54Z 45 4 10 86 0 3 54 10019
2018-10-08T00:59Z 45 4 11 88 0 3 60 10020
2018-10-08T01:04Z 45 6 14 90 0 3 62 10020
2018-10-08T01:09Z 45 2 14 90 0 3 62 10021
2018-10-08T01:14Z 45 3 9 90 0 3 62 10020
2018-10-08T01:19Z 45 3 10 91 0 3 61 10022
2018-10-08T01:24Z 45 3 19 91 0 3 61 10022
2018-10-08T01:29Z 45 3 19 91 0 3 61 10023
2018-10-08T01:34Z 45 2 9 92 0 3 59 10024
2018-10-08T01:39Z 45 3 9 92 0 3 58 10025
2018-10-08T01:44Z 45 1 9 93 0 3 59 10025
2018-10-08T01:49Z 45 2 10 94 0 3 56 10025
2018-10-08T01:55Z 45 5 15 95 0 3 55 10025
2018-10-08T02:00Z 45 3 17 96 0 3 54 10025
2018-10-08T02:05Z 45 3 17 98 0 3 51 10026
2018-10-08T02:10Z 45 6 16 98 0 3 51 10026
2018-10-08T02:15Z 135 4 16 98 0 3 51 10026
2018-10-08T02:20Z 45 3 17 99 0 3 49 10026
2018-10-08T02:25Z 225 3 17 100 0 3 48 10026
2018-10-08T02:30Z 45 7 16 101 0 3 46 10025
2018-10-08T02:35Z 90 7 17 100 0 3 46 10025
2018-10-08T02:40Z 180 6 17 100 0 3 46 10023
2018-10-08T02:45Z 45 7 22 100 0 3 48 10024
2018-10-08T02:50Z 45 6 22 101 0 3 45 10025
2018-10-08T02:55Z 45 12 22 101 0 3 44 10024
2018-10-08T03:01Z 45 6 22 101 0 3 44 10022
2018-10-08T03:06Z 45 10 22 102 0 3 44 10023
2018-10-08T03:11Z 45 8 25 102 0 3 43 10022
2018-10-08T03:16Z 45 3 25 103 0 3 43 10023
2018-10-08T03:21Z 45 3 20 103 0 3 42 10022
2018-10-08T03:26Z 45 10 25 105 0 3 40 10021
2018-10-08T03:31Z 45 7 25 106 0 3 39 10020
2018-10-08T03:36Z 45 11 22 107 0 3 38 10019
2018-10-08T03:41Z 45 5 22 108 0 3 37 10020
2018-10-08T03:46Z 45 3 18 108 0 3 37 10018
2018-10-08T03:51Z 45 6 16 108 0 3 37 10018
2018-10-08T03:56Z 180 4 15 108 0 3 36 10019
2018-10-08T04:02Z 45 4 15 110 0 3 34 10017
2018-10-08T04:07Z 180 3 17 109 0 3 36 10018
2018-10-08T04:12Z 180 3 17 109 0 3 36 10018
2018-10-08T04:17Z 45 3 15 109 0 3 36 10016
2018-10-08T04:22Z 180 3 12 111 0 3 34 10016
2018-10-08T04:27Z 45 5 12 111 0 3 34 10015
2018-10-08T04:32Z 45 0 12 112 0 3 33 10015
2018-10-08T04:37Z 45 3 12 113 0 3 31 10014
2018-10-08T04:42Z 45 1 12 114 0 3 30 10012
2018-10-08T04:47Z 45 5 9 113 0 3 31 10011
2018-10-08T04:52Z 45 4 12 109 0 3 34 10011
2018-10-08T04:57Z 45 3 12 106 0 3 38 10010
2018-10-08T05:02Z 45 3 12 103 0 3 41 10008
2018-10-08T05:07Z 45 3 12 102 0 3 43 10006
2018-10-08T05:12Z 45 3 12 102 0 3 42 10004
2018-10-08T05:18Z 45 2 9 105 0 3 39 10004
2018-10-08T05:23Z 45 1 9 107 0 3 37 10003
2018-10-08T05:28Z 45 1 4 110 0 3 35 10003
2018-10-08T05:33Z 45 2 4 111 0 3 33 10001
2018-10-08T05:38Z 180 0 4 110 0 3 34 9999
2018-10-08T05:43Z 45 0 4 110 0 3 34 9998
2018-10-08T05:48Z 45 1 4 113 0 3 31 9998
2018-10-08T05:53Z 45 0 4 116 0 3 28 9996
2018-10-08T05:58Z 45 6 12 115 0 3 28 9995
2018-10-08T06:03Z 45 3 12 114 0 3 28 9995
2018-10-08T06:08Z 45 3 9 112 0 3 30 9994
2018-10-08T06:13Z 45 0 6 110 0 3 32 9992
2018-10-08T06:18Z 45 0 4 112 0 2 30 9993
2018-10-08T06:24Z 45 1 5 115 0 2 29 9992
2018-10-08T06:29Z 45 1 6 117 0 1 27 9991
2018-10-08T06:34Z 45 0 8 118 0 0 27 9990
2018-10-08T06:39Z 45 0 8 118 0 0 26 9990
2018-10-08T06:44Z 135 0 6 115 0 0 28 9989
2018-10-08T06:49Z 45 1 6 113 0 0 30 9988
2018-10-08T06:54Z 45 0 6 114 0 0 30 9987
2018-10-08T06:59Z 45 0 6 115 0 0 28 9988
2018-10-08T07:04Z 90 0 11 113 0 0 29 9985
2018-10-08T07:09Z 45 1 11 110 0 0 32 9985
2018-10-08T07:14Z 45 0 7 108 0 0 33 9985
2018-10-08T07:19Z 45 1 9 105 0 0 35 9984
2018-10-08T07:25Z 45 0 9 103 0 0 38 9985
2018-10-08T07:30Z 135 3 9 102 0 0 40 9983
2018-10-08T07:35Z 45 0 8 101 0 0 41 9983
2018-10-08T07:40Z 45 4 11 102 0 0 42 9982
2018-10-08T07:45Z 90 2 15 101 0 0 47 9982
2018-10-08T07:50Z 45 3 15 99 0 0 49 9980
2018-10-08T07:55Z 45 3 12 98 0 0 50 9981
2018-10-08T08:00Z 45 2 12 98 0 0 51 9981
2018-10-08T08:05Z 45 4 19 96 3 3 58 9982
2018-10-08T08:10Z 90 7 19 93 15 15 63 9982
2018-10-08T08:15Z 90 6 19 90 18 18 64 9982
2018-10-08T08:20Z 45 9 18 89 18 18 64 9982
2018-10-08T08:25Z 45 6 22 87 18 18 62 9980
2018-10-08T08:31Z 45 5 22 86 18 18 55 9983
2018-10-08T08:36Z 45 6 19 85 18 18 56 9983
2018-10-08T08:41Z 45 7 20 85 18 18 56 9981
2018-10-08T08:46Z 45 12 23 85 18 18 55 9982
2018-10-08T08:51Z 45 7 23 85 18 18 56 9984
2018-10-08T08:56Z 45 7 23 85 18 18 58 9986
2018-10-08T09:01Z 45 7 27 85 18 18 59 9987
2018-10-08T09:06Z 45 6 27 86 11 18 60 9988
2018-10-08T09:11Z 45 5 18 86 1 18 61 9988
2018-10-08T09:16Z 45 6 18 86 0 18 62 9988
2018-10-08T09:21Z 45 5 18 86 0 18 63 9987
2018-10-08T09:26Z 45 6 22 86 0 18 63 9988
2018-10-08T09:32Z 45 3 22 86 0 18 63 9988
2018-10-08T09:37Z 45 0 18 86 0 18 63 9986
2018-10-08T09:42Z 45 3 13 85 0 18 63 9987
2018-10-08T09:47Z 45 1 13 85 0 18 63 9986
2018-10-08T09:52Z 45 1 13 85 0 18 63 9989
2018-10-08T09:57Z 45 3 11 85 0 18 63 9990
2018-10-08T10:02Z 45 2 11 85 0 18 63 9990
2018-10-08T10:07Z 45 3 12 85 0 18 63 9990
2018-10-08T10:12Z 45 3 12 84 0 18 63 9988
2018-10-08T10:17Z 45 3 15 84 0 18 63 9989
2018-10-08T10:22Z 45 2 15 84 0 18 63 9989
2018-10-08T10:27Z 45 2 9 84 0 18 63 9990
2018-10-08T10:32Z 45 1 7 84 0 18 63 9991
2018-10-08T10:38Z 45 0 8 83 0 18 63 9991
2018-10-08T10:43Z 45 1 9 83 0 18 63 9991
2018-10-08T10:48Z 45 0 9 83 0 18 63 9990
2018-10-08T10:53Z 45 2 11 83 0 18 63 9992
2018-10-08T10:58Z 45 1 11 83 0 18 63 9992
2018-10-08T11:03Z 45 1 8 83 0 18 63 9994
2018-10-08T11:08Z 45 2 9 82 0 18 63 9995
2018-10-08T11:13Z 45 1 9 82 0 18 62 9994
2018-10-08T11:18Z 135 3 9 82 0 18 62 9995
2018-10-08T11:23Z 45 1 11 82 0 18 62 9995
2018-10-08T11:28Z 180 1 12 82 0 18 62 9996
2018-10-08T11:33Z 45 4 12 82 0 18 61 9996
2018-10-08T11:39Z 45 2 18 82 0 18 62 9997
2018-10-08T11:44Z 45 2 18 82 0 18 62 9997
2018-10-08T11:49Z 45 1 9 82 0 18 61 9999
2018-10-08T11:57Z 45 0 9 82 0 18 61 10000
2018-10-08T12:02Z 45 3 13 82 0 18 60 10001
2018-10-08T12:10Z 315 1 13 81 0 18 59 10001
2018-10-08T12:15Z 45 3 9 81 0 18 58 10003
2018-10-08T12:20Z 45 3 9 81 0 18 57 10003
2018-10-08T12:25Z 45 2 9 81 0 18 55 10004
2018-10-08T12:30Z 135 2 9 81 0 18 54 10005
2018-10-08T12:35Z 180 1 9 81 0 18 53 10006
2018-10-08T12:40Z 45 0 9 81 0 18 51 10007
2018-10-08T12:45Z 225 3 9 81 0 18 51 10007
2018-10-08T12:50Z 45 5 15 81 0 18 50 10009
2018-10-08T12:55Z 45 3 15 81 0 18 50 10008
2018-10-08T13:00Z 45 4 13 81 0 18 50 10011
2018-10-08T13:05Z 45 3 10 81 0 18 50 10011
2018-10-08T13:11Z 45 5 9 81 0 18 50 10010
2018-10-08T13:16Z 45 3 15 81 0 18 50 10012
2018-10-08T13:21Z 45 0 15 81 0 18 50 10013
2018-10-08T13:26Z 45 3 13 80 0 18 49 10014
2018-10-08T13:31Z 45 0 9 80 0 18 48 10015
2018-10-08T13:36Z 135 2 9 80 0 18 48 10015
2018-10-08T13:41Z 45 5 9 80 0 18 48 10016
2018-10-08T13:46Z 45 3 13 80 0 18 49 10015
2018-10-08T13:51Z 225 3 13 80 0 18 49 10016
2018-10-08T13:56Z 180 0 9 80 0 18 48 10016
2018-10-08T14:01Z 45 2 9 80 0 18 49 10016
2018-10-08T14:06Z 45 3 9 80 0 18 49 10017
2018-10-08T14:12Z 225 3 13 80 0 18 49 10016
2018-10-08T14:17Z 45 4 13 80 0 18 51 10017
2018-10-08T14:22Z 45 6 22 80 0 18 52 10018
2018-10-08T14:27Z 45 3 22 80 0 18 52 10019
2018-10-08T14:32Z 90 4 9 80 0 18 52 10019
2018-10-08T14:37Z 45 2 9 80 0 18 52 10018
2018-10-08T14:42Z 270 0 9 80 0 18 52 10018
2018-10-08T14:47Z 225 1 9 80 0 18 52 10020
2018-10-08T14:52Z 225 2 9 80 0 18 52 10019
2018-10-08T14:57Z 135 3 12 80 0 18 52 10018
2018-10-08T15:02Z 270 2 12 80 0 18 51 10020
2018-10-08T15:07Z 45 2 12 80 0 18 51 10019
2018-10-08T15:12Z 45 4 12 80 0 18 52 10019
2018-10-08T15:18Z 45 3 9 80 0 18 51 10019
2018-10-08T15:23Z 45 5 13 80 0 18 52 10020
2018-10-08T15:28Z 45 3 14 80 0 18 52 10019
2018-10-08T15:33Z 90 3 14 79 0 18 53 10018
2018-10-08T15:38Z 90 1 9 79 0 18 52 10018
2018-10-08T15:43Z 180 2 9 79 0 18 52 10018
2018-10-08T15:51Z 45 3 16 79 0 18 51 10017
2018-10-08T15:56Z 45 1 16 79 0 18 51 10016
2018-10-08T16:01Z 45 3 10 79 0 18 51 10016
2018-10-08T16:06Z 225 0 10 79 0 18 50 10015
2018-10-08T16:11Z 270 3 10 79 0 18 50 10014
2018-10-08T16:16Z 45 4 12 79 0 18 50 10014
2018-10-08T16:21Z 45 5 12 79 0 18 50 10013
2018-10-08T16:26Z 90 5 18 79 0 18 50 10013
2018-10-08T16:32Z 45 3 18 79 0 18 50 10012
2018-10-08T16:37Z 45 3 13 79 0 18 50 10012
2018-10-08T16:45Z 135 4 9 79 0 18 50 10010
2018-10-08T16:50Z 135 3 11 79 0 18 50 10009
2018-10-08T16:55Z 45 5 13 79 0 18 49 10009
2018-10-08T17:00Z 45 3 13 79 0 18 49 10008
2018-10-08T17:05Z 180 1 9 79 0 18 48 10008
2018-10-08T17:10Z 90 2 9 78 0 18 48 10008
2018-10-08T17:15Z 45 2 9 78 0 18 47 10006
2018-10-08T17:20Z 90 3 9 78 0 18 47 10007
2018-10-08T17:25Z 135 4 12 78 0 18 47 10006
2018-10-08T17:30Z 180 3 12 78 0 18 47 10005
2018-10-08T17:35Z 45 5 15 78 0 18 46 10005
2018-10-08T17:40Z 180 3 15 78 0 18 46 10005
2018-10-08T17:45Z 135 6 14 78 0 18 46 10004
2018-10-08T17:51Z 180 5 14 78 0 18 46 10003
2018-10-08T17:56Z 135 9 15 78 0 18 46 10002
2018-10-08T18:01Z 135 7 15 78 0 18 47 10001
2018-10-08T18:06Z 90 3 15 78 0 18 46 10002
2018-10-08T18:11Z 135 2 12 78 0 18 45 10002
2018-10-08T18:16Z 225 1 7 78 0 18 44 10003
2018-10-08T18:21Z 180 0 7 78 0 18 44 10002
2018-10-08T18:26Z 135 1 7 78 0 18 44 10001
2018-10-08T18:31Z 90 1 6 78 0 18 44 10002
2018-10-08T18:36Z 90 1 6 78 0 18 44 10002
2018-10-08T18:41Z 135 0 5 78 0 18 45 10002
2018-10-08T18:46Z 180 0 4 78 0 18 44 10001
2018-10-08T18:51Z 135 3 8 78 0 18 44 10001
2018-10-08T18:56Z 90 3 11 78 0 18 44 10000
2018-10-08T19:01Z 135 3 11 78 0 18 44 10000
2018-10-08T19:07Z 135 3 10 78 0 18 44 9999
2018-10-08T19:12Z 180 2 10 78 0 18 43 10000
2018-10-08T19:17Z 135 3 9 78 0 18 43 10000
2018-10-08T19:22Z 135 0 9 78 0 18 43 10000
2018-10-08T19:27Z 90 4 9 78 0 18 42 9998
2018-10-08T19:32Z 135 7 13 78 0 18 42 9998
2018-10-08T19:37Z 135 7 15 78 0 18 42 9998
2018-10-08T19:42Z 90 4 15 78 0 18 43 9998
2018-10-08T19:47Z 45 5 12 78 0 18 42 9998
2018-10-08T19:52Z 90 9 15 78 0 18 42 9997
2018-10-08T19:57Z 90 6 15 77 0 18 42 9998
2018-10-08T20:02Z 135 8 15 77 0 18 42 9997
2018-10-08T20:08Z 90 4 14 77 0 18 42 9997
2018-10-08T20:13Z 135 4 13 77 0 18 42 9996
2018-10-08T20:18Z 135 5 12 77 0 18 42 9997
2018-10-08T20:23Z 45 5 12 77 0 18 42 9996
2018-10-08T20:28Z 90 6 13 77 0 18 43 9996
2018-10-08T20:33Z 135 7 16 77 0 18 43 9996
2018-10-08T20:38Z 135 4 16 77 0 18 42 9996
2018-10-08T20:43Z 135 4 13 77 0 18 43 9995
2018-10-08T20:48Z 45 1 10 77 0 18 45 9995
2018-10-08T20:53Z 45 1 8 77 0 18 49 9996
2018-10-08T20:58Z 45 2 7 77 0 18 52 9996
2018-10-08T21:03Z 45 1 7 77 0 18 52 9996
2018-10-08T21:08Z 90 1 7 77 0 18 47 9996
2018-10-08T21:14Z 45 2 7 77 0 18 45 9996
2018-10-08T21:19Z 45 4 11 77 0 18 43 9996
2018-10-08T21:24Z 45 4 11 77 0 18 41 9998
2018-10-08T21:29Z 45 3 9 77 0 18 41 9998
2018-10-08T21:34Z 45 2 7 76 0 18 41 9999
2018-10-08T21:39Z 45 3 6 76 0 18 40 9999
2018-10-08T21:44Z 45 3 7 76 0 18 41 9999
2018-10-08T21:49Z 45 2 7 76 0 18 41 10000
2018-10-08T21:54Z 45 1 6 76 0 18 41 10001
2018-10-08T21:59Z 45 1 6 76 0 18 41 10000
2018-10-08T22:04Z 45 2 6 76 0 18 40 10001
2018-10-08T22:09Z 45 3 6 76 0 18 40 10000
2018-10-08T22:14Z 45 3 6 76 0 18 41 10001
2018-10-08T22:20Z 45 3 8 76 0 18 40 10002
2018-10-08T22:25Z 45 3 9 76 0 18 40 10002
2018-10-08T22:30Z 45 2 9 76 0 18 40 10003
2018-10-08T22:35Z 45 3 8 76 0 18 39 10004
2018-10-08T22:40Z 45 2 8 76 0 18 40 10004
2018-10-08T22:45Z 45 3 9 77 0 18 39 10006
2018-10-08T22:50Z 45 2 9 77 0 18 39 10006
2018-10-08T22:55Z 45 2 7 77 0 18 39 10007
2018-10-08T23:00Z 45 1 7 77 0 18 39 10007
2018-10-08T23:05Z 45 3 6 77 0 18 39 10008
2018-10-08T23:10Z 45 2 7 77 0 18 39 10008
2018-10-08T23:15Z 45 3 9 77 0 18 39 10008
2018-10-08T23:21Z 45 1 9 77 0 18 39 10009
2018-10-08T23:26Z 45 1 9 78 0 18 39 10011
2018-10-08T23:31Z 45 0 9 78 0 18 39 10011
2018-10-08T23:36Z 45 0 5 78 0 18 39 10011
2018-10-08T23:41Z 45 0 5 78 0 18 39 10013
2018-10-08T23:46Z 135 1 6 78 0 18 40 10013
2018-10-08T23:51Z 45 3 7 79 0 18 41 10014
2018-10-08T23:59Z 45 0 7 80 0 18 42 10015
2018-10-09T00:04Z 45 0 5 81 0 18 46 10015
2018-10-09T00:09Z 180 1 5 81 0 18 48 10015
2018-10-09T00:14Z 45 2 5 82 0 18 50 10015
2018-10-09T00:19Z 45 1 6 82 0 18 52 10015
2018-10-09T00:24Z 45 2 6 82 0 18 53 10017
2018-10-09T00:29Z 45 1 7 83 0 18 54 10018
2018-10-09T00:35Z 45 3 8 83 0 18 55 10018
2018-10-09T00:40Z 45 4 10 84 0 18 56 10019
2018-10-09T00:45Z 45 3 10 85 0 18 57 10020
2018-10-09T00:50Z 225 3 9 85 0 18 60 10019
2018-10-09T00:55Z 90 3 18 86 0 18 61 10020
2018-10-09T01:00Z 45 3 18 88 0 18 62 10021
2018-10-09T01:05Z 90 5 12 88 0 18 62 10023
2018-10-09T01:10Z 45 5 16 89 0 18 62 10021
2018-10-09T01:15Z 45 5 18 90 0 18 61 10022
2018-10-09T01:20Z 45 8 18 90 0 18 61 10023
2018-10-09T01:25Z 45 6 18 92 0 18 60 10023
2018-10-09T01:30Z 45 5 18 93 0 18 57 10023
2018-10-09T01:35Z 45 20 28 93 0 18 56 10026
2018-10-09T01:41Z 45 9 28 93 0 18 57 10025
2018-10-09T01:46Z 45 15 26 93 0 18 56 10026
2018-10-09T01:51Z 45 13 25 93 0 18 55 10026
2018-10-09T01:56Z 45 15 26 94 0 18 53 10026
2018-10-09T02:01Z 45 6 26 94 0 18 54 10026
2018-10-09T02:06Z 45 6 26 96 0 18 52 10027
2018-10-09T02:11Z 45 7 28 97 0 18 50 10026
2018-10-09T02:16Z 45 6 28 98 0 18 49 10025
2018-10-09T02:21Z 45 8 18 98 0 18 48 10027
2018-10-09T02:26Z 45 12 23 99 0 18 47 10025
2018-10-09T02:31Z 45 3 23 100 0 18 47 10027
2018-10-09T02:36Z 45 5 29 100 0 18 46 10025
2018-10-09T02:41Z 45 12 29 101 0 18 44 10026
2018-10-09T02:47Z 45 15 28 102 0 18 43 10027
2018-10-09T02:52Z 45 12 28 102 0 18 42 10026
2018-10-09T02:57Z 45 8 22 102 0 18 42 10025
2018-10-09T03:02Z 45 6 22 103 0 18 41 10028
2018-10-09T03:07Z 45 12 25 105 0 18 38 10028
2018-10-09T03:12Z 45 11 25 105 0 18 39 10026
2018-10-09T03:17Z 45 12 22 105 0 18 38 10026
2018-10-09T03:22Z 45 7 22 105 0 18 37 10025
2018-10-09T03:27Z 45 11 18 106 0 18 37 10024
2018-10-09T03:32Z 45 3 18 106 0 18 37 10024
2018-10-09T03:37Z 45 8 18 107 0 18 37 10022
2018-10-09T03:42Z 45 4 18 107 0 18 36 10021
2018-10-09T03:48Z 45 6 18 108 0 18 35 10022
2018-10-09T03:53Z 45 1 17 109 0 18 35 10022
2018-10-09T03:58Z 90 6 13 108 0 18 34 10021
2018-10-09T04:03Z 135 6 15 108 0 18 34 10019
2018-10-09T04:08Z 180 6 15 108 0 18 33 10019
2018-10-09T04:13Z 45 3 12 109 0 18 34 10018
2018-10-09T04:18Z 90 7 14 109 0 18 34 10018
2018-10-09T04:23Z 225 5 14 107 0 18 34 10016
2018-10-09T04:28Z 180 3 15 106 0 18 35 10014
2018-10-09T04:33Z 45 2 15 107 0 18 33 10014
2018-10-09T04:38Z 45 2 8 110 0 18 31 10013
2018-10-09T04:43Z 135 5 10 111 0 18 30 10013
2018-10-09T04:48Z 45 1 10 113 0 18 27 10011
2018-10-09T04:54Z 45 2 8 115 0 18 26 10010
2018-10-09T04:59Z 45 3 10 113 0 18 27 10010
2018-10-09T05:04Z 45 3 10 112 0 18 27 10009
2018-10-09T05:09Z 45 1 13 112 0 18 28 10007
2018-10-09T05:14Z 45 1 13 112 0 18 28 10006
2018-10-09T05:19Z 45 5 12 113 0 18 26 10004
2018-10-09T05:24Z 45 3 11 111 0 18 27 10003
2018-10-09T05:29Z 45 3 10 110 0 18 27 10003
2018-10-09T05:34Z 45 0 10 113 0 18 26 10001
2018-10-09T05:39Z 135 0 4 115 0 18 24 10001
2018-10-09T05:44Z 45 3 8 115 0 18 24 10000
2018-10-09T05:49Z 45 3 8 115 0 18 24 9998
2018-10-09T05:55Z 45 4 9 113 0 18 25 9998
2018-10-09T06:00Z 135 1 9 111 0 18 26 9997
2018-10-09T06:05Z 45 1 6 111 0 18 27 9996
2018-10-09T06:10Z 45 3 8 111 0 18 25 9995
2018-10-09T06:15Z 45 9 16 111 0 18 25 9994
2018-10-09T06:20Z 45 7 16 111 0 18 25 9992
2018-10-09T06:25Z 45 10 15 111 0 18 25 9993
2018-10-09T06:30Z 45 3 15 111 0 18 26 9992
2018-10-09T06:35Z 45 2 15 113 0 18 24 9991
2018-10-09T06:40Z 45 4 12 114 0 18 24 9991
2018-10-09T06:45Z 45 3 12 110 0 18 26 9990
2018-10-09T06:50Z 90 2 12 107 0 18 27 9990
2018-10-09T06:55Z 90 2 12 107 0 18 27 9990
2018-10-09T07:00Z 45 3 12 106 0 18 28 9989
2018-10-09T07:05Z 45 3 12 107 0 18 27 9989
2018-10-09T07:11Z 45 3 12 106 0 18 28 9988
2018-10-09T07:16Z 45 2 10 106 0 18 29 9988
2018-10-09T07:21Z 45 3 9 106 0 18 28 9987
2018-10-09T07:26Z 45 3 9 105 0 18 29 9987
2018-10-09T07:31Z 45 2 10 105 0 18 30 9987
2018-10-09T07:36Z 45 3 10 105 0 18 29 9986
2018-10-09T07:41Z 45 3 9 105 0 18 30 9986
2018-10-09T07:46Z 45 3 9 105 0 18 30 9984
2018-10-09T07:51Z 90 3 9 103 0 18 31 9984
2018-10-09T07:56Z 45 3 8 104 0 18 31 9984
2018-10-09T08:01Z 45 3 7 105 0 14 30 9984
2018-10-09T08:06Z 45 3 7 106 0 2 30 9985
2018-10-09T08:11Z 45 2 7 105 0 0 31 9984
2018-10-09T08:17Z 90 3 8 104 0 0 32 9984
2018-10-09T08:22Z 90 0 8 104 0 0 32 9985
2018-10-09T08:27Z 45 3 7 104 0 0 31 9984
2018-10-09T08:32Z 90 4 8 103 0 0 32 9983
2018-10-09T08:37Z 45 3 8 101 0 0 33 9984
2018-10-09T08:42Z 45 1 7 101 0 0 34 9984
2018-10-09T08:47Z 45 0 7 102 0 0 33 9985
2018-10-09T08:52Z 135 0 7 103 0 0 32 9984
2018-10-09T08:57Z 135 3 7 102 0 0 33 9985
2018-10-09T09:02Z 90 1 7 100 0 0 34 9986
2018-10-09T09:07Z 90 2 7 100 0 0 34 9985
2018-10-09T09:12Z 135 0 5 100 0 0 34 9986
2018-10-09T09:18Z 180 0 4 101 0 0 34 9987
2018-10-09T09:23Z 45 2 6 100 0 0 36 9987
2018-10-09T09:28Z 180 1 6 99 0 0 37 9985
2018-10-09T09:33Z 45 3 6 98 0 0 45 9987
2018-10-09T09:38Z 45 1 6 97 0 0 48 9987
2018-10-09T09:43Z 45 3 6 95 0 0 50 9989
2018-10-09T09:48Z 45 3 10 93 0 0 53 9988
2018-10-09T09:53Z 45 5 15 92 0 0 54 9989
2018-10-09T09:58Z 45 4 15 92 0 0 56 9989
2018-10-09T10:03Z 45 5 18 91 0 0 56 9988
2018-10-09T10:08Z 45 3 18 90 0 0 57 9990
2018-10-09T10:13Z 45 5 17 90 0 0 58 9990
2018-10-09T10:18Z 45 5 17 89 0 0 58 9991
2018-10-09T10:24Z 45 5 20 89 0 0 59 9991
2018-10-09T10:29Z 45 5 20 88 0 0 59 9992
2018-10-09T10:34Z 45 4 17 88 0 0 60 9992
2018-10-09T10:39Z 45 4 17 87 0 0 60 9993
2018-10-09T10:44Z 45 2 16 87 0 0 60 9994
2018-10-09T10:49Z 45 1 10 87 0 0 61 9994
2018-10-09T10:54Z 45 2 12 87 0 0 61 9995
2018-10-09T10:59Z 45 3 13 86 0 0 61 9995
2018-10-09T11:04Z 45 3 13 86 0 0 61 9996
2018-10-09T11:09Z 45 4 12 86 0 0 62 9997
2018-10-09T11:14Z 45 3 9 86 0 0 62 9998
2018-10-09T11:19Z 45 5 14 85 0 0 62 9998
2018-10-09T11:24Z 45 7 17 85 0 0 63 9997
2018-10-09T11:30Z 135 8 21 85 0 0 63 9998
2018-10-09T11:35Z 180 7 21 85 0 0 63 9999
2018-10-09T11:40Z 45 9 22 85 0 0 63 10000
2018-10-09T11:45Z 45 4 22 85 0 0 64 10000
2018-10-09T11:50Z 45 3 22 84 0 0 64 9999
2018-10-09T11:55Z 90 9 28 84 0 0 64 10000
2018-10-09T12:00Z 135 9 28 84 0 0 65 10000
2018-10-09T12:05Z 45 8 23 84 0 0 65 10002
2018-10-09T12:10Z 45 4 22 84 0 0 65 10002
2018-10-09T12:15Z 45 10 23 84 0 0 65 10004
2018-10-09T12:20Z 135 10 36 83 0 0 65 10004
2018-10-09T12:25Z 90 10 36 83 0 0 65 10003
2018-10-09T12:31Z 45 13 38 83 0 0 65 10003
2018-10-09T12:36Z 90 11 38 83 0 0 65 10004
2018-10-09T12:41Z 45 9 28 83 0 0 65 10004
2018-10-09T12:46Z 45 9 28 83 0 0 65 10004
2018-10-09T12:51Z 45 9 28 83 0 0 64 10005
2018-10-09T12:56Z 135 9 23 82 0 0 64 10006
2018-10-09T13:01Z 45 7 23 82 0 0 64 10007
2018-10-09T13:06Z 90 9 27 82 0 0 63 10008
2018-10-09T13:11Z 90 6 27 82 0 0 63 10008
2018-10-09T13:16Z 45 7 24 82 0 0 62 10009
2018-10-09T13:21Z 180 6 24 82 0 0 61 10009
2018-10-09T13:26Z 135 2 18 82 0 0 60 10011
2018-10-09T13:31Z 45 6 14 82 0 0 59 10011
2018-10-09T13:37Z 45 5 15 81 0 0 58 10012
2018-10-09T13:42Z 45 5 19 81 0 0 57 10012
2018-10-09T13:47Z 45 3 19 81 0 0 56 10013
2018-10-09T13:52Z 45 3 15 81 0 0 56 10013
2018-10-09T13:57Z 135 4 15 81 0 0 55 10012
2018-10-09T14:02Z 45 5 11 81 0 0 55 10013
2018-10-09T14:07Z 45 0 11 81 0 0 54 10013
2018-10-09T14:12Z 45 3 12 81 0 0 53 10013
2018-10-09T14:17Z 90 2 12 81 0 0 52 10013
2018-10-09T14:22Z 45 3 9 80 0 0 51 10014
2018-10-09T14:27Z 45 3 9 80 0 0 51 10013
2018-10-09T14:32Z 45 2 9 80 0 0 50 10014
2018-10-09T14:38Z 45 3 10 80 0 0 49 10012
2018-10-09T14:43Z 45 2 10 80 0 0 49 10013
2018-10-09T14:48Z 45 4 13 80 0 0 48 10012
2018-10-09T14:53Z 180 3 18 80 0 0 48 10013
2018-10-09T14:58Z 90 4 18 80 0 0 48 10014
2018-10-09T15:03Z 45 2 11 80 0 0 48 10014
2018-10-09T15:08Z 180 4 11 80 0 0 48 10013
2018-10-09T15:13Z 45 3 12 80 0 0 47 10014
2018-10-09T15:18Z 135 4 14 80 0 0 47 10014
2018-10-09T15:23Z 45 3 14 80 0 0 47 10014
2018-10-09T15:28Z 45 2 9 80 0 0 47 10016
2018-10-09T15:33Z 180 6 13 80 0 0 46 10015
2018-10-09T15:38Z 90 4 13 80 0 0 46 10014
2018-10-09T15:44Z 45 6 18 80 0 0 46 10014
2018-10-09T15:49Z 45 3 18 80 0 0 45 10014
2018-10-09T15:54Z 45 3 18 80 0 0 45 10015
2018-10-09T15:59Z 45 6 15 80 0 0 45 10015
2018-10-09T16:04Z 45 8 20 80 0 0 45 10016
2018-10-09T16:09Z 45 6 20 80 0 0 45 10014
2018-10-09T16:14Z 45 3 18 80 0 0 45 10015
2018-10-09T16:19Z 225 3 9 80 0 0 45 10013
2018-10-09T16:24Z 180 2 10 80 0 0 44 10012
2018-10-09T16:29Z 45 8 23 80 0 0 44 10013
2018-10-09T16:34Z 45 3 23 80 0 0 43 10011
2018-10-09T16:39Z 90 4 22 80 0 0 43 10010
2018-10-09T16:45Z 45 4 15 80 0 0 42 10010
2018-10-09T16:50Z 45 9 18 80 0 0 42 10011
2018-10-09T16:55Z 45 10 23 80 0 0 42 10011
2018-10-09T17:00Z 90 8 26 80 0 0 42 10009
2018-10-09T17:05Z 135 6 26 80 0 0 42 10009
2018-10-09T17:10Z 135 9 25 80 0 0 41 10009
2018-10-09T17:15Z 45 7 25 80 0 0 41 10008
2018-10-09T17:20Z 45 4 19 80 0 0 41 10008
2018-10-09T17:25Z 45 2 12 80 0 0 40 10008
2018-10-09T17:30Z 180 3 9 80 0 0 40 10007
2018-10-09T17:35Z 45 3 12 80 0 0 40 10007
2018-10-09T17:40Z 90 6 13 80 0 0 39 10007
2018-10-09T17:45Z 180 4 14 80 0 0 39 10007
2018-10-09T17:51Z 135 5 15 80 0 0 39 10007
2018-10-09T17:56Z 45 8 18 80 0 0 39 10007
2018-10-09T18:01Z 45 8 18 80 0 0 39 10006
2018-10-09T18:06Z 45 6 18 80 0 0 39 10006
2018-10-09T18:11Z 45 5 18 79 0 0 39 10006
2018-10-09T18:16Z 90 3 16 79 0 0 39 10007
2018-10-09T18:21Z 45 2 10 79 0 0 39 10004
2018-10-09T18:26Z 135 4 10 79 0 0 38 10004
2018-10-09T18:31Z 135 3 10 79 0 0 38 10004
2018-10-09T18:36Z 45 1 7 79 0 0 38 10004
2018-10-09T18:41Z 90 3 9 79 0 0 38 10004
2018-10-09T18:46Z 135 3 9 79 0 0 38 10003
2018-10-09T18:52Z 135 3 8 79 0 0 38 10003
2018-10-09T18:57Z 135 1 9 79 0 0 38 10002
2018-10-09T19:02Z 45 0 9 78 0 0 37 10002
2018-10-09T19:07Z 225 0 7 78 0 0 37 10001
2018-10-09T19:12Z 90 0 6 78 0 0 37 10002
2018-10-09T19:17Z 90 0 6 78 0 0 37 10001
2018-10-09T19:22Z 135 2 6 78 0 0 37 10001
2018-10-09T19:27Z 135 6 12 78 0 0 37 10001
2018-10-09T19:32Z 135 3 12 78 0 0 37 10000
2018-10-09T19:37Z 90 0 10 78 0 0 37 10001
2018-10-09T19:42Z 135 0 6 78 0 0 37 10001
2018-10-09T19:47Z 135 0 4 78 0 0 37 10000
2018-10-09T19:52Z 135 2 8 78 0 0 37 10001
2018-10-09T19:58Z 135 0 8 78 0 0 37 9999
2018-10-09T20:03Z 135 2 8 78 0 0 37 9998
2018-10-09T20:08Z 135 0 8 78 0 0 37 9998
2018-10-09T20:13Z 135 1 6 78 0 0 37 9997
2018-10-09T20:18Z 180 0 6 78 0 0 37 9998
2018-10-09T20:23Z 135 0 3 78 0 0 37 9998
2018-10-09T20:28Z 225 0 3 77 0 0 37 9999
2018-10-09T20:33Z 270 0 3 77 0 0 37 9999
2018-10-09T20:38Z 225 0 3 77 0 0 37 9998
2018-10-09T20:43Z 225 0 3 77 0 0 37 10000
2018-10-09T20:48Z 225 0 3 77 0 0 37 10000
2018-10-09T20:53Z 225 0 0 77 0 0 37 10000
2018-10-09T20:59Z 135 0 5 77 0 0 37 10001
2018-10-09T21:04Z 90 0 6 78 0 0 37 9999
2018-10-09T21:09Z 225 0 6 78 0 0 37 10000
2018-10-09T21:14Z 225 0 3 78 0 0 37 10000
2018-10-09T21:19Z 225 0 3 78 0 0 37 10001
2018-10-09T21:24Z 90 0 3 78 0 0 37 10001
2018-10-09T21:29Z 90 2 6 78 0 0 37 10001
2018-10-09T21:34Z 45 2 9 78 0 0 37 10000
2018-10-09T21:39Z 180 0 6 78 0 0 37 10000
2018-10-09T21:44Z 315 0 3 78 0 0 37 10001
2018-10-09T21:49Z 135 1 3 78 0 0 37 10000
2018-10-09T21:54Z 135 1 6 78 0 0 37 10001
2018-10-09T21:59Z 45 0 6 78 0 0 37 10002
2018-10-09T22:05Z 45 0 6 78 0 0 37 10002
2018-10-09T22:10Z 90 0 6 78 0 0 37 10003
2018-10-09T22:15Z 90 0 6 77 0 0 37 10004
2018-10-09T22:20Z 90 0 3 77 0 0 37 10005
2018-10-09T22:25Z 90 0 0 77 0 0 37 10005
2018-10-09T22:30Z 90 0 0 77 0 0 37 10007
2018-10-09T22:35Z 90 0 0 77 0 0 37 10006
2018-10-09T22:40Z 90 0 0 77 0 0 37 10007
2018-10-09T22:45Z 90 0 0 77 0 0 37 10007
2018-10-09T22:50Z 90 0 0 77 0 0 37 10008
2018-10-09T22:55Z 90 0 0 77 0 0 37 10009
2018-10-09T23:00Z 90 0 3 78 0 0 37 10008
2018-10-09T23:06Z 90 0 3 78 0 0 37 10009
2018-10-09T23:11Z 90 3 6 78 0 0 36 10010
2018-10-09T23:16Z 225 2 6 79 0 0 36 10011
2018-10-09T23:21Z 45 2 6 79 0 0 36 10011
2018-10-09T23:26Z 45 3 7 79 0 0 37 10013
2018-10-09T23:31Z 45 4 10 80 0 0 37 10013
2018-10-09T23:36Z 45 6 11 80 0 0 37 10013
2018-10-09T23:41Z 45 5 12 80 0 0 38 10014
2018-10-09T23:46Z 45 3 12 81 0 0 39 10015
2018-10-09T23:51Z 45 2 9 82 0 0 40 10016
2018-10-09T23:56Z 45 6 12 82 0 0 44 10016
2018-10-10T00:01Z 45 6 12 83 0 0 46 10016
2018-10-10T00:06Z 45 3 13 84 0 0 48 10017
2018-10-10T00:12Z 45 6 13 84 0 0 55 10018
2018-10-10T00:17Z 45 7 17 85 0 0 57 10020
2018-10-10T00:22Z 45 8 17 86 0 0 60 10021
2018-10-10T00:27Z 45 7 18 86 0 0 61 10021
2018-10-10T00:32Z 45 6 18 87 0 0 61 10021
2018-10-10T00:37Z 45 9 21 88 0 0 62 10022
2018-10-10T00:42Z 45 8 21 88 0 0 62 10024
2018-10-10T00:47Z 45 4 18 88 0 0 62 10022
2018-10-10T00:52Z 45 3 18 89 0 0 62 10025
2018-10-10T00:57Z 45 4 11 91 0 0 60 10025
2018-10-10T01:02Z 45 9 18 92 0 0 58 10023
2018-10-10T01:07Z 45 8 19 93 0 0 56 10025
2018-10-10T01:13Z 45 9 19 93 0 0 55 10024
2018-10-10T01:18Z 45 6 17 93 0 0 56 10025
2018-10-10T01:23Z 45 6 18 94 0 0 55 10024
2018-10-10T01:28Z 45 8 18 95 0 0 54 10026
2018-10-10T01:33Z 45 3 18 96 0 0 53 10028
2018-10-10T01:38Z 45 7 23 95 0 0 53 10027
2018-10-10T01:43Z 45 2 23 96 0 0 53 10028
2018-10-10T01:48Z 45 9 22 97 0 0 51 10028
2018-10-10T01:53Z 45 5 22 98 0 0 50 10030
2018-10-10T01:58Z 45 10 18 98 0 0 48 10030
2018-10-10T02:03Z 45 5 18 98 0 0 49 10031
2018-10-10T02:08Z 45 6 17 98 0 0 47 10031
2018-10-10T02:13Z 45 3 19 100 0 0 47 10030
2018-10-10T02:19Z 45 12 21 100 0 0 45 10030
2018-10-10T02:24Z 45 12 21 101 0 0 44 10030
2018-10-10T02:29Z 45 9 22 100 0 0 45 10030
2018-10-10T02:34Z 45 4 22 100 0 0 45 10031
2018-10-10T02:39Z 45 4 15 101 0 0 44 10030
2018-10-10T02:44Z 45 8 22 102 0 0 43 10031
2018-10-10T02:49Z 90 4 22 102 0 0 42 10030
2018-10-10T02:54Z 180 9 20 101 0 0 43 10029
2018-10-10T02:59Z 45 3 20 103 0 0 41 10030
2018-10-10T03:04Z 135 5 12 104 0 0 40 10029
2018-10-10T03:09Z 180 7 15 104 0 0 40 10030
2018-10-10T03:14Z 180 7 15 104 0 0 40 10030
2018-10-10T03:19Z 90 3 14 105 0 0 40 10030
2018-10-10T03:24Z 135 6 15 105 0 0 39 10028
2018-10-10T03:29Z 45 2 15 105 0 0 38 10028
2018-10-10T03:35Z 45 1 11 107 0 0 37 10028
2018-10-10T03:40Z 45 4 10 109 0 0 34 10027
2018-10-10T03:45Z 45 2 9 108 0 0 34 10025
2018-10-10T03:50Z 45 3 8 109 0 0 33 10025
2018-10-10T03:55Z 45 1 10 108 0 0 34 10023
2018-10-10T04:00Z 45 1 10 109 0 0 34 10024
2018-10-10T04:05Z 45 1 7 107 0 0 35 10023
2018-10-10T04:10Z 45 3 7 106 0 0 36 10022
2018-10-10T04:15Z 45 2 7 107 0 0 35 10020
2018-10-10T04:20Z 45 2 6 109 0 0 33 10020
2018-10-10T04:25Z 45 1 6 109 0 0 34 10019
2018-10-10T04:30Z 45 0 6 111 0 0 32 10019
2018-10-10T04:35Z 45 1 5 113 0 0 29 10019
2018-10-10T04:41Z 45 1 6 115 0 0 28 10018
2018-10-10T04:46Z 135 0 6 114 0 0 28 10018
2018-10-10T04:51Z 45 1 4 114 0 0 28 10017
2018-10-10T04:56Z 45 0 6 114 0 0 28 10016
2018-10-10T05:01Z 45 1 6 114 0 0 28 10014
2018-10-10T05:06Z 45 0 6 115 0 0 27 10015
2018-10-10T05:11Z 45 0 5 117 0 0 26 10014
2018-10-10T05:16Z 45 1 5 120 0 0 24 10013
2018-10-10T05:21Z 45 0 4 120 0 0 23 10013
2018-10-10T05:26Z 45 0 6 122 0 0 23 10011
2018-10-10T05:31Z 45 1 6 121 0 0 23 10010
2018-10-10T05:36Z 45 1 6 120 0 0 24 10009
2018-10-10T05:42Z 180 0 4 116 0 0 26 10008
2018-10-10T05:47Z 45 0 4 117 0 0 26 10007
2018-10-10T05:52Z 45 0 3 119 0 0 25 10005
2018-10-10T05:57Z 90 0 4 121 0 0 23 10004
2018-10-10T06:02Z 45 0 5 123 0 0 22 10004
2018-10-10T06:07Z 45 1 6 123 0 0 22 10003
2018-10-10T06:12Z 45 3 9 120 0 0 23 10000
2018-10-10T06:17Z 45 2 9 117 0 0 25 10000
2018-10-10T06:22Z 45 0 6 117 0 0 26 10000
2018-10-10T06:27Z 45 1 6 117 0 0 25 10000
2018-10-10T06:32Z 45 3 7 118 0 0 24 9999
2018-10-10T06:37Z 45 0 7 117 0 0 25 9999
2018-10-10T06:42Z 45 3 7 118 0 0 24 9998
2018-10-10T06:48Z 45 2 7 116 0 0 25 9999
2018-10-10T06:53Z 45 1 7 116 0 0 25 9996
2018-10-10T06:58Z 45 0 5 117 0 0 24 9997
2018-10-10T07:03Z 45 0 4 119 0 0 23 9996
2018-10-10T07:08Z 180 3 6 117 0 0 24 9996
2018-10-10T07:13Z 45 2 6 117 0 0 24 9994
2018-10-10T07:18Z 45 0 6 116 0 0 25 9994
2018-10-10T07:23Z 45 1 6 117 0 0 24 9994
2018-10-10T07:28Z 45 0 6 114 0 0 26 9993
2018-10-10T07:33Z 45 0 6 115 0 0 25 9993
2018-10-10T07:38Z 45 1 4 116 0 0 25 9992
2018-10-10T07:43Z 45 1 4 115 0 0 25 9992
2018-10-10T07:49Z 45 0 6 113 0 0 27 9992
2018-10-10T07:54Z 45 1 6 113 0 0 26 9991
2018-10-10T07:59Z 225 0 3 114 0 0 26 9991
2018-10-10T08:04Z 45 0 3 115 0 0 25 9992
2018-10-10T08:09Z 45 0 4 112 0 0 27 9991
2018-10-10T08:14Z 45 0 4 110 0 0 29 9991
2018-10-10T08:19Z 90 0 3 110 0 0 29 9992
2018-10-10T08:24Z 180 0 3 110 0 0 29 9992
2018-10-10T08:29Z 45 2 6 110 0 0 35 9991
2018-10-10T08:34Z 45 1 7 108 0 0 37 9991
2018-10-10T08:39Z 45 1 7 107 0 0 38 9990
2018-10-10T08:44Z 45 1 6 106 0 0 40 9991
2018-10-10T08:49Z 45 1 6 104 0 0 41 9990
2018-10-10T08:55Z 45 2 6 103 0 0 43 9991
2018-10-10T09:00Z 45 2 9 101 0 0 45 9989
2018-10-10T09:05Z 45 2 9 100 0 0 46 9989
2018-10-10T09:10Z 45 1 9 100 0 0 47 9990
2018-10-10T09:15Z 45 2 6 100 0 0 47 9989
2018-10-10T09:20Z 45 2 6 99 0 0 47 9990
2018-10-10T09:25Z 45 1 6 99 0 0 49 9990
2018-10-10T09:30Z 45 2 6 98 0 0 50 9991
2018-10-10T09:35Z 45 3 10 97 0 0 52 9992
2018-10-10T09:40Z 45 3 10 95 0 0 53 9993
2018-10-10T09:45Z 45 3 15 94 0 0 56 9993
2018-10-10T09:50Z 45 2 15 93 0 0 57 9993
2018-10-10T09:56Z 45 4 13 91 0 0 59 9993
2018-10-10T10:01Z 45 2 13 91 0 0 61 9995
2018-10-10T10:06Z 45 0 8 90 0 0 62 9993
2018-10-10T10:11Z 45 3 12 89 0 0 63 9993
2018-10-10T10:16Z 45 2 12 89 0 0 63 9994
2018-10-10T10:21Z 45 3 6 88 0 0 64 9993
2018-10-10T10:26Z 45 2 9 88 0 0 64 9995
2018-10-10T10:31Z 180 5 12 88 0 0 64 9994
2018-10-10T10:36Z 45 3 12 87 0 0 62 9993
2018-10-10T10:41Z 225 2 9 87 0 0 61 9993
2018-10-10T10:46Z 225 3 11 87 0 0 62 9994
2018-10-10T10:51Z 45 3 12 87 0 0 63 9993
2018-10-10T10:56Z 45 5 14 86 0 0 63 9994
2018-10-10T11:02Z 45 3 14 86 0 0 64 9995
2018-10-10T11:07Z 180 3 14 86 0 0 65 9997
2018-10-10T11:12Z 180 3 12 86 0 0 65 9997
2018-10-10T11:17Z 180 3 11 86 0 0 65 9997
2018-10-10T11:22Z 45 3 10 86 0 0 65 9997
2018-10-10T11:27Z 45 3 8 85 0 0 66 9999
2018-10-10T11:32Z 45 2 9 85 0 0 66 10000
2018-10-10T11:37Z 45 2 9 85 0 0 66 9999
2018-10-10T11:42Z 45 3 9 85 0 0 65 10000
2018-10-10T11:47Z 45 4 10 85 0 0 65 9999
2018-10-10T11:52Z 45 3 12 85 0 0 65 9999
2018-10-10T11:57Z 45 3 12 84 0 0 65 10000
2018-10-10T12:03Z 180 5 15 84 0 0 65 10001
2018-10-10T12:08Z 45 2 15 84 0 0 65 10003
2018-10-10T12:13Z 45 3 14 84 0 0 65 10003
2018-10-10T12:18Z 45 3 10 84 0 0 65 10003
2018-10-10T12:23Z 45 3 12 84 0 0 65 10004
2018-10-10T12:28Z 45 2 11 84 0 0 65 10004
2018-10-10T12:33Z 45 1 11 84 0 0 65 10004
2018-10-10T12:38Z 45 3 10 83 0 0 65 10004
2018-10-10T12:43Z 45 3 10 83 0 0 65 10004
2018-10-10T12:48Z 225 1 9 83 0 0 65 10005
2018-10-10T12:53Z 45 4 13 83 0 0 65 10004
2018-10-10T12:58Z 45 3 13 83 0 0 65 10005
2018-10-10T13:03Z 225 1 10 83 0 0 65 10005
2018-10-10T13:09Z 90 3 9 83 0 0 66 10008
2018-10-10T13:14Z 135 3 12 83 0 0 66 10007
2018-10-10T13:19Z 180 3 12 83 0 0 66 10008
2018-10-10T13:24Z 45 4 12 83 0 0 66 10011
2018-10-10T13:29Z 225 2 11 83 0 0 66 10011
2018-10-10T13:34Z 90 7 15 83 0 0 66 10010
2018-10-10T13:39Z 90 8 18 83 0 0 66 10012
2018-10-10T13:44Z 90 9 26 83 0 0 66 10014
2018-10-10T13:49Z 45 9 26 82 0 0 66 10015
2018-10-10T13:54Z 45 4 23 82 0 0 66 10015
2018-10-10T13:59Z 45 6 25 82 0 0 66 10014
2018-10-10T14:04Z 225 3 25 82 0 0 66 10014
2018-10-10T14:10Z 45 4 11 82 0 0 65 10014
2018-10-10T14:15Z 45 3 11 82 0 0 65 10014
2018-10-10T14:20Z 45 3 15 82 0 0 65 10015
2018-10-10T14:25Z 45 4 15 82 0 0 64 10017
2018-10-10T14:30Z 135 5 14 81 0 0 64 10017
2018-10-10T14:35Z 90 1 14 81 0 0 64 10017
2018-10-10T14:40Z 45 3 11 81 0 0 64 10017
2018-10-10T14:45Z 45 4 14 81 0 0 63 10017
2018-10-10T14:50Z 45 2 14 81 0 0 63 10017
2018-10-10T14:55Z 90 4 11 81 0 0 62 10019
2018-10-10T15:00Z 135 2 11 81 0 0 62 10019
2018-10-10T15:05Z 135 2 11 81 0 0 62 10019
2018-10-10T15:10Z 90 2 15 81 0 0 61 10019
2018-10-10T15:15Z 45 4 11 81 0 0 61 10019
2018-10-10T15:20Z 90 5 15 81 0 0 61 10019
2018-10-10T15:25Z 45 2 15 81 0 0 61 10020
2018-10-10T15:31Z 90 3 11 81 0 0 61 10019
2018-10-10T15:36Z 90 2 16 81 0 0 61 10019
2018-10-10T15:41Z 45 1 16 81 0 0 60 10019
2018-10-10T15:46Z 180 0 15 81 0 0 60 10019
2018-10-10T15:51Z 135 1 5 81 0 0 60 10020
2018-10-10T15:56Z 90 3 12 81 0 0 59 10018
2018-10-10T16:01Z 90 1 12 81 0 0 58 10020
2018-10-10T16:06Z 180 3 8 81 0 0 57 10019
2018-10-10T16:11Z 90 3 12 81 0 0 56 10019
2018-10-10T16:16Z 45 0 12 81 0 0 55 10019
2018-10-10T16:21Z 90 2 10 81 0 0 54 10019
2018-10-10T16:26Z 45 3 10 81 0 0 53 10020
2018-10-10T16:32Z 90 3 9 81 0 0 52 10020
2018-10-10T16:37Z 45 3 10 81 0 0 52 10019
2018-10-10T16:42Z 45 3 10 81 0 0 52 10019
2018-10-10T16:47Z 180 3 10 81 0 0 52 10018
2018-10-10T16:52Z 90 3 15 81 0 0 51 10018
2018-10-10T16:57Z 180 3 15 81 0 0 51 10016
2018-10-10T17:02Z 90 4 11 81 0 0 50 10015
2018-10-10T17:07Z 45 3 11 80 0 0 49 10016
2018-10-10T17:12Z 45 4 11 80 0 0 48 10015
2018-10-10T17:17Z 90 3 9 80 0 0 47 10015
2018-10-10T17:22Z 180 3 12 80 0 0 47 10015
2018-10-10T17:27Z 45 0 12 80 0 0 47 10014
2018-10-10T17:32Z 45 3 10 80 0 0 46 10013
2018-10-10T17:38Z 180 3 18 80 0 0 46 10013
2018-10-10T17:43Z 90 6 18 80 0 0 46 10013
2018-10-10T17:48Z 45 3 11 80 0 0 46 10011
2018-10-10T17:53Z 90 4 12 80 0 0 45 10010
2018-10-10T17:58Z 45 4 13 80 0 0 45 10009
2018-10-10T18:03Z 135 4 13 80 0 0 45 10009
2018-10-10T18:08Z 45 3 12 80 0 0 44 10009
2018-10-10T18:13Z 45 3 12 80 0 0 44 10007
2018-10-10T18:18Z 135 0 10 80 0 0 44 10007
2018-10-10T18:23Z 135 2 10 80 0 0 45 10007
2018-10-10T18:28Z 45 3 10 80 0 0 45 10007
2018-10-10T18:33Z 90 3 15 80 0 0 44 10006
2018-10-10T18:39Z 135 0 15 80 0 0 44 10006
2018-10-10T18:44Z 135 6 12 80 0 0 44 10006
2018-10-10T18:49Z 45 3 12 80 0 0 43 10005
2018-10-10T18:54Z 180 0 9 79 0 0 43 10004
2018-10-10T18:59Z 135 2 8 79 0 0 43 10003
2018-10-10T19:04Z 135 1 8 79 0 0 42 10003
2018-10-10T19:09Z 90 0 8 79 0 0 42 10003
2018-10-10T19:14Z 135 3 8 79 0 0 42 10002
2018-10-10T19:19Z 45 0 8 79 0 0 42 10002
2018-10-10T19:24Z 225 0 7 79 0 0 41 10001
2018-10-10T19:29Z 225 0 4 79 0 0 41 10001
2018-10-10T19:34Z 225 0 4 79 0 0 40 10001
2018-10-10T19:39Z 180 0 4 79 0 0 40 10000
2018-10-10T19:45Z 45 0 4 79 0 0 41 10001
2018-10-10T19:50Z 135 0 4 79 0 0 40 10001
2018-10-10T19:55Z 135 0 3 79 0 0 40 10000
2018-10-10T20:00Z 135 0 3 79 0 0 40 10001
2018-10-10T20:05Z 135 0 3 79 0 0 40 10001
2018-10-10T20:10Z 135 0 3 79 0 0 39 10001
2018-10-10T20:15Z 135 0 3 79 0 0 40 10000
2018-10-10T20:20Z 135 1 6 79 0 0 40 10000
2018-10-10T20:25Z 45 1 6 79 0 0 40 10001
2018-10-10T20:30Z 90 0 6 79 0 0 40 10001
2018-10-10T20:35Z 225 0 3 79 0 0 40 10001
2018-10-10T20:40Z 225 0 0 79 0 0 40 10001
2018-10-10T20:46Z 225 0 0 79 0 0 40 10001
2018-10-10T20:51Z 225 1 4 79 0 0 40 10000
2018-10-10T20:56Z 135 0 4 78 0 0 40 10000
2018-10-10T21:01Z 225 1 3 78 0 0 40 10000
2018-10-10T21:06Z 45 2 8 78 0 0 39 10001
2018-10-10T21:11Z 45 1 8 78 0 0 39 10001
2018-10-10T21:16Z 45 3 7 78 0 0 39 10001
2018-10-10T21:21Z 45 3 7 78 0 0 39 10000
2018-10-10T21:26Z 45 3 9 78 0 0 39 10000
2018-10-10T21:31Z 45 3 9 78 0 0 38 10001
2018-10-10T21:36Z 45 3 9 78 0 0 38 10002
2018-10-10T21:41Z 45 3 11 78 0 0 39 10003
2018-10-10T21:46Z 45 4 11 78 0 0 39 10003
2018-10-10T21:52Z 45 4 10 78 0 0 40 10003
2018-10-10T21:57Z 45 3 9 78 0 0 40 10004
2018-10-10T22:02Z 45 3 9 78 0 0 40 10005
2018-10-10T22:07Z 45 3 9 78 0 0 40 10004
2018-10-10T22:12Z 45 3 10 78 0 0 40 10006
2018-10-10T22:17Z 45 3 10 78 0 0 40 10006
2018-10-10T22:22Z 45 3 9 78 0 0 40 10007
2018-10-10T22:27Z 45 3 10 78 0 0 40 10008
2018-10-10T22:32Z 45 2 10 78 0 0 40 10008
2018-10-10T22:37Z 45 3 9 78 0 0 40 10009
2018-10-10T22:42Z 45 0 6 78 0 0 40 10009
2018-10-10T22:47Z 45 2 6 78 0 0 39 10011
2018-10-10T22:53Z 45 3 6 78 0 0 39 10011
2018-10-10T22:58Z 45 4 10 78 0 0 39 10011
2018-10-10T23:03Z 45 4 10 78 0 0 39 10013
2018-10-10T23:08Z 45 3 9 78 0 0 39 10014
2018-10-10T23:13Z 45 3 7 78 0 0 39 10014
2018-10-10T23:18Z 45 3 9 78 0 0 39 10015
2018-10-10T23:25Z 45 3 9 79 0 0 39 10016
2018-10-10T23:30Z 45 1 7 79 0 0 40 10019
2018-10-10T23:35Z 45 3 7 80 0 0 40 10019
2018-10-10T23:40Z 45 0 7 80 0 0 40 10021
2018-10-10T23:45Z 45 0 7 81 0 0 42 10020
2018-10-10T23:50Z 45 0 7 82 0 0 44 10021
2018-10-10T23:55Z 45 0 7 82 0 0 44 10021
2018-10-11T00:00Z 45 2 8 82 0 0 46 10022
2018-10-11T00:05Z 45 2 8 83 0 0 49 10022
2018-10-11T00:10Z 45 2 8 84 0 0 52 10023
2018-10-11T00:16Z 45 3 11 85 0 0 55 10023
2018-10-11T00:21Z 45 0 11 86 0 0 57 10024
2018-10-11T00:26Z 45 3 8 87 0 0 60 10025
2018-10-11T00:31Z 45 3 12 87 0 0 61 10025
2018-10-11T00:36Z 45 2 11 88 0 0 61 10024
2018-10-11T00:41Z 45 3 7 90 0 0 61 10025
2018-10-11T00:46Z 45 1 6 91 0 0 60 10024
2018-10-11T00:51Z 45 2 6 92 0 0 59 10023
2018-10-11T00:56Z 45 0 6 92 0 0 59 10025
2018-10-11T01:01Z 225 2 7 93 0 0 57 10026
2018-10-11T01:06Z 45 0 7 94 0 0 57 10026
2018-10-11T01:11Z 135 0 7 96 0 0 55 10027
2018-10-11T01:17Z 180 0 6 97 0 0 51 10029
2018-10-11T01:22Z 90 0 6 97 0 0 51 10028
2018-10-11T01:27Z 45 2 6 98 0 0 50 10028
2018-10-11T01:32Z 45 0 12 98 0 0 50 10029
2018-10-11T01:37Z 45 2 12 99 0 0 48 10030
2018-10-11T01:45Z 180 1 10 99 0 0 48 10030
2018-10-11T01:50Z 45 4 10 101 0 0 45 10030
2018-10-11T01:55Z 45 3 10 102 0 0 44 10031
2018-10-11T02:00Z 45 0 10 103 0 0 43 10033
2018-10-11T02:05Z 45 1 11 103 0 0 42 10032
2018-10-11T02:10Z 45 0 11 103 0 0 42 10033
2018-10-11T02:15Z 45 0 7 106 0 0 40 10033
2018-10-11T02:20Z 45 0 6 109 0 0 36 10033
2018-10-11T02:25Z 45 3 7 110 0 0 34 10033
2018-10-11T02:30Z 45 0 7 110 0 0 34 10033
2018-10-11T02:36Z 45 2 6 110 0 0 33 10033
2018-10-11T02:41Z 225 0 6 110 0 0 34 10034
2018-10-11T02:46Z 45 1 4 111 0 0 33 10034
2018-10-11T02:51Z 45 0 4 112 0 0 32 10032
2018-10-11T02:56Z 45 0 3 114 0 0 30 10033
2018-10-11T03:01Z 45 0 5 111 0 0 32 10033
2018-10-11T03:06Z 45 1 6 108 0 0 34 10031
2018-10-11T03:11Z 45 3 9 104 0 0 38 10031
2018-10-11T03:16Z 45 4 9 102 0 0 41 10030
2018-10-11T03:21Z 45 0 8 103 0 0 41 10030
2018-10-11T03:26Z 45 0 7 106 0 0 38 10030
2018-10-11T03:31Z 45 0 6 109 0 0 36 10030
2018-10-11T03:37Z 45 0 6 112 0 0 32 10029
2018-10-11T03:42Z 225 0 2 114 0 0 30 10028
2018-10-11T03:47Z 45 0 4 117 0 0 28 10028
2018-10-11T03:52Z 90 0 4 116 0 0 28 10028
2018-10-11T03:57Z 225 0 3 117 0 0 28 10027
2018-10-11T04:02Z 45 1 6 119 0 0 27 10026
2018-10-11T04:07Z 45 0 6 120 0 0 26 10024
2018-10-11T04:12Z 45 0 3 124 0 0 24 10025
2018-10-11T04:17Z 45 0 3 124 0 0 23 10025
2018-10-11T04:22Z 45 0 3 121 0 0 24 10024
2018-10-11T04:27Z 45 0 5 117 0 0 27 10023
2018-10-11T04:32Z 45 0 5 114 0 0 30 10022
2018-10-11T04:40Z 45 0 5 111 0 0 32 10020
2018-10-11T04:45Z 45 0 5 111 0 0 33 10020
2018-10-11T04:50Z 45 2 5 113 0 0 30 10018
2018-10-11T04:56Z 45 0 5 112 0 0 31 10017
2018-10-11T05:01Z 45 0 4 115 0 0 29 10017
2018-10-11T05:06Z 45 0 3 114 0 0 29 10016
2018-10-11T05:11Z 45 0 3 111 0 0 31 10015
2018-10-11T05:16Z 45 0 3 109 0 0 33 10015
2018-10-11T05:21Z 45 0 3 107 0 0 35 10014
2018-10-11T05:26Z 45 0 3 110 0 0 32 10014
2018-10-11T05:34Z 45 0 3 117 0 0 27 10012
2018-10-11T05:39Z 45 0 4 121 0 0 23 10012
2018-10-11T05:44Z 45 0 5 123 0 0 22 10011
2018-10-11T05:49Z 45 1 7 123 0 0 22 10010
2018-10-11T05:54Z 45 0 7 121 0 0 22 10009
2018-10-11T05:59Z 45 2 6 122 0 0 22 10008
2018-10-11T06:04Z 45 2 7 121 0 0 23 10007
2018-10-11T06:10Z 45 2 7 121 0 0 23 10005
2018-10-11T06:15Z 45 4 9 120 0 0 21 10006
2018-10-11T06:20Z 45 0 9 118 0 0 24 10005
2018-10-11T06:28Z 45 0 6 120 0 0 23 10005
2018-10-11T06:33Z 45 1 5 122 0 0 22 10005
2018-10-11T06:38Z 45 1 6 122 0 0 22 10002
2018-10-11T06:43Z 45 0 6 122 0 0 22 10001
2018-10-11T06:48Z 90 2 6 122 0 0 21 10000
2018-10-11T06:53Z 45 2 8 117 0 0 24 9999
2018-10-11T06:58Z 45 2 8 115 0 0 26 9999
2018-10-11T07:03Z 45 2 8 115 0 0 26 9999
2018-10-11T07:08Z 45 2 8 115 0 0 26 9999
2018-10-11T07:13Z 45 2 8 115 0 0 26 9999
2018-10-11T07:18Z 45 2 8 115 0 0 26 9999
2018-10-11T07:23Z 45 2 8 115 0 0 26 9999
2018-10-11T07:28Z 45 2 8 115 0 0 26 9999
2018-10-11T07:33Z 45 2 8 115 0 0 26 9999
2018-10-11T07:38Z 45 2 8 115 0 0 26 9999
2018-10-11T07:43Z 45 2 8 115 0 0 26 9999
2018-10-11T07:48Z 45 2 8 115 0 0 26 9999
2018-10-11T07:53Z 45 2 8 115 0 0 26 9999
2018-10-11T07:58Z 45 2 8 115 0 0 26 9999
2018-10-11T08:03Z 45 2 8 115 0 0 26 9999
2018-10-11T08:08Z 45 2 8 115 0 0 26 9999
2018-10-11T08:13Z 45 2 8 115 0 0 26 9999
2018-10-11T08:17Z 45 0 6 97 0 0 45 9994
2018-10-11T08:22Z 45 0 6 97 0 0 45 9994
2018-10-11T08:27Z 45 2 6 99 0 0 42 9994
2018-10-11T08:33Z 45 1 10 100 0 0 41 9995
2018-10-11T08:38Z 45 0 10 99 0 0 43 9996
2018-10-11T08:43Z 45 1 6 99 0 0 43 9996
2018-10-11T08:48Z 45 0 6 99 0 0 43 9996
2018-10-11T08:53Z 45 0 6 99 0 0 43 9997
2018-10-11T08:58Z 45 3 7 98 0 0 45 9996
2018-10-11T09:03Z 45 1 8 98 0 0 47 9999
2018-10-11T09:09Z 45 3 10 97 0 0 48 9997
2018-10-11T09:14Z 45 0 10 96 0 0 49 9998
2018-10-11T09:19Z 180 5 10 95 0 0 51 9999
2018-10-11T09:24Z 45 9 18 93 0 0 55 9998
2018-10-11T09:29Z 180 10 28 90 0 0 58 9999
2018-10-11T09:34Z 90 10 29 87 0 0 62 9996
2018-10-11T09:40Z 45 19 40 83 1 1 65 9995
2018-10-11T09:49Z 225 18 40 79 7 7 62 10005
2018-10-11T09:54Z 225 19 38 78 20 20 59 10007
2018-10-11T09:59Z 90 9 33 78 40 40 46 10003
2018-10-11T10:04Z 45 6 29 77 41 41 44 0
2018-10-11T10:09Z 45 7 18 78 42 42 42 10002
2018-10-11T10:14Z 90 7 15 78 42 42 42 4584
