2018-11-27T06:38Z 45 2 6 106 0 0 33 10047
2018-11-27T06:43Z 45 0 6 106 0 0 33 10045
2018-11-27T06:48Z 45 1 6 106 0 0 33 10047
2018-11-27T06:54Z 45 1 5 106 0 0 33 10045
2018-11-27T06:59Z 45 0 5 104 0 0 35 10046
2018-11-27T07:04Z 45 2 9 103 0 0 36 10047
2018-11-27T07:09Z 45 1 9 102 0 0 37 10045
2018-11-27T07:14Z 45 1 6 99 0 0 40 10046
2018-11-27T07:19Z 45 1 9 97 0 0 44 10043
2018-11-27T07:24Z 45 2 6 96 0 0 46 10044
2018-11-27T07:29Z 45 0 7 98 0 0 44 10044
2018-11-27T07:34Z 45 1 7 101 0 0 40 10043
2018-11-27T07:39Z 45 0 6 102 0 0 38 10043
2018-11-27T07:44Z 45 1 4 103 0 0 37 10042
2018-11-27T07:49Z 45 0 3 103 0 0 37 10042
2018-11-27T07:54Z 45 1 6 102 0 0 37 10042
2018-11-27T07:59Z 45 1 6 101 0 0 38 10041
2018-11-27T08:04Z 45 2 6 100 0 0 40 10041
2018-11-27T08:09Z 45 1 6 100 0 0 41 10041
2018-11-27T08:15Z 45 2 6 99 0 0 41 10041
2018-11-27T08:20Z 45 1 5 99 0 0 42 10040
2018-11-27T08:25Z 45 0 5 98 0 0 43 10040
2018-11-27T08:30Z 45 1 6 97 0 0 43 10042
2018-11-27T08:35Z 45 1 6 96 0 0 45 10041
2018-11-27T08:40Z 45 1 6 95 0 0 48 10040
2018-11-27T08:45Z 45 2 6 93 0 0 50 10040
2018-11-27T08:50Z 45 1 9 92 0 0 52 10041
2018-11-27T08:55Z 45 2 9 91 0 0 54 10041
2018-11-27T09:00Z 45 1 9 90 0 0 55 10041
2018-11-27T09:05Z 45 2 9 89 0 0 56 10041
2018-11-27T09:10Z 45 3 7 89 0 0 57 10041
2018-11-27T09:15Z 45 3 9 88 0 0 58 10041
2018-11-27T09:20Z 45 2 9 88 0 0 59 10041
2018-11-27T09:25Z 45 5 10 87 0 0 60 10042
2018-11-27T09:30Z 45 2 10 87 0 0 61 10042
2018-11-27T09:36Z 45 3 7 87 0 0 61 10041
2018-11-27T09:41Z 45 3 7 86 0 0 61 10043
2018-11-27T09:46Z 45 3 9 86 0 0 62 10044
2018-11-27T09:51Z 45 3 9 86 0 0 63 10045
2018-11-27T09:56Z 45 1 6 86 0 0 63 10045
2018-11-27T10:01Z 45 0 6 85 0 0 64 10046
2018-11-27T10:06Z 45 2 7 85 0 0 64 10045
2018-11-27T10:11Z 45 3 7 85 0 0 65 10046
2018-11-27T10:16Z 90 2 7 84 0 0 65 10047
2018-11-27T10:21Z 45 1 7 84 0 0 66 10047
2018-11-27T10:26Z 45 1 6 84 0 0 67 10046
2018-11-27T10:31Z 45 0 6 83 0 0 68 10048
2018-11-27T10:36Z 45 0 6 83 0 0 69 10048
2018-11-27T10:41Z 45 0 5 83 0 0 70 10049
2018-11-27T10:46Z 45 1 4 83 0 0 71 10049
2018-11-27T10:51Z 45 1 6 82 0 0 72 10051
2018-11-27T10:56Z 45 1 6 82 0 0 72 10051
2018-11-27T11:02Z 45 1 6 82 0 0 73 10052
2018-11-27T11:07Z 45 2 6 82 0 0 73 10052
2018-11-27T11:12Z 45 3 9 82 0 0 74 10053
2018-11-27T11:17Z 45 3 9 82 0 0 74 10053
2018-11-27T11:22Z 45 1 7 81 0 0 75 10055
2018-11-27T11:27Z 45 0 6 81 0 0 75 10054
2018-11-27T11:32Z 45 0 6 81 0 0 75 10055
2018-11-27T11:37Z 135 2 6 81 0 0 76 10058
2018-11-27T11:42Z 45 2 6 81 0 0 77 10058
2018-11-27T11:47Z 90 0 4 81 0 0 77 10059
2018-11-27T11:52Z 45 1 9 81 0 0 78 10059
2018-11-27T11:57Z 180 1 9 81 0 0 78 10060
2018-11-27T12:02Z 45 2 8 80 0 0 78 10062
2018-11-27T12:07Z 135 2 8 80 0 0 78 10063
2018-11-27T12:12Z 45 1 8 80 0 0 78 10063
2018-11-27T12:17Z 225 1 5 80 0 0 79 10064
2018-11-27T12:23Z 90 1 6 80 0 0 79 10064
2018-11-27T12:28Z 180 2 6 80 0 0 79 10065
2018-11-27T12:33Z 45 2 6 80 0 0 80 10066
2018-11-27T12:38Z 90 0 6 80 0 0 80 10067
2018-11-27T12:43Z 90 0 6 80 0 0 80 10067
2018-11-27T12:48Z 45 1 5 79 0 0 80 10067
2018-11-27T12:53Z 45 0 6 79 0 0 81 10068
2018-11-27T12:58Z 90 0 6 79 0 0 81 10067
2018-11-27T13:03Z 135 2 6 79 0 0 81 10066
2018-11-27T13:08Z 180 1 6 79 0 0 81 10067
2018-11-27T13:13Z 270 0 6 79 0 0 82 10067
2018-11-27T13:18Z 90 2 11 79 0 0 82 10068
2018-11-27T13:23Z 45 2 11 79 0 0 82 10068
2018-11-27T13:28Z 135 2 9 79 0 0 83 10069
2018-11-27T13:33Z 90 1 9 79 0 0 83 10068
2018-11-27T13:38Z 135 1 7 79 0 0 83 10070
2018-11-27T13:44Z 180 0 6 78 0 0 83 10069
2018-11-27T13:49Z 45 0 4 78 0 0 83 10069
2018-11-27T13:54Z 135 3 7 78 0 0 84 10069
2018-11-27T13:59Z 45 1 7 78 0 0 84 10069
2018-11-27T14:04Z 90 1 6 78 0 0 84 10069
2018-11-27T14:09Z 45 2 8 78 0 0 84 10069
2018-11-27T14:14Z 90 2 8 78 0 0 85 10070
2018-11-27T14:19Z 45 1 7 78 0 0 85 10070
2018-11-27T14:24Z 45 0 7 78 0 0 85 10069
2018-11-27T14:29Z 45 1 6 78 0 0 85 10069
2018-11-27T14:34Z 45 1 4 78 0 0 86 10070
2018-11-27T14:39Z 135 0 4 78 0 0 86 10069
2018-11-27T14:44Z 135 0 3 78 0 0 86 10070
2018-11-27T14:49Z 45 1 3 78 0 0 86 10069
2018-11-27T14:54Z 45 1 3 78 0 0 86 10068
2018-11-27T14:59Z 45 1 4 78 0 0 87 10067
2018-11-27T15:04Z 90 0 4 78 0 0 86 10066
2018-11-27T15:10Z 90 0 3 78 0 0 87 10067
2018-11-27T15:15Z 135 0 3 78 0 0 87 10066
2018-11-27T15:20Z 90 0 3 77 0 0 87 10065
2018-11-27T15:25Z 180 0 3 77 0 0 87 10065
2018-11-27T15:30Z 45 0 1 77 0 0 87 10065
2018-11-27T15:35Z 45 0 2 77 0 0 88 10066
2018-11-27T15:40Z 90 0 3 77 0 0 89 10065
2018-11-27T15:45Z 135 0 3 77 0 0 88 10065
2018-11-27T15:50Z 135 0 3 77 0 0 88 10065
2018-11-27T15:55Z 135 0 1 77 0 0 88 10065
2018-11-27T16:00Z 135 0 1 77 0 0 88 10063
2018-11-27T16:05Z 135 0 1 77 0 0 88 10063
2018-11-27T16:10Z 90 0 1 77 0 0 88 10063
2018-11-27T16:15Z 225 0 1 77 0 0 89 10063
2018-11-27T16:20Z 135 0 1 76 0 0 89 10063
2018-11-27T16:25Z 45 0 1 76 0 0 89 10063
2018-11-27T16:31Z 90 0 1 76 0 0 89 10064
2018-11-27T16:36Z 90 0 2 76 0 0 90 10063
2018-11-27T16:41Z 135 0 2 76 0 0 89 10064
2018-11-27T16:46Z 135 0 1 76 0 0 90 10063
2018-11-27T16:51Z 45 0 1 76 0 0 89 10062
2018-11-27T16:56Z 180 0 0 76 0 0 90 10063
2018-11-27T17:01Z 135 0 0 76 0 0 90 10062
2018-11-27T17:06Z 135 0 1 76 0 0 90 10063
2018-11-27T17:11Z 45 1 2 76 0 0 90 10062
2018-11-27T17:16Z 135 0 3 76 0 0 90 10062
2018-11-27T17:21Z 135 0 3 76 0 0 90 10061
2018-11-27T17:26Z 90 0 2 77 0 0 90 10060
2018-11-27T17:31Z 90 0 2 76 0 0 90 10059
2018-11-27T17:36Z 45 0 2 76 0 0 90 10060
2018-11-27T17:41Z 45 0 2 76 0 0 90 10059
2018-11-27T17:46Z 45 0 1 76 0 0 90 10059
2018-11-27T17:52Z 45 0 3 76 0 0 91 10059
2018-11-27T17:57Z 45 0 3 76 0 0 90 10059
2018-11-27T18:02Z 45 0 2 76 0 0 91 10059
2018-11-27T18:07Z 45 0 2 76 0 0 91 10059
2018-11-27T18:12Z 45 0 2 76 0 0 91 10057
2018-11-27T18:17Z 45 0 3 76 0 0 91 10055
2018-11-27T18:22Z 45 0 3 76 0 0 91 10055
2018-11-27T18:27Z 45 0 2 76 0 0 91 10055
2018-11-27T18:32Z 45 0 2 76 0 0 91 10055
2018-11-27T18:37Z 45 0 2 76 0 0 91 10055
2018-11-27T18:42Z 45 0 2 76 0 0 91 10055
2018-11-27T18:47Z 45 0 2 75 0 0 91 10054
2018-11-27T18:52Z 45 0 2 75 0 0 91 10053
2018-11-27T18:57Z 45 0 2 75 0 0 91 10052
2018-11-27T19:02Z 45 0 2 75 0 0 91 10052
2018-11-27T19:07Z 45 0 1 75 0 0 91 10052
2018-11-27T19:12Z 45 0 1 75 0 0 91 10052
2018-11-27T19:18Z 45 0 1 75 0 0 91 10052
2018-11-27T19:23Z 45 0 1 75 0 0 91 10051
2018-11-27T19:28Z 225 0 0 75 0 0 91 10052
2018-11-27T19:33Z 225 0 0 75 0 0 91 10051
2018-11-27T19:38Z 225 0 0 75 0 0 91 10050
2018-11-27T19:43Z 225 0 1 75 0 0 92 10052
2018-11-27T19:48Z 225 1 3 75 0 0 92 10052
2018-11-27T19:53Z 90 0 3 75 0 0 92 10051
2018-11-27T19:58Z 180 0 3 75 0 0 92 10051
2018-11-27T20:03Z 45 0 3 75 0 0 92 10052
2018-11-27T20:08Z 180 0 2 75 0 0 92 10051
2018-11-27T20:13Z 180 0 3 75 0 0 92 10050
2018-11-27T20:18Z 180 0 3 75 0 0 92 10052
2018-11-27T20:23Z 180 0 3 75 0 0 92 10051
2018-11-27T20:28Z 180 0 3 75 0 0 92 10051
2018-11-27T20:33Z 180 0 3 75 0 0 92 10050
2018-11-27T20:39Z 135 0 3 75 0 0 92 10051
2018-11-27T20:44Z 180 0 3 75 0 0 92 10050
2018-11-27T20:49Z 135 0 2 75 0 0 92 10052
2018-11-27T20:54Z 225 0 2 75 0 0 92 10052
2018-11-27T20:59Z 225 0 2 75 0 0 92 10052
2018-11-27T21:04Z 225 1 2 75 0 0 92 10051
2018-11-27T21:09Z 225 0 3 75 0 0 92 10053
2018-11-27T21:14Z 225 0 3 75 0 0 92 10054
2018-11-27T21:19Z 225 0 2 75 0 0 92 10055
2018-11-27T21:24Z 225 0 2 75 0 0 91 10053
2018-11-27T21:29Z 180 0 2 75 0 0 91 10053
2018-11-27T21:34Z 180 0 1 75 0 0 91 10054
2018-11-27T21:39Z 225 0 1 75 0 0 91 10053
2018-11-27T21:44Z 225 0 0 75 0 0 90 10052
2018-11-27T21:49Z 225 0 0 75 0 0 90 10052
2018-11-27T21:54Z 225 0 0 75 0 0 90 10052
2018-11-27T21:59Z 225 0 0 75 0 0 90 10052
2018-11-27T22:04Z 225 0 1 75 0 0 90 10051
2018-11-27T22:09Z 225 0 1 75 0 0 90 10052
2018-11-27T22:14Z 45 0 1 75 0 0 90 10053
2018-11-27T22:19Z 90 0 1 75 0 0 90 10054
2018-11-27T22:24Z 90 0 1 75 0 0 91 10053
2018-11-27T22:29Z 90 0 1 75 0 0 91 10054
2018-11-27T22:34Z 90 0 0 75 0 0 91 10054
2018-11-27T22:40Z 90 0 0 75 0 0 91 10055
2018-11-27T22:45Z 90 0 0 75 0 0 91 10055
2018-11-27T22:50Z 90 0 0 75 0 0 91 10056
2018-11-27T22:55Z 90 0 0 75 0 0 91 10056
2018-11-27T23:00Z 90 0 0 75 0 0 91 10057
2018-11-27T23:05Z 90 0 1 75 0 0 92 10059
2018-11-27T23:10Z 180 0 1 75 0 0 91 10060
2018-11-27T23:15Z 225 0 1 75 0 0 91 10061
2018-11-27T23:20Z 135 0 1 75 0 0 91 10061
2018-11-27T23:25Z 180 0 1 75 0 0 91 10062
2018-11-27T23:30Z 225 0 1 75 0 0 91 10063
2018-11-27T23:35Z 135 0 1 76 0 0 91 10064
2018-11-27T23:40Z 225 0 1 76 0 0 91 10065
2018-11-27T23:45Z 180 0 1 76 0 0 90 10066
2018-11-27T23:50Z 225 0 1 77 0 0 90 10068
2018-11-27T23:55Z 90 0 1 77 0 0 89 10067
2018-11-28T00:01Z 180 0 1 78 0 0 87 10066
2018-11-28T00:06Z 180 0 2 78 0 0 86 10067
2018-11-28T00:11Z 225 0 2 79 0 0 85 10066
2018-11-28T00:16Z 45 0 2 80 0 0 84 10067
2018-11-28T00:21Z 45 0 2 81 0 0 82 10067
2018-11-28T00:26Z 45 0 2 81 0 0 80 10067
2018-11-28T00:31Z 90 0 2 82 0 0 79 10068
2018-11-28T00:36Z 45 0 2 83 0 0 76 10067
2018-11-28T00:41Z 45 0 2 84 0 0 75 10068
2018-11-28T00:46Z 45 0 2 85 0 0 75 10070
2018-11-28T00:51Z 45 0 2 87 0 0 70 10069
2018-11-28T00:56Z 45 0 2 88 0 0 68 10070
2018-11-28T01:01Z 45 0 2 88 0 0 66 10071
2018-11-28T01:06Z 45 0 2 89 0 0 63 10072
2018-11-28T01:11Z 45 0 2 90 0 0 62 10073
2018-11-28T01:16Z 45 0 2 92 0 0 60 10073
2018-11-28T01:21Z 45 0 2 93 0 0 58 10074
2018-11-28T01:27Z 45 0 1 95 0 0 52 10073
2018-11-28T01:32Z 45 0 1 97 0 0 52 10073
2018-11-28T01:37Z 45 0 2 98 0 0 48 10071
2018-11-28T01:42Z 45 0 3 97 0 0 49 10069
2018-11-28T01:47Z 45 0 3 98 0 0 50 10074
2018-11-28T01:52Z 45 1 3 98 0 0 46 10074
2018-11-28T01:57Z 135 2 4 99 0 0 45 10073
2018-11-28T02:02Z 180 0 4 98 0 0 46 10069
2018-11-28T02:07Z 135 0 4 98 0 0 46 10072
2018-11-28T02:12Z 225 0 3 98 0 0 45 10070
2018-11-28T02:17Z 45 0 3 99 0 0 46 10067
2018-11-28T02:22Z 45 0 3 100 0 0 44 10072
2018-11-28T02:27Z 135 1 3 100 0 0 43 10070
2018-11-28T02:35Z 45 0 4 102 0 0 42 10071
2018-11-28T02:40Z 45 0 3 104 0 0 39 10071
2018-11-28T02:45Z 45 2 4 106 0 0 36 10068
2018-11-28T02:50Z 45 0 4 106 0 0 36 10069
2018-11-28T02:55Z 45 1 4 105 0 0 35 10065
2018-11-28T03:00Z 135 0 4 101 0 0 41 10060
2018-11-28T03:05Z 45 0 4 99 0 0 43 10060
2018-11-28T03:10Z 45 1 3 97 0 0 45 10057
2018-11-28T03:15Z 45 0 3 95 0 0 48 10056
2018-11-28T03:20Z 45 0 3 94 0 0 50 10060
2018-11-28T03:26Z 180 0 1 96 0 0 48 10065
2018-11-28T03:31Z 45 0 3 99 0 0 45 10067
2018-11-28T03:36Z 45 0 3 103 0 0 40 10067
2018-11-28T03:41Z 45 0 3 108 0 0 34 10067
2018-11-28T03:46Z 45 0 2 111 0 0 31 10065
2018-11-28T03:51Z 45 0 2 115 0 0 28 10062
2018-11-28T03:56Z 45 1 6 115 0 0 27 10059
2018-11-28T04:01Z 45 2 6 111 0 0 29 10055
2018-11-28T04:06Z 45 2 6 110 0 0 31 10058
2018-11-28T04:11Z 45 1 6 111 0 0 30 10056
2018-11-28T04:16Z 45 1 6 109 0 0 31 10053
2018-11-28T04:21Z 45 0 6 110 0 0 31 10056
2018-11-28T04:26Z 45 0 4 111 0 0 30 10055
2018-11-28T04:31Z 45 0 4 113 0 0 28 10056
2018-11-28T04:36Z 45 1 4 115 0 0 27 10053
2018-11-28T04:41Z 45 1 4 113 0 0 28 10047
2018-11-28T04:47Z 45 0 4 108 0 0 31 10044
2018-11-28T04:52Z 45 1 4 104 0 0 35 10045
2018-11-28T04:57Z 45 0 4 102 0 0 37 10047
2018-11-28T05:02Z 45 0 3 104 0 0 36 10052
2018-11-28T05:07Z 45 0 1 106 0 0 34 10047
2018-11-28T05:12Z 45 0 3 106 0 0 32 10044
2018-11-28T05:17Z 45 0 3 107 0 0 33 10045
2018-11-28T05:22Z 45 0 3 107 0 0 32 10045
2018-11-28T05:27Z 45 2 7 107 0 0 33 10040
2018-11-28T05:32Z 45 3 7 104 0 0 36 10035
2018-11-28T05:37Z 45 3 6 101 0 0 39 10036
2018-11-28T05:42Z 45 3 6 99 0 0 42 10039
2018-11-28T05:47Z 45 1 6 100 0 0 42 10039
2018-11-28T05:52Z 45 1 7 99 0 0 42 10033
2018-11-28T05:57Z 45 1 7 97 0 0 44 10034
2018-11-28T06:02Z 180 0 6 95 0 0 47 10033
2018-11-28T06:08Z 45 0 4 95 0 0 48 10035
2018-11-28T06:13Z 45 0 1 94 0 0 48 10034
2018-11-28T06:18Z 180 0 1 94 0 0 49 10033
2018-11-28T06:23Z 135 0 1 94 0 0 49 10035
2018-11-28T06:28Z 90 0 1 94 0 0 50 10036
2018-11-28T06:33Z 45 0 3 95 0 0 49 10034
2018-11-28T06:38Z 225 0 3 95 0 0 48 10033
2018-11-28T06:43Z 45 0 3 96 0 0 47 10031
2018-11-28T06:48Z 225 0 1 97 0 0 47 10034
2018-11-28T06:53Z 45 0 2 99 0 0 44 10035
2018-11-28T06:58Z 45 0 2 102 0 0 41 10035
2018-11-28T07:03Z 45 0 2 105 0 0 37 10030
2018-11-28T07:08Z 45 0 2 105 0 0 36 10027
2018-11-28T07:13Z 45 0 3 104 0 0 37 10027
2018-11-28T07:18Z 45 0 3 103 0 0 38 10026
2018-11-28T07:23Z 45 1 4 101 0 0 40 10027
2018-11-28T07:28Z 45 0 4 101 0 0 41 10028
2018-11-28T07:34Z 45 1 4 100 0 0 43 10025
2018-11-28T07:39Z 45 1 6 99 0 0 44 10026
2018-11-28T07:44Z 45 0 6 98 0 0 46 10024
2018-11-28T07:49Z 45 0 6 97 0 0 47 10024
2018-11-28T07:54Z 45 1 6 96 0 0 48 10023
2018-11-28T07:59Z 45 0 6 95 0 0 49 10024
2018-11-28T08:04Z 45 0 6 95 0 0 50 10025
2018-11-28T08:09Z 45 0 4 95 0 0 48 10028
2018-11-28T08:14Z 45 0 4 96 0 0 47 10028
2018-11-28T08:19Z 45 0 4 97 0 0 46 10027
2018-11-28T08:24Z 45 0 3 97 0 0 46 10024
2018-11-28T08:29Z 45 0 4 96 0 0 47 10022
2018-11-28T08:34Z 45 0 4 95 0 0 48 10022
2018-11-28T08:39Z 45 0 3 94 0 0 48 10022
2018-11-28T08:44Z 45 0 3 94 0 0 51 10023
2018-11-28T08:49Z 45 0 3 93 0 0 51 10024
2018-11-28T08:55Z 45 0 3 93 0 0 52 10025
2018-11-28T09:00Z 45 0 3 93 0 0 52 10027
2018-11-28T09:05Z 45 0 3 93 0 0 52 10024
2018-11-28T09:10Z 45 0 3 93 0 0 54 10021
2018-11-28T09:15Z 45 0 3 91 0 0 56 10016
2018-11-28T09:20Z 45 1 6 89 0 0 60 10015
2018-11-28T09:25Z 225 0 6 87 0 0 62 10018
2018-11-28T09:30Z 180 1 4 86 0 0 66 10021
2018-11-28T09:35Z 135 3 7 85 0 0 66 10023
2018-11-28T09:40Z 135 1 7 85 0 0 67 10023
2018-11-28T09:45Z 135 0 5 84 0 0 69 10024
2018-11-28T09:50Z 135 0 5 84 0 0 68 10024
2018-11-28T09:55Z 45 0 3 84 0 0 69 10026
2018-11-28T10:00Z 225 0 1 84 0 0 70 10027
2018-11-28T10:05Z 225 0 0 84 0 0 70 10027
2018-11-28T10:10Z 45 0 0 84 0 0 70 10029
2018-11-28T10:16Z 45 0 1 84 0 0 71 10030
2018-11-28T10:21Z 180 0 1 83 0 0 70 10030
2018-11-28T10:26Z 45 0 1 83 0 0 71 10029
2018-11-28T10:31Z 45 0 5 83 0 0 71 10030
2018-11-28T10:36Z 45 0 5 83 0 0 71 10030
2018-11-28T10:41Z 315 0 1 83 0 0 71 10031
2018-11-28T10:46Z 45 0 3 83 0 0 71 10031
2018-11-28T10:51Z 90 0 3 82 0 0 71 10029
2018-11-28T10:56Z 180 0 3 82 0 0 71 10031
2018-11-28T11:01Z 225 0 3 82 0 0 72 10033
2018-11-28T11:06Z 225 0 1 82 0 0 72 10034
2018-11-28T11:11Z 180 0 1 82 0 0 73 10034
2018-11-28T11:16Z 225 0 1 82 0 0 73 10036
2018-11-28T11:21Z 180 0 1 82 0 0 74 10035
2018-11-28T11:26Z 225 0 1 82 0 0 74 10038
2018-11-28T11:31Z 180 0 2 81 0 0 74 10039
2018-11-28T11:36Z 180 0 3 81 0 0 75 10040
2018-11-28T11:42Z 135 0 3 81 0 0 75 10040
2018-11-28T11:47Z 180 0 3 81 0 0 75 10041
2018-11-28T11:52Z 45 1 3 81 0 0 75 10042
2018-11-28T11:57Z 180 0 3 81 0 0 75 10042
2018-11-28T12:02Z 45 0 3 81 0 0 75 10043
2018-11-28T12:07Z 45 0 4 81 0 0 75 10044
2018-11-28T12:12Z 135 1 4 81 0 0 75 10045
2018-11-28T12:17Z 45 1 4 81 0 0 74 10047
2018-11-28T12:22Z 45 0 4 81 0 0 75 10047
2018-11-28T12:27Z 180 0 3 81 0 0 75 10048
2018-11-28T12:32Z 45 0 3 81 0 0 75 10049
2018-11-28T12:37Z 180 0 3 80 0 0 75 10049
2018-11-28T12:42Z 45 0 3 80 0 0 75 10048
2018-11-28T12:47Z 45 0 3 80 0 0 76 10050
2018-11-28T12:52Z 225 0 3 80 0 0 76 10051
2018-11-28T12:57Z 45 0 3 80 0 0 76 10053
2018-11-28T13:03Z 90 0 3 80 0 0 76 10053
2018-11-28T13:08Z 45 0 3 80 0 0 76 10053
2018-11-28T13:13Z 180 0 3 80 0 0 76 10055
2018-11-28T13:18Z 225 0 3 80 0 0 76 10056
2018-11-28T13:23Z 135 0 3 80 0 0 77 10055
2018-11-28T13:28Z 45 0 3 80 0 0 77 10056
2018-11-28T13:33Z 135 0 3 80 0 0 77 10056
2018-11-28T13:38Z 45 0 3 80 0 0 77 10056
2018-11-28T13:43Z 180 0 3 80 0 0 78 10055
2018-11-28T13:48Z 90 0 1 80 0 0 78 10055
2018-11-28T13:53Z 180 0 1 80 0 0 78 10056
2018-11-28T13:58Z 315 0 1 80 0 0 79 10056
2018-11-28T14:03Z 225 0 1 79 0 0 79 10055
2018-11-28T14:08Z 225 0 1 79 0 0 79 10055
2018-11-28T14:13Z 225 0 1 79 0 0 80 10056
2018-11-28T14:18Z 225 0 2 79 0 0 80 10057
2018-11-28T14:24Z 180 0 2 79 0 0 80 10057
2018-11-28T14:29Z 180 0 3 79 0 0 81 10056
2018-11-28T14:34Z 225 0 3 79 0 0 80 10058
2018-11-28T14:39Z 180 0 1 79 0 0 81 10058
2018-11-28T14:44Z 180 0 2 79 0 0 81 10057
2018-11-28T14:49Z 45 0 2 79 0 0 81 10057
2018-11-28T14:54Z 225 0 1 79 0 0 81 10056
2018-11-28T14:59Z 45 0 1 79 0 0 81 10057
2018-11-28T15:04Z 225 0 1 79 0 0 82 10057
2018-11-28T15:09Z 180 0 3 79 0 0 82 10057
2018-11-28T15:14Z 225 0 3 79 0 0 82 10059
2018-11-28T15:19Z 225 0 3 79 0 0 81 10058
2018-11-28T15:24Z 180 0 3 79 0 0 81 10059
2018-11-28T15:29Z 135 0 3 79 0 0 81 10059
2018-11-28T15:34Z 180 0 3 79 0 0 81 10059
2018-11-28T15:39Z 180 0 3 79 0 0 80 10057
2018-11-28T15:44Z 225 0 2 80 0 0 80 10058
2018-11-28T15:50Z 225 0 1 80 0 0 80 10057
2018-11-28T15:55Z 180 0 2 80 0 0 80 10057
2018-11-28T16:00Z 180 0 2 80 0 0 80 10057
2018-11-28T16:05Z 180 0 2 80 0 0 80 10058
2018-11-28T16:10Z 225 0 3 80 0 0 80 10056
2018-11-28T16:15Z 45 0 3 80 0 0 80 10057
2018-11-28T16:20Z 45 0 1 79 0 0 80 10056
2018-11-28T16:25Z 225 0 1 79 0 0 80 10056
2018-11-28T16:30Z 225 0 1 79 0 0 80 10054
2018-11-28T16:35Z 180 0 1 79 0 0 80 10054
2018-11-28T16:40Z 225 0 1 79 0 0 80 10054
2018-11-28T16:45Z 45 0 2 79 0 0 80 10055
2018-11-28T16:50Z 135 0 2 79 0 0 80 10054
2018-11-28T16:55Z 90 0 1 79 0 0 80 10053
2018-11-28T17:00Z 315 0 1 79 0 0 80 10053
2018-11-28T17:05Z 315 0 1 79 0 0 80 10053
2018-11-28T17:10Z 315 0 1 79 0 0 80 10053
2018-11-28T17:15Z 315 0 1 79 0 0 80 10052
2018-11-28T17:20Z 135 0 1 79 0 0 80 10051
2018-11-28T17:25Z 180 0 1 79 0 0 80 10052
2018-11-28T17:30Z 225 0 1 79 0 0 80 10050
2018-11-28T17:35Z 270 0 0 79 0 0 81 10050
2018-11-28T17:40Z 270 0 0 79 0 0 81 10051
2018-11-28T17:45Z 0 0 0 79 0 0 81 10051
2018-11-28T17:51Z 0 0 0 78 0 0 81 10051
2018-11-28T17:56Z 135 0 2 78 0 0 81 10050
2018-11-28T18:01Z 180 0 2 78 0 0 81 10051
2018-11-28T18:06Z 135 0 3 78 0 0 81 10051
2018-11-28T18:11Z 135 1 3 78 0 0 81 10051
2018-11-28T18:16Z 90 1 4 78 0 0 81 10049
2018-11-28T18:21Z 90 1 4 78 0 0 80 10050
2018-11-28T18:26Z 90 1 4 78 0 0 80 10051
2018-11-28T18:31Z 45 0 4 78 0 0 80 10051
2018-11-28T18:36Z 45 0 4 78 0 0 80 10050
2018-11-28T18:41Z 45 0 3 78 0 0 81 10050
2018-11-28T18:46Z 45 0 3 78 0 0 81 10051
2018-11-28T18:51Z 45 0 2 78 0 0 81 10050
2018-11-28T18:56Z 135 0 3 78 0 0 81 10049
2018-11-28T19:01Z 180 0 3 78 0 0 81 10047
2018-11-28T19:06Z 180 0 3 78 0 0 81 10049
2018-11-28T19:12Z 180 0 3 78 0 0 81 10048
2018-11-28T19:17Z 180 0 2 78 0 0 81 10047
2018-11-28T19:22Z 180 0 1 78 0 0 80 10048
2018-11-28T19:27Z 180 0 1 78 0 0 80 10047
2018-11-28T19:32Z 180 0 0 78 0 0 81 10047
2018-11-28T19:37Z 180 0 1 78 0 0 81 10047
2018-11-28T19:42Z 180 0 1 78 0 0 81 10048
2018-11-28T19:47Z 45 0 2 78 0 0 81 10048
2018-11-28T19:52Z 45 0 2 78 0 0 81 10047
2018-11-28T19:57Z 45 0 1 78 0 0 81 10046
2018-11-28T20:02Z 45 0 1 78 0 0 81 10046
2018-11-28T20:07Z 45 0 1 78 0 0 81 10046
2018-11-28T20:12Z 45 0 1 78 0 0 82 10047
2018-11-28T20:17Z 270 0 1 78 0 0 81 10047
2018-11-28T20:22Z 45 0 3 78 0 0 81 10047
2018-11-28T20:27Z 45 0 3 78 0 0 81 10047
2018-11-28T20:33Z 135 0 3 78 0 0 81 10048
2018-11-28T20:38Z 0 0 1 78 0 0 81 10047
2018-11-28T20:43Z 0 0 1 78 0 0 81 10046
2018-11-28T20:48Z 0 0 1 78 0 0 82 10047
2018-11-28T20:53Z 0 0 1 78 0 0 82 10047
2018-11-28T20:58Z 0 0 1 78 0 0 82 10046
2018-11-28T21:03Z 0 0 2 78 0 0 83 10047
2018-11-28T21:08Z 0 0 2 78 0 0 83 10048
2018-11-28T21:13Z 0 0 1 78 0 0 84 10048
2018-11-28T21:18Z 0 0 1 78 0 0 84 10048
2018-11-28T21:23Z 0 0 1 78 0 0 84 10048
2018-11-28T21:28Z 0 0 1 77 0 0 84 10048
2018-11-28T21:33Z 0 0 3 77 0 0 85 10049
2018-11-28T21:38Z 0 0 3 77 0 0 86 10051
2018-11-28T21:43Z 0 0 1 77 0 0 86 10050
2018-11-28T21:48Z 45 0 2 77 0 0 86 10051
2018-11-28T21:53Z 45 0 2 77 0 0 87 10050
2018-11-28T21:59Z 180 0 3 77 0 0 87 10052
2018-11-28T22:04Z 180 0 3 77 0 0 87 10053
2018-11-28T22:09Z 180 0 3 77 0 0 87 10053
2018-11-28T22:14Z 45 0 3 77 0 0 87 10056
2018-11-28T22:19Z 45 0 3 77 0 0 87 10055
2018-11-28T22:24Z 45 0 3 77 0 0 88 10056
2018-11-28T22:29Z 45 0 3 77 0 0 88 10057
2018-11-28T22:34Z 45 0 2 77 0 0 88 10058
2018-11-28T22:39Z 90 0 3 77 0 0 88 10056
2018-11-28T22:44Z 45 0 3 77 0 0 88 10058
2018-11-28T22:49Z 45 0 3 77 0 0 88 10058
2018-11-28T22:54Z 225 0 2 77 0 0 88 10059
2018-11-28T22:59Z 225 0 1 77 0 0 87 10060
2018-11-28T23:04Z 225 0 1 77 0 0 87 10061
2018-11-28T23:09Z 225 0 1 77 0 0 87 10061
2018-11-28T23:14Z 225 0 1 77 0 0 87 10062
2018-11-28T23:19Z 270 0 2 77 0 0 87 10062
2018-11-28T23:24Z 225 0 2 77 0 0 86 10062
2018-11-28T23:29Z 270 0 2 77 0 0 86 10066
2018-11-28T23:34Z 270 0 0 78 0 0 86 10069
2018-11-28T23:39Z 270 0 0 79 0 0 85 10070
2018-11-28T23:44Z 270 0 0 80 0 0 84 10071
2018-11-28T23:49Z 270 0 0 81 0 0 84 10070
2018-11-28T23:55Z 270 0 0 82 0 0 82 10070
2018-11-29T00:00Z 270 0 0 82 0 0 80 10070
2018-11-29T00:05Z 135 0 1 83 0 0 79 10070
2018-11-29T00:10Z 90 0 1 84 0 0 75 10068
2018-11-29T00:15Z 90 0 2 84 0 0 75 10066
2018-11-29T00:20Z 135 0 3 84 0 0 74 10071
2018-11-29T00:25Z 90 0 3 85 0 0 72 10073
2018-11-29T00:30Z 180 0 3 86 0 0 74 10076
2018-11-29T00:35Z 45 0 3 87 0 0 70 10075
2018-11-29T00:40Z 45 0 3 88 0 0 68 10076
2018-11-29T00:45Z 90 0 3 88 0 0 66 10071
2018-11-29T00:50Z 135 1 3 88 0 0 65 10072
2018-11-29T00:55Z 45 0 3 89 0 0 65 10076
2018-11-29T01:00Z 45 0 3 89 0 0 64 10072
2018-11-29T01:05Z 45 0 3 89 0 0 63 10070
2018-11-29T01:10Z 45 0 3 89 0 0 63 10067
2018-11-29T01:15Z 45 0 5 89 0 0 65 10075
2018-11-29T01:21Z 45 0 5 89 0 0 64 10073
2018-11-29T01:26Z 45 0 4 89 0 0 62 10074
2018-11-29T01:31Z 45 0 4 90 0 0 62 10070
2018-11-29T01:36Z 45 0 3 90 0 0 61 10079
2018-11-29T01:41Z 45 1 5 92 0 0 57 10082
2018-11-29T01:46Z 45 1 6 94 0 0 53 10082
2018-11-29T01:51Z 45 0 6 96 0 0 50 10082
2018-11-29T01:56Z 45 0 5 98 0 0 48 10081
2018-11-29T02:01Z 45 0 5 100 0 0 45 10079
2018-11-29T02:06Z 45 1 4 102 0 0 42 10080
2018-11-29T02:11Z 45 0 4 102 0 0 42 10077
2018-11-29T02:16Z 45 0 4 101 0 0 41 10074
2018-11-29T02:21Z 45 0 4 102 0 0 42 10077
2018-11-29T02:26Z 45 1 4 103 0 0 41 10075
2018-11-29T02:31Z 45 2 6 104 0 0 38 10074
2018-11-29T02:36Z 45 1 6 104 0 0 37 10075
2018-11-29T02:42Z 45 0 5 104 0 0 38 10074
2018-11-29T02:47Z 45 0 4 105 0 0 37 10075
2018-11-29T02:52Z 45 3 9 104 0 0 37 10070
2018-11-29T02:57Z 45 3 9 103 0 0 37 10068
2018-11-29T03:02Z 45 2 8 101 0 0 39 10070
2018-11-29T03:07Z 45 2 7 102 0 0 39 10068
2018-11-29T03:12Z 45 3 9 102 0 0 38 10068
2018-11-29T03:17Z 90 2 10 101 0 0 40 10066
2018-11-29T03:22Z 90 3 10 99 0 0 40 10062
2018-11-29T03:27Z 45 1 9 99 0 0 42 10064
2018-11-29T03:32Z 45 4 7 99 0 0 42 10065
2018-11-29T03:37Z 45 5 9 100 0 0 40 10062
2018-11-29T03:42Z 45 3 13 101 0 0 39 10059
2018-11-29T03:47Z 45 4 13 100 0 0 40 10059
2018-11-29T03:52Z 45 3 9 99 0 0 40 10056
2018-11-29T03:57Z 45 0 7 99 0 0 42 10065
2018-11-29T04:02Z 45 3 9 100 0 0 40 10059
2018-11-29T04:08Z 45 4 10 99 0 0 40 10059
2018-11-29T04:13Z 45 2 10 100 0 0 41 10064
2018-11-29T04:18Z 45 1 6 103 0 0 37 10062
2018-11-29T04:23Z 45 3 9 105 0 0 35 10057
2018-11-29T04:28Z 45 0 9 106 0 0 34 10056
2018-11-29T04:33Z 45 0 3 108 0 0 33 10059
2018-11-29T04:38Z 90 1 7 107 0 0 32 10056
2018-11-29T04:43Z 45 3 9 107 0 0 33 10054
2018-11-29T04:48Z 45 0 9 107 0 0 33 10049
2018-11-29T04:53Z 45 1 7 106 0 0 33 10047
2018-11-29T04:58Z 45 1 4 105 0 0 35 10049
2018-11-29T05:03Z 45 0 6 106 0 0 34 10052
2018-11-29T05:08Z 45 1 6 107 0 0 32 10045
2018-11-29T05:13Z 45 0 3 106 0 0 35 10048
2018-11-29T05:18Z 45 1 3 108 0 0 32 10050
2018-11-29T05:23Z 45 2 5 110 0 0 30 10047
2018-11-29T05:29Z 45 4 9 109 0 0 31 10038
2018-11-29T05:34Z 45 1 9 105 0 0 34 10037
2018-11-29T05:39Z 45 3 7 104 0 0 36 10041
2018-11-29T05:44Z 45 3 7 104 0 0 35 10043
2018-11-29T05:49Z 45 2 7 106 0 0 33 10045
2018-11-29T05:54Z 45 0 7 107 0 0 32 10047
2018-11-29T05:59Z 45 0 5 108 0 0 31 10039
2018-11-29T06:04Z 45 0 5 109 0 0 30 10042
2018-11-29T06:09Z 45 1 3 112 0 0 29 10044
2018-11-29T06:14Z 45 0 3 113 0 0 27 10046
2018-11-29T06:19Z 45 1 6 112 0 0 28 10038
2018-11-29T06:24Z 45 1 6 110 0 0 29 10032
2018-11-29T06:29Z 45 0 4 107 0 0 31 10030
2018-11-29T06:34Z 90 0 4 105 0 0 34 10033
2018-11-29T06:39Z 45 0 4 105 0 0 35 10041
2018-11-29T06:44Z 45 0 3 108 0 0 32 10042
2018-11-29T06:50Z 45 1 6 111 0 0 29 10041
2018-11-29T06:55Z 45 1 7 112 0 0 28 10034
2018-11-29T07:00Z 45 2 7 112 0 0 29 10037
2018-11-29T07:05Z 45 3 9 109 0 0 31 10033
2018-11-29T07:10Z 45 1 9 107 0 0 33 10033
2018-11-29T07:15Z 45 1 9 108 0 0 31 10033
2018-11-29T07:20Z 45 0 6 109 0 0 30 10033
2018-11-29T07:25Z 45 1 4 110 0 0 29 10033
2018-11-29T07:30Z 45 3 10 109 0 0 29 10026
2018-11-29T07:35Z 45 3 10 107 0 0 30 10026
2018-11-29T07:40Z 45 2 6 107 0 0 31 10027
2018-11-29T07:45Z 45 4 10 105 0 0 32 10026
2018-11-29T07:50Z 45 6 15 103 0 0 33 10022
2018-11-29T07:55Z 90 4 15 100 0 0 36 10020
2018-11-29T08:00Z 45 0 10 100 0 0 37 10024
2018-11-29T08:05Z 45 2 6 101 0 0 36 10028
2018-11-29T08:10Z 45 3 9 101 0 0 36 10022
2018-11-29T08:16Z 90 3 9 98 0 0 39 10019
2018-11-29T08:21Z 90 0 10 98 0 0 40 10024
2018-11-29T08:26Z 45 2 10 98 0 0 39 10024
2018-11-29T08:31Z 45 3 7 97 0 0 41 10024
2018-11-29T08:36Z 90 2 7 96 0 0 42 10025
2018-11-29T08:41Z 45 3 7 96 0 0 43 10022
2018-11-29T08:46Z 45 1 7 96 0 0 44 10022
2018-11-29T08:51Z 90 2 10 95 0 0 46 10021
2018-11-29T08:56Z 135 5 10 93 0 0 47 10020
2018-11-29T09:01Z 45 3 9 93 0 0 49 10022
2018-11-29T09:06Z 45 0 9 92 0 0 48 10025
2018-11-29T09:14Z 180 0 4 92 0 0 49 10028
2018-11-29T09:19Z 45 2 7 93 0 0 50 10029
2018-11-29T09:24Z 45 1 7 93 0 0 51 10027
2018-11-29T09:29Z 45 2 7 93 0 0 51 10027
2018-11-29T09:34Z 45 2 7 92 0 0 51 10028
2018-11-29T09:39Z 45 3 7 92 0 0 53 10025
2018-11-29T09:44Z 45 1 6 91 0 0 54 10027
2018-11-29T09:49Z 45 0 6 91 0 0 55 10027
2018-11-29T09:54Z 45 0 6 90 0 0 55 10028
2018-11-29T09:59Z 45 2 6 90 0 0 56 10028
2018-11-29T10:04Z 45 1 6 89 0 0 57 10028
2018-11-29T10:10Z 45 1 5 89 0 0 59 10028
2018-11-29T10:15Z 45 0 4 88 0 0 60 10029
2018-11-29T10:20Z 45 0 5 88 0 0 60 10030
2018-11-29T10:25Z 180 0 5 87 0 0 61 10031
2018-11-29T10:30Z 45 0 5 87 0 0 62 10033
2018-11-29T10:35Z 90 0 5 87 0 0 63 10034
2018-11-29T10:40Z 45 1 9 86 0 0 63 10034
2018-11-29T10:45Z 45 0 9 86 0 0 64 10035
2018-11-29T10:50Z 45 0 6 86 0 0 64 10036
2018-11-29T10:55Z 45 0 6 86 0 0 65 10037
2018-11-29T11:00Z 180 0 3 86 0 0 65 10036
2018-11-29T11:05Z 45 1 4 85 0 0 65 10037
2018-11-29T11:10Z 45 1 5 85 0 0 66 10038
2018-11-29T11:15Z 90 2 6 85 0 0 65 10038
2018-11-29T11:20Z 135 3 8 85 0 0 65 10036
2018-11-29T11:25Z 135 3 9 85 0 0 65 10037
2018-11-29T11:30Z 45 3 12 85 0 0 66 10038
2018-11-29T11:36Z 180 2 11 84 0 0 66 10038
2018-11-29T11:41Z 135 3 9 84 0 0 66 10039
2018-11-29T11:46Z 135 3 10 84 0 0 66 10039
2018-11-29T11:51Z 45 4 10 84 0 0 67 10041
2018-11-29T11:56Z 90 5 14 84 0 0 67 10042
2018-11-29T12:01Z 90 3 14 84 0 0 67 10044
2018-11-29T12:06Z 180 3 14 83 0 0 67 10045
2018-11-29T12:11Z 180 3 14 83 0 0 68 10046
2018-11-29T12:16Z 90 4 12 83 0 0 68 10046
2018-11-29T12:21Z 45 3 12 83 0 0 68 10046
2018-11-29T12:26Z 45 3 11 83 0 0 68 10046
2018-11-29T12:31Z 90 3 11 83 0 0 69 10047
2018-11-29T12:36Z 45 3 9 83 0 0 69 10048
2018-11-29T12:41Z 135 1 9 82 0 0 70 10048
2018-11-29T12:46Z 180 0 7 82 0 0 70 10049
2018-11-29T12:51Z 90 1 6 82 0 0 70 10050
2018-11-29T12:57Z 180 0 6 82 0 0 70 10050
2018-11-29T13:02Z 180 0 3 82 0 0 71 10052
2018-11-29T13:07Z 180 0 3 82 0 0 71 10051
2018-11-29T13:12Z 180 0 3 82 0 0 70 10050
2018-11-29T13:17Z 180 0 0 82 0 0 71 10052
2018-11-29T13:22Z 180 0 0 82 0 0 71 10051
2018-11-29T13:27Z 180 0 2 82 0 0 72 10052
2018-11-29T13:32Z 180 0 4 82 0 0 72 10051
2018-11-29T13:37Z 45 3 6 82 0 0 71 10053
2018-11-29T13:42Z 45 3 6 82 0 0 71 10052
2018-11-29T13:47Z 45 1 6 82 0 0 70 10051
2018-11-29T13:52Z 45 3 9 82 0 0 70 10052
2018-11-29T13:57Z 45 1 9 81 0 0 70 10052
2018-11-29T14:02Z 45 1 6 81 0 0 70 10051
2018-11-29T14:07Z 45 1 4 81 0 0 70 10051
2018-11-29T14:12Z 45 2 8 81 0 0 70 10053
2018-11-29T14:18Z 45 0 8 82 0 0 70 10052
2018-11-29T14:23Z 225 0 5 82 0 0 70 10053
2018-11-29T14:28Z 45 0 3 82 0 0 69 10052
2018-11-29T14:33Z 45 0 3 82 0 0 70 10050
2018-11-29T14:38Z 45 0 3 82 0 0 70 10050
2018-11-29T14:43Z 45 0 4 82 0 0 70 10051
2018-11-29T14:48Z 45 1 8 81 0 0 70 10051
2018-11-29T14:53Z 45 2 8 81 0 0 70 10052
2018-11-29T14:58Z 135 2 6 82 0 0 69 10052
2018-11-29T15:03Z 45 0 5 82 0 0 69 10052
2018-11-29T15:08Z 45 1 6 82 0 0 69 10050
2018-11-29T15:16Z 45 1 9 82 0 0 69 10048
2018-11-29T15:21Z 45 4 10 81 0 0 69 10047
2018-11-29T15:26Z 45 6 11 81 0 0 69 10047
2018-11-29T15:31Z 45 3 11 81 0 0 70 10047
2018-11-29T15:36Z 45 4 9 81 0 0 70 10047
2018-11-29T15:41Z 45 3 9 81 0 0 70 10046
2018-11-29T15:46Z 45 3 9 81 0 0 70 10047
2018-11-29T15:51Z 45 2 8 81 0 0 71 10046
2018-11-29T15:56Z 45 2 8 81 0 0 71 10046
2018-11-29T16:01Z 45 1 6 81 0 0 71 10044
2018-11-29T16:06Z 45 2 7 81 0 0 72 10044
2018-11-29T16:11Z 0 3 7 81 0 0 72 10046
2018-11-29T16:16Z 45 1 9 81 0 0 72 10047
2018-11-29T16:21Z 45 3 9 81 0 0 72 10048
2018-11-29T16:26Z 45 1 8 81 0 0 72 10047
2018-11-29T16:31Z 45 3 9 81 0 0 72 10046
2018-11-29T16:36Z 45 3 9 81 0 0 72 10046
2018-11-29T16:41Z 45 2 7 81 0 0 73 10045
2018-11-29T16:46Z 45 2 9 81 0 0 74 10045
2018-11-29T16:51Z 45 2 9 80 0 0 74 10045
2018-11-29T16:57Z 45 3 9 80 0 0 74 10045
2018-11-29T17:02Z 45 2 9 80 0 0 74 10044
2018-11-29T17:07Z 45 3 9 80 0 0 74 10045
2018-11-29T17:12Z 45 1 7 80 0 0 74 10044
2018-11-29T17:17Z 45 0 6 80 0 0 75 10045
2018-11-29T17:22Z 180 1 3 80 0 0 75 10044
2018-11-29T17:27Z 180 1 3 80 0 0 75 10043
2018-11-29T17:32Z 180 0 3 80 0 0 75 10043
2018-11-29T17:37Z 180 1 3 80 0 0 75 10043
2018-11-29T17:42Z 180 1 4 80 0 0 75 10042
2018-11-29T17:47Z 180 1 4 80 0 0 75 10042
2018-11-29T17:52Z 180 1 4 80 0 0 76 10043
2018-11-29T17:57Z 225 1 4 80 0 0 75 10042
2018-11-29T18:02Z 225 1 4 80 0 0 75 10041
2018-11-29T18:07Z 180 1 3 80 0 0 76 10042
2018-11-29T18:12Z 225 0 4 80 0 0 77 10042
2018-11-29T18:18Z 225 0 4 80 0 0 78 10041
2018-11-29T18:23Z 225 3 8 80 0 0 79 10040
2018-11-29T18:28Z 225 2 8 80 0 0 80 10040
2018-11-29T18:33Z 225 2 6 80 0 0 80 10039
2018-11-29T18:38Z 225 3 5 80 0 0 81 10040
2018-11-29T18:43Z 225 2 6 80 0 0 81 10039
2018-11-29T18:48Z 225 1 6 80 0 0 81 10038
2018-11-29T18:53Z 225 2 5 79 0 0 81 10038
2018-11-29T18:58Z 225 2 5 79 0 0 81 10040
2018-11-29T19:03Z 225 3 6 79 0 0 81 10038
2018-11-29T19:08Z 270 1 6 79 0 0 81 10039
2018-11-29T19:13Z 270 1 6 79 0 0 82 10038
2018-11-29T19:18Z 270 1 6 79 0 0 82 10038
2018-11-29T19:23Z 270 0 3 79 0 0 82 10036
2018-11-29T19:28Z 45 0 3 79 0 0 82 10037
2018-11-29T19:33Z 45 0 5 79 0 0 82 10036
2018-11-29T19:39Z 45 2 6 79 0 0 83 10035
2018-11-29T19:44Z 45 0 6 79 0 0 83 10036
2018-11-29T19:49Z 135 2 6 79 0 0 82 10035
2018-11-29T19:54Z 45 0 6 78 0 0 82 10035
2018-11-29T19:59Z 225 0 3 78 0 0 82 10036
2018-11-29T20:04Z 225 0 3 78 0 0 81 10035
2018-11-29T20:09Z 225 0 1 78 0 0 81 10035
2018-11-29T20:14Z 225 0 3 78 0 0 82 10034
2018-11-29T20:19Z 225 0 3 78 0 0 82 10034
2018-11-29T20:24Z 90 0 3 78 0 0 81 10035
2018-11-29T20:29Z 90 0 3 78 0 0 82 10035
2018-11-29T20:34Z 135 5 12 78 0 0 81 10036
2018-11-29T20:39Z 45 5 13 78 0 0 81 10034
2018-11-29T20:44Z 135 5 13 77 0 0 81 10033
2018-11-29T20:49Z 90 6 15 77 0 0 81 10036
2018-11-29T20:57Z 90 8 12 77 0 0 82 10035
2018-11-29T21:02Z 135 7 15 77 0 0 83 10037
2018-11-29T21:07Z 135 5 15 77 0 0 83 10036
2018-11-29T21:12Z 90 3 12 77 0 0 82 10037
2018-11-29T21:17Z 180 2 9 77 0 0 83 10039
2018-11-29T21:22Z 135 3 6 77 0 0 82 10039
2018-11-29T21:27Z 135 0 6 76 0 0 83 10040
2018-11-29T21:32Z 135 0 6 76 0 0 83 10041
2018-11-29T21:38Z 135 2 6 76 0 0 82 10042
2018-11-29T21:43Z 90 2 6 76 0 0 82 10042
2018-11-29T21:48Z 90 0 6 76 0 0 82 10044
2018-11-29T21:53Z 45 1 5 76 0 0 82 10043
2018-11-29T21:58Z 180 0 6 76 0 0 82 10042
2018-11-29T22:03Z 180 3 6 76 0 0 82 10043
2018-11-29T22:08Z 180 0 6 76 0 0 82 10043
2018-11-29T22:13Z 225 0 6 76 0 0 82 10044
2018-11-29T22:18Z 225 0 3 76 0 0 82 10043
2018-11-29T22:23Z 225 0 3 76 0 0 83 10044
2018-11-29T22:28Z 135 0 6 76 0 0 83 10045
2018-11-29T22:33Z 225 0 6 76 0 0 83 10046
2018-11-29T22:38Z 135 0 6 76 0 0 83 10047
2018-11-29T22:43Z 135 0 6 76 0 0 83 10047
2018-11-29T22:48Z 225 0 4 76 0 0 82 10047
2018-11-29T22:53Z 135 0 3 76 0 0 82 10047
2018-11-29T22:58Z 90 0 3 76 0 0 82 10050
2018-11-29T23:04Z 180 0 3 76 0 0 82 10050
2018-11-29T23:09Z 45 0 3 76 0 0 83 10051
2018-11-29T23:14Z 45 0 3 76 0 0 83 10051
2018-11-29T23:19Z 45 0 4 76 0 0 83 10052
2018-11-29T23:24Z 135 0 4 77 0 0 83 10055
2018-11-29T23:29Z 135 0 4 77 0 0 84 10058
2018-11-29T23:34Z 135 0 4 78 0 0 83 10060
2018-11-29T23:39Z 45 0 4 78 0 0 82 10062
2018-11-29T23:44Z 90 0 3 79 0 0 80 10062
2018-11-29T23:49Z 180 0 3 80 0 0 78 10062
2018-11-29T23:54Z 135 0 3 81 0 0 75 10063
2018-11-29T23:59Z 45 0 3 82 0 0 74 10063
2018-11-30T00:04Z 135 0 1 84 0 0 73 10061
2018-11-30T00:09Z 45 0 2 85 0 0 71 10064
2018-11-30T00:14Z 90 0 2 86 0 0 68 10065
2018-11-30T00:19Z 135 0 1 87 0 0 65 10064
2018-11-30T00:25Z 90 0 3 88 0 0 65 10064
2018-11-30T00:30Z 90 1 3 89 0 0 61 10058
2018-11-30T00:35Z 45 0 3 90 0 0 60 10062
2018-11-30T00:40Z 45 0 2 91 0 0 58 10065
2018-11-30T00:45Z 45 0 2 92 0 0 58 10067
2018-11-30T00:50Z 45 0 3 93 0 0 57 10062
2018-11-30T00:55Z 45 0 3 93 0 0 55 10065
2018-11-30T01:00Z 45 0 3 94 0 0 54 10069
2018-11-30T01:05Z 45 2 4 94 0 0 50 10063
2018-11-30T01:10Z 45 1 4 94 0 0 50 10061
2018-11-30T01:15Z 45 2 4 94 0 0 50 10062
2018-11-30T01:20Z 45 0 5 95 0 0 50 10065
2018-11-30T01:25Z 45 0 5 95 0 0 50 10069
2018-11-30T01:30Z 45 2 6 96 0 0 49 10068
2018-11-30T01:35Z 45 4 9 96 0 0 48 10065
2018-11-30T01:40Z 45 3 9 97 0 0 47 10068
2018-11-30T01:46Z 45 4 11 97 0 0 46 10065
2018-11-30T01:51Z 45 0 11 98 0 0 47 10068
2018-11-30T01:56Z 45 2 10 100 0 0 44 10072
2018-11-30T02:01Z 45 4 11 101 0 0 41 10071
2018-11-30T02:06Z 45 0 11 102 0 0 41 10072
2018-11-30T02:11Z 45 3 13 103 0 0 36 10070
2018-11-30T02:16Z 45 6 13 103 0 0 36 10065
2018-11-30T02:21Z 45 3 15 102 0 0 36 10062
2018-11-30T02:26Z 45 1 15 102 0 0 34 10062
2018-11-30T02:31Z 45 3 12 102 0 0 34 10064
2018-11-30T02:36Z 45 3 9 102 0 0 38 10063
2018-11-30T02:41Z 45 6 12 101 0 0 38 10061
2018-11-30T02:46Z 45 2 12 100 0 0 40 10064
2018-11-30T02:51Z 45 1 9 102 0 0 39 10062
2018-11-30T02:56Z 45 3 9 101 0 0 38 10058
2018-11-30T03:01Z 45 3 9 101 0 0 39 10062
2018-11-30T03:06Z 180 6 13 101 0 0 38 10065
2018-11-30T03:12Z 90 2 13 102 0 0 37 10063
2018-11-30T03:17Z 45 1 11 103 0 0 35 10062
2018-11-30T03:22Z 45 1 6 104 0 0 34 10062
2018-11-30T03:27Z 45 0 4 105 0 0 32 10064
2018-11-30T03:32Z 45 2 4 106 0 0 31 10064
2018-11-30T03:37Z 45 2 6 107 0 0 30 10061
2018-11-30T03:42Z 45 0 6 108 0 0 29 10061
2018-11-30T03:47Z 135 1 5 109 0 0 29 10059
2018-11-30T03:52Z 45 0 9 110 0 0 28 10056
2018-11-30T03:57Z 45 3 11 111 0 0 27 10059
2018-11-30T04:02Z 45 0 11 112 0 0 27 10058
2018-11-30T04:07Z 45 2 9 113 0 0 26 10051
2018-11-30T04:12Z 45 2 9 113 0 0 25 10052
2018-11-30T04:17Z 45 1 6 113 0 0 26 10053
2018-11-30T04:22Z 45 0 5 114 0 0 25 10054
2018-11-30T04:27Z 45 1 6 116 0 0 23 10057
2018-11-30T04:33Z 45 0 6 116 0 0 23 10055
2018-11-30T04:38Z 90 0 5 117 0 0 23 10053
2018-11-30T04:43Z 45 0 5 119 0 0 22 10054
2018-11-30T04:48Z 45 3 6 118 0 0 22 10047
2018-11-30T04:53Z 90 1 7 115 0 0 24 10045
2018-11-30T04:58Z 45 0 7 114 0 0 24 10044
2018-11-30T05:03Z 45 0 3 114 0 0 25 10045
2018-11-30T05:08Z 45 2 4 114 0 0 24 10044
2018-11-30T05:13Z 45 1 6 112 0 0 25 10041
2018-11-30T05:18Z 45 2 6 112 0 0 25 10041
2018-11-30T05:23Z 45 1 4 113 0 0 25 10041
2018-11-30T05:28Z 45 0 4 110 0 0 27 10040
2018-11-30T05:33Z 45 0 4 111 0 0 26 10043
2018-11-30T05:38Z 45 0 3 113 0 0 25 10043
2018-11-30T05:43Z 45 3 6 113 0 0 24 10038
2018-11-30T05:48Z 45 2 6 111 0 0 26 10035
2018-11-30T05:54Z 45 0 6 112 0 0 26 10037
2018-11-30T05:59Z 45 0 6 113 0 0 25 10037
2018-11-30T06:04Z 45 0 3 115 0 0 24 10037
2018-11-30T06:09Z 45 0 3 116 0 0 23 10037
2018-11-30T06:14Z 45 0 2 118 0 0 21 10036
2018-11-30T06:19Z 45 0 4 119 0 0 21 10033
2018-11-30T06:24Z 45 0 4 117 0 0 21 10030
2018-11-30T06:29Z 180 1 4 115 0 0 23 10031
2018-11-30T06:34Z 180 0 5 114 0 0 24 10032
2018-11-30T06:39Z 180 1 5 113 0 0 25 10028
2018-11-30T06:44Z 135 0 4 111 0 0 26 10026
2018-11-30T06:49Z 135 0 4 111 0 0 26 10028
2018-11-30T06:54Z 90 1 4 111 0 0 25 10025
2018-11-30T06:59Z 45 0 4 110 0 0 26 10026
2018-11-30T07:04Z 45 1 7 109 0 0 27 10022
2018-11-30T07:09Z 45 0 7 108 0 0 28 10024
2018-11-30T07:14Z 45 3 7 107 0 0 29 10022
2018-11-30T07:20Z 45 0 7 105 0 0 31 10025
2018-11-30T07:25Z 45 1 9 105 0 0 31 10024
2018-11-30T07:30Z 45 3 9 105 0 0 31 10025
2018-11-30T07:35Z 45 0 8 106 0 0 30 10026
2018-11-30T07:40Z 135 4 13 106 0 0 31 10025
2018-11-30T07:45Z 45 2 13 104 0 0 34 10021
2018-11-30T07:50Z 45 2 13 104 0 0 33 10024
2018-11-30T07:55Z 45 3 12 104 0 0 33 10025
2018-11-30T08:00Z 45 5 9 103 0 0 33 10023
2018-11-30T08:05Z 45 0 9 102 0 0 34 10022
2018-11-30T08:10Z 45 3 9 102 0 0 34 10020
2018-11-30T08:15Z 45 4 9 100 0 0 36 10018
2018-11-30T08:20Z 45 0 9 98 0 0 38 10019
2018-11-30T08:25Z 45 0 6 97 0 0 39 10022
2018-11-30T08:30Z 45 0 6 97 0 0 39 10025
2018-11-30T08:35Z 180 1 6 96 0 0 41 10025
2018-11-30T08:41Z 225 0 8 96 0 0 41 10024
2018-11-30T08:46Z 45 0 8 95 0 0 42 10023
2018-11-30T08:51Z 45 0 3 95 0 0 42 10023
2018-11-30T08:56Z 90 0 3 95 0 0 42 10024
2018-11-30T09:01Z 90 0 3 95 0 0 42 10024
2018-11-30T09:06Z 45 1 5 95 0 0 42 10022
2018-11-30T09:11Z 45 0 6 95 0 0 42 10023
2018-11-30T09:16Z 45 2 6 95 0 0 42 10024
2018-11-30T09:21Z 45 0 6 95 0 0 42 10027
2018-11-30T09:26Z 225 0 6 95 0 0 43 10028
2018-11-30T09:31Z 45 0 3 95 0 0 43 10025
2018-11-30T09:36Z 45 0 3 94 0 0 43 10026
2018-11-30T09:41Z 45 2 5 94 0 0 44 10026
2018-11-30T09:46Z 45 0 7 93 0 0 45 10025
2018-11-30T09:51Z 45 0 7 93 0 0 45 10027
2018-11-30T09:56Z 45 0 7 92 0 0 45 10029
2018-11-30T10:02Z 45 3 14 92 0 0 51 10027
2018-11-30T10:07Z 45 2 14 91 0 0 54 10027
2018-11-30T10:12Z 45 0 8 91 0 0 57 10029
2018-11-30T10:17Z 45 0 8 90 0 0 58 10030
2018-11-30T10:22Z 45 1 8 89 0 0 60 10031
2018-11-30T10:27Z 45 0 6 89 0 0 61 10032
2018-11-30T10:32Z 45 0 6 88 0 0 62 10030
2018-11-30T10:37Z 45 0 5 88 0 0 63 10031
2018-11-30T10:42Z 45 0 3 87 0 0 64 10031
2018-11-30T10:47Z 225 0 5 87 0 0 66 10034
2018-11-30T10:52Z 45 0 5 86 0 0 66 10036
2018-11-30T10:57Z 45 0 13 86 0 0 67 10036
2018-11-30T11:02Z 45 2 13 86 0 0 67 10037
2018-11-30T11:07Z 45 2 9 86 0 0 67 10039
2018-11-30T11:12Z 45 1 9 85 0 0 68 10040
2018-11-30T11:17Z 45 3 9 85 0 0 68 10040
2018-11-30T11:22Z 180 2 9 85 0 0 69 10040
2018-11-30T11:28Z 180 1 9 85 0 0 69 10041
2018-11-30T11:33Z 45 0 7 85 0 0 70 10042
2018-11-30T11:38Z 45 0 6 84 0 0 70 10042
2018-11-30T11:43Z 45 0 6 84 0 0 70 10043
2018-11-30T11:48Z 135 2 6 84 0 0 70 10043
2018-11-30T11:53Z 135 2 6 84 0 0 71 10043
2018-11-30T11:58Z 180 1 6 84 0 0 71 10044
2018-11-30T12:03Z 45 2 12 84 0 0 71 10045
2018-11-30T12:08Z 45 0 12 84 0 0 71 10043
2018-11-30T12:13Z 45 0 6 84 0 0 72 10045
2018-11-30T12:18Z 45 0 5 84 0 0 72 10046
2018-11-30T12:23Z 45 1 6 83 0 0 72 10047
2018-11-30T12:28Z 45 1 7 83 0 0 72 10046
2018-11-30T12:33Z 90 3 9 83 0 0 73 10048
2018-11-30T12:38Z 45 2 10 83 0 0 73 10048
2018-11-30T12:43Z 225 0 10 83 0 0 73 10047
2018-11-30T12:49Z 45 0 7 83 0 0 73 10048
2018-11-30T12:54Z 45 0 6 83 0 0 73 10049
2018-11-30T12:59Z 135 0 3 83 0 0 73 10050
2018-11-30T13:04Z 225 0 3 83 0 0 73 10050
2018-11-30T13:09Z 225 0 6 83 0 0 74 10051
2018-11-30T13:14Z 225 0 6 82 0 0 74 10051
2018-11-30T13:19Z 180 0 3 82 0 0 74 10051
2018-11-30T13:24Z 225 0 3 82 0 0 75 10051
2018-11-30T13:29Z 180 0 3 82 0 0 75 10052
2018-11-30T13:34Z 225 0 3 82 0 0 75 10053
2018-11-30T13:39Z 45 0 8 82 0 0 75 10053
2018-11-30T13:44Z 45 0 8 82 0 0 75 10053
2018-11-30T13:49Z 135 0 4 82 0 0 75 10053
2018-11-30T13:54Z 180 0 3 82 0 0 75 10054
2018-11-30T13:59Z 90 0 4 82 0 0 75 10053
2018-11-30T14:04Z 180 0 4 82 0 0 75 10052
2018-11-30T14:09Z 135 0 6 82 0 0 75 10053
2018-11-30T14:15Z 135 1 6 82 0 0 75 10051
2018-11-30T14:20Z 45 0 9 82 0 0 76 10052
2018-11-30T14:25Z 45 0 9 82 0 0 75 10052
2018-11-30T14:30Z 90 4 12 82 0 0 76 10051
2018-11-30T14:35Z 180 0 13 82 0 0 76 10052
2018-11-30T14:40Z 225 0 7 82 0 0 76 10051
2018-11-30T14:45Z 225 0 4 81 0 0 76 10050
2018-11-30T14:50Z 180 0 4 81 0 0 76 10050
2018-11-30T14:55Z 90 1 7 81 0 0 76 10050
2018-11-30T15:00Z 135 0 9 81 0 0 76 10050
2018-11-30T15:05Z 90 0 9 81 0 0 76 10050
2018-11-30T15:10Z 135 1 10 81 0 0 76 10051
2018-11-30T15:15Z 90 1 10 81 0 0 75 10050
2018-11-30T15:20Z 45 4 10 81 0 0 75 10050
2018-11-30T15:25Z 45 4 12 81 0 0 75 10050
2018-11-30T15:30Z 45 3 12 81 0 0 75 10047
2018-11-30T15:36Z 135 1 12 81 0 0 75 10048
2018-11-30T15:41Z 135 4 13 81 0 0 75 10049
2018-11-30T15:46Z 90 5 17 81 0 0 76 10048
2018-11-30T15:51Z 90 3 17 81 0 0 76 10047
2018-11-30T15:56Z 90 3 13 81 0 0 76 10046
2018-11-30T16:01Z 45 1 10 81 0 0 76 10047
2018-11-30T16:06Z 45 0 10 81 0 0 76 10046
2018-11-30T16:11Z 90 2 7 81 0 0 76 10045
2018-11-30T16:16Z 45 0 6 81 0 0 76 10046
2018-11-30T16:21Z 45 2 6 81 0 0 76 10045
2018-11-30T16:26Z 45 1 6 80 0 0 76 10045
2018-11-30T16:31Z 45 3 6 80 0 0 76 10046
2018-11-30T16:36Z 45 0 6 80 0 0 76 10045
2018-11-30T16:41Z 135 3 9 80 0 0 76 10045
2018-11-30T16:46Z 180 0 9 80 0 0 76 10045
2018-11-30T16:51Z 45 3 6 80 0 0 77 10045
2018-11-30T16:57Z 135 0 6 80 0 0 77 10045
2018-11-30T17:02Z 45 2 7 80 0 0 76 10044
2018-11-30T17:07Z 45 2 8 80 0 0 76 10045
2018-11-30T17:12Z 45 0 8 80 0 0 76 10042
2018-11-30T17:17Z 45 2 9 80 0 0 76 10043
2018-11-30T17:24Z 90 1 7 80 0 0 76 10044
2018-11-30T17:29Z 90 0 7 80 0 0 76 10042
2018-11-30T17:35Z 45 2 7 80 0 0 77 10042
2018-11-30T17:40Z 45 1 7 80 0 0 77 10041
2018-11-30T17:45Z 45 1 6 80 0 0 77 10041
2018-11-30T17:50Z 45 3 8 80 0 0 77 10041
2018-11-30T17:55Z 45 0 8 80 0 0 77 10041
2018-11-30T18:00Z 45 0 6 80 0 0 77 10040
2018-11-30T18:05Z 45 0 6 80 0 0 76 10040
2018-11-30T18:10Z 135 0 6 80 0 0 77 10041
2018-11-30T18:15Z 45 2 6 80 0 0 76 10040
2018-11-30T18:20Z 45 2 7 80 0 0 77 10040
2018-11-30T18:25Z 45 1 7 80 0 0 76 10040
2018-11-30T18:30Z 45 0 7 81 0 0 77 10040
2018-11-30T18:35Z 45 0 4 81 0 0 76 10038
2018-11-30T18:40Z 45 1 4 81 0 0 76 10037
2018-11-30T18:45Z 45 1 4 81 0 0 76 10037
2018-11-30T18:50Z 45 3 8 81 0 0 76 10037
2018-11-30T18:56Z 45 1 8 81 0 0 76 10037
2018-11-30T19:01Z 45 0 8 81 0 0 76 10037
2018-11-30T19:06Z 45 1 6 81 0 0 76 10036
2018-11-30T19:11Z 45 0 6 81 0 0 77 10035
2018-11-30T19:16Z 225 0 3 81 0 0 76 10033
2018-11-30T19:21Z 225 0 3 81 0 0 76 10034
2018-11-30T19:26Z 180 0 3 81 0 0 77 10033
2018-11-30T19:31Z 180 0 3 81 0 0 78 10032
2018-11-30T19:36Z 180 0 3 81 0 0 77 10031
2018-11-30T19:41Z 45 1 6 81 0 0 77 10031
2018-11-30T19:46Z 45 2 6 81 0 0 78 10030
2018-11-30T19:51Z 45 0 6 80 0 0 78 10030
2018-11-30T19:56Z 45 0 4 80 0 0 78 10030
2018-11-30T20:01Z 45 3 6 80 0 0 78 10030
2018-11-30T20:06Z 90 0 6 80 0 0 78 10029
2018-11-30T20:11Z 90 0 6 80 0 0 78 10030
2018-11-30T20:17Z 45 3 7 80 0 0 79 10030
2018-11-30T20:22Z 45 2 7 80 0 0 79 10030
2018-11-30T20:27Z 45 1 8 80 0 0 79 10031
2018-11-30T20:32Z 45 0 8 80 0 0 79 10029
2018-11-30T20:37Z 180 0 3 80 0 0 79 10029
2018-11-30T20:42Z 180 0 3 80 0 0 80 10030
2018-11-30T20:47Z 180 0 3 80 0 0 80 10028
2018-11-30T20:52Z 180 0 3 80 0 0 80 10028
2018-11-30T20:57Z 45 0 6 79 0 0 81 10030
2018-11-30T21:02Z 45 0 6 79 0 0 81 10031
2018-11-30T21:07Z 45 0 3 79 0 0 82 10030
2018-11-30T21:12Z 90 0 3 79 0 0 82 10031
2018-11-30T21:17Z 225 0 3 79 0 0 82 10030
2018-11-30T21:22Z 225 1 6 79 0 0 82 10030
2018-11-30T21:27Z 225 0 6 79 0 0 83 10030
2018-11-30T21:32Z 180 1 6 79 0 0 83 10031
2018-11-30T21:37Z 180 1 6 79 0 0 83 10031
2018-11-30T21:43Z 225 0 6 79 0 0 84 10031
2018-11-30T21:48Z 225 0 3 79 0 0 84 10031
2018-11-30T21:53Z 45 1 6 79 0 0 84 10032
2018-11-30T21:58Z 45 0 6 78 0 0 84 10034
2018-11-30T22:03Z 45 1 6 78 0 0 84 10033
2018-11-30T22:08Z 45 3 6 78 0 0 84 10034
2018-11-30T22:13Z 45 4 9 78 0 0 84 10034
2018-11-30T22:18Z 45 3 9 78 0 0 84 10033
2018-11-30T22:23Z 45 3 9 78 0 0 84 10034
2018-11-30T22:28Z 45 3 9 78 0 0 85 10035
2018-11-30T22:33Z 45 1 6 78 0 0 85 10036
2018-11-30T22:38Z 45 2 6 78 0 0 85 10036
2018-11-30T22:43Z 45 3 6 78 0 0 85 10036
2018-11-30T22:48Z 45 4 9 78 0 0 85 10035
2018-11-30T22:53Z 45 3 9 78 0 0 85 10036
2018-11-30T22:58Z 45 3 9 78 0 0 85 10036
2018-11-30T23:04Z 45 3 9 78 0 0 84 10037
2018-11-30T23:09Z 0 3 8 78 0 0 84 10038
2018-11-30T23:14Z 0 0 6 78 0 0 84 10040
2018-11-30T23:19Z 0 0 9 78 0 0 84 10039
2018-11-30T23:24Z 45 2 9 78 0 0 84 10040
2018-11-30T23:29Z 45 3 6 78 0 0 83 10039
2018-11-30T23:34Z 45 2 6 79 0 0 83 10041
2018-11-30T23:39Z 45 3 6 79 0 0 82 10042
2018-11-30T23:44Z 45 1 6 79 0 0 82 10045
2018-11-30T23:49Z 45 2 6 80 0 0 82 10046
2018-11-30T23:54Z 45 0 6 80 0 0 81 10048
2018-11-30T23:59Z 90 0 6 81 0 0 80 10048
2018-12-01T00:04Z 0 0 5 82 0 0 79 10052
2018-12-01T00:09Z 45 0 3 83 0 0 77 10052
2018-12-01T00:14Z 45 0 5 84 0 0 74 10052
2018-12-01T00:19Z 45 0 5 86 0 0 73 10053
2018-12-01T00:25Z 45 3 6 87 0 0 68 10053
2018-12-01T00:32Z 45 1 6 88 0 0 66 10053
2018-12-01T00:37Z 45 0 6 89 0 0 64 10052
2018-12-01T00:42Z 45 2 6 90 0 0 63 10051
2018-12-01T00:47Z 45 1 6 90 0 0 62 10051
2018-12-01T00:52Z 45 0 6 91 0 0 61 10058
2018-12-01T00:57Z 45 0 4 93 0 0 59 10059
2018-12-01T01:03Z 45 0 4 94 0 0 56 10056
2018-12-01T01:08Z 45 0 4 95 0 0 54 10055
2018-12-01T01:13Z 45 1 6 96 0 0 51 10054
2018-12-01T01:18Z 45 1 6 96 0 0 51 10053
2018-12-01T01:23Z 45 0 4 97 0 0 51 10053
2018-12-01T01:28Z 45 1 6 97 0 0 50 10052
2018-12-01T01:33Z 45 2 6 98 0 0 50 10055
2018-12-01T01:38Z 225 2 7 98 0 0 49 10058
2018-12-01T01:43Z 45 1 7 99 0 0 48 10056
2018-12-01T01:48Z 90 1 7 99 0 0 47 10052
2018-12-01T01:53Z 45 0 7 99 0 0 47 10051
2018-12-01T01:58Z 45 3 9 100 0 0 45 10052
2018-12-01T02:03Z 135 0 9 100 0 0 45 10052
2018-12-01T02:08Z 45 2 8 101 0 0 44 10051
2018-12-01T02:13Z 45 4 12 100 0 0 44 10047
2018-12-01T02:18Z 45 4 12 101 0 0 42 10047
2018-12-01T02:24Z 45 1 9 101 0 0 43 10049
2018-12-01T02:29Z 45 2 12 102 0 0 42 10050
2018-12-01T02:34Z 45 3 12 102 0 0 41 10045
2018-12-01T02:39Z 45 1 12 103 0 0 40 10047
2018-12-01T02:44Z 45 2 7 104 0 0 39 10045
2018-12-01T02:51Z 45 2 7 103 0 0 39 10045
2018-12-01T02:56Z 45 3 6 105 0 0 38 10049
2018-12-01T03:02Z 45 0 11 107 0 0 37 10049
2018-12-01T03:07Z 45 2 11 107 0 0 35 10048
2018-12-01T03:12Z 45 1 7 108 0 0 35 10047
2018-12-01T03:17Z 45 2 6 108 0 0 34 10046
2018-12-01T03:22Z 45 2 6 109 0 0 33 10048
2018-12-01T03:27Z 45 2 6 110 0 0 32 10045
2018-12-01T03:32Z 45 1 6 109 1 1 34 10039
2018-12-01T03:37Z 45 1 6 109 1 1 33 10043
2018-12-01T03:42Z 45 4 10 110 1 1 32 10042
2018-12-01T03:47Z 90 3 11 110 1 1 31 10043
2018-12-01T03:52Z 45 4 12 110 1 1 30 10037
2018-12-01T03:57Z 45 2 12 107 1 1 34 10035
2018-12-01T04:02Z 45 6 14 106 1 1 34 10035
2018-12-01T04:07Z 45 4 14 105 1 1 35 10034
2018-12-01T04:12Z 180 7 13 104 1 1 36 10037
2018-12-01T04:17Z 45 3 12 103 1 1 37 10030
2018-12-01T04:23Z 45 8 15 101 1 1 38 10025
2018-12-01T04:28Z 45 2 15 100 1 1 40 10031
2018-12-01T04:33Z 45 1 10 102 0 1 38 10035
2018-12-01T04:38Z 45 1 9 104 0 1 36 10033
2018-12-01T04:43Z 45 9 17 107 0 1 32 10032
2018-12-01T04:48Z 45 6 17 108 0 1 30 10029
2018-12-01T04:53Z 45 6 15 109 0 1 30 10026
2018-12-01T04:58Z 45 2 15 108 0 1 30 10027
2018-12-01T05:03Z 45 5 13 109 0 1 29 10028
2018-12-01T05:08Z 45 6 25 111 0 1 28 10029
2018-12-01T05:13Z 45 6 25 110 0 1 29 10023
2018-12-01T05:18Z 45 9 21 112 0 1 27 10027
2018-12-01T05:23Z 45 3 18 112 0 1 27 10023
2018-12-01T05:28Z 45 2 17 113 0 1 27 10026
2018-12-01T05:33Z 135 0 9 115 0 1 26 10028
2018-12-01T05:38Z 45 3 12 116 0 1 24 10022
2018-12-01T05:44Z 45 2 13 114 0 1 25 10015
2018-12-01T05:49Z 45 3 13 115 0 1 25 10017
2018-12-01T05:54Z 90 5 14 115 0 1 24 10017
2018-12-01T05:59Z 45 6 21 114 0 1 25 10014
2018-12-01T06:04Z 45 9 24 112 0 1 26 10012
2018-12-01T06:09Z 45 3 24 111 0 1 27 10011
2018-12-01T06:14Z 45 6 12 109 0 1 29 10008
2018-12-01T06:19Z 45 3 12 107 0 1 31 10011
2018-12-01T06:24Z 45 3 11 108 0 1 30 10014
2018-12-01T06:29Z 45 1 11 109 0 1 30 10013
2018-12-01T06:34Z 45 2 12 109 0 1 29 10010
2018-12-01T06:39Z 45 3 12 110 0 1 28 10011
2018-12-01T06:44Z 135 10 22 111 0 1 27 10007
2018-12-01T06:49Z 90 6 22 108 0 1 29 10006
2018-12-01T06:54Z 45 5 18 107 0 1 30 10007
2018-12-01T06:59Z 90 3 15 107 0 1 30 10006
2018-12-01T07:04Z 45 7 18 109 0 1 29 10006
2018-12-01T07:10Z 45 3 18 110 0 1 28 10007
2018-12-01T07:15Z 45 3 11 111 0 1 26 10004
2018-12-01T07:20Z 90 4 13 110 0 1 27 10000
2018-12-01T07:25Z 45 2 13 109 0 1 28 10003
2018-12-01T07:30Z 90 1 11 109 0 1 28 10003
2018-12-01T07:35Z 45 3 11 109 0 1 27 9999
2018-12-01T07:40Z 90 0 9 107 0 1 29 9999
2018-12-01T07:45Z 45 2 8 107 0 1 30 9998
2018-12-01T07:50Z 45 1 6 106 0 1 31 9999
2018-12-01T07:55Z 45 3 9 106 0 1 30 9998
2018-12-01T08:00Z 45 1 9 106 0 1 31 10000
2018-12-01T08:05Z 45 0 7 106 0 1 31 10001
2018-12-01T08:10Z 90 3 9 105 0 1 31 9991
2018-12-01T08:15Z 90 4 18 102 0 1 34 9991
2018-12-01T08:20Z 135 2 18 101 0 1 36 9999
2018-12-01T08:25Z 45 3 8 102 0 1 36 10001
2018-12-01T08:31Z 45 3 8 101 0 1 36 9999
2018-12-01T08:36Z 45 2 8 101 0 1 36 9998
2018-12-01T08:41Z 45 1 15 100 0 1 37 9997
2018-12-01T08:46Z 45 8 20 99 0 1 39 9997
2018-12-01T08:51Z 90 7 34 97 0 1 40 9994
2018-12-01T08:56Z 90 5 34 96 0 1 42 9995
2018-12-01T09:01Z 90 9 18 96 0 1 43 9998
2018-12-01T09:06Z 135 5 18 95 0 1 44 9998
2018-12-01T09:11Z 135 8 18 95 0 1 45 10000
2018-12-01T09:16Z 45 9 22 95 0 1 45 10000
2018-12-01T09:21Z 90 14 22 94 0 1 46 10000
2018-12-01T09:29Z 45 4 23 93 0 1 48 10002
2018-12-01T09:34Z 45 2 23 93 0 1 49 10004
2018-12-01T09:39Z 45 3 12 93 0 1 50 10003
2018-12-01T09:44Z 180 0 13 93 0 1 52 10004
2018-12-01T09:49Z 45 3 13 92 0 1 52 10003
2018-12-01T09:54Z 180 2 13 92 0 1 54 10005
2018-12-01T09:59Z 45 6 18 92 0 1 55 10005
2018-12-01T10:04Z 45 9 22 91 0 1 57 10003
2018-12-01T10:09Z 45 9 26 90 0 1 58 10003
2018-12-01T10:14Z 45 7 31 90 0 1 60 10004
2018-12-01T10:19Z 45 10 34 89 0 1 61 10004
2018-12-01T10:24Z 45 6 34 88 0 1 62 10006
2018-12-01T10:30Z 45 6 22 88 0 1 63 10008
2018-12-01T10:35Z 45 9 22 88 0 1 64 10006
2018-12-01T10:40Z 180 6 22 87 0 1 65 10009
2018-12-01T10:45Z 90 6 18 87 0 1 66 10009
2018-12-01T10:50Z 45 6 18 87 0 1 66 10012
2018-12-01T10:55Z 90 13 30 86 0 1 66 10011
2018-12-01T11:00Z 45 12 31 86 0 1 65 10010
2018-12-01T11:05Z 135 15 34 86 0 1 65 10011
2018-12-01T11:10Z 135 22 45 86 0 1 63 10011
2018-12-01T11:15Z 90 14 45 85 0 1 64 10014
2018-12-01T11:20Z 45 15 40 85 0 1 64 10016
2018-12-01T11:25Z 90 18 34 85 0 1 64 10017
2018-12-01T11:30Z 135 9 34 85 0 1 64 10019
2018-12-01T11:35Z 45 16 31 85 0 1 64 10019
2018-12-01T11:40Z 45 3 31 85 0 1 66 10020
2018-12-01T11:45Z 45 2 25 85 0 1 67 10020
2018-12-01T11:51Z 90 6 19 85 0 1 68 10021
2018-12-01T11:56Z 135 6 19 85 0 1 68 10020
2018-12-01T12:01Z 45 8 22 85 0 1 68 10019
2018-12-01T12:06Z 45 6 27 84 0 1 69 10019
2018-12-01T12:11Z 135 8 27 84 0 1 70 10021
2018-12-01T12:16Z 45 6 22 84 0 1 70 10019
2018-12-01T12:21Z 135 5 22 84 0 1 71 10021
2018-12-01T12:26Z 90 7 18 84 0 1 71 10023
2018-12-01T12:31Z 45 3 18 83 0 1 72 10025
2018-12-01T12:36Z 90 6 12 83 0 1 72 10026
2018-12-01T12:41Z 45 0 12 83 0 1 72 10027
2018-12-01T12:46Z 135 3 7 84 0 1 72 10029
2018-12-01T12:51Z 45 3 6 83 0 1 72 10032
2018-12-01T12:56Z 45 3 8 83 0 1 72 10033
2018-12-01T13:01Z 45 5 9 83 0 1 72 10033
2018-12-01T13:06Z 45 6 14 83 0 1 72 10033
2018-12-01T13:11Z 45 5 17 83 0 1 71 10033
2018-12-01T13:17Z 45 2 17 83 0 1 72 10033
2018-12-01T13:22Z 90 3 12 82 0 1 71 10033
2018-12-01T13:27Z 45 3 9 82 0 1 71 10032
2018-12-01T13:32Z 90 5 12 82 0 1 71 10031
2018-12-01T13:37Z 90 3 12 82 0 1 71 10033
2018-12-01T13:42Z 180 3 10 82 0 1 72 10032
2018-12-01T13:47Z 45 5 12 82 0 1 72 10032
2018-12-01T13:52Z 45 3 18 82 0 1 72 10032
2018-12-01T13:57Z 90 9 18 82 0 1 73 10031
2018-12-01T14:02Z 135 6 18 82 0 1 74 10030
2018-12-01T14:07Z 135 4 18 82 0 1 74 10029
2018-12-01T14:12Z 135 4 17 82 0 1 74 10031
2018-12-01T14:17Z 135 1 13 82 0 1 74 10031
2018-12-01T14:22Z 90 9 17 82 0 1 75 10031
2018-12-01T14:27Z 45 5 17 81 0 1 75 10031
2018-12-01T14:32Z 135 10 18 81 0 1 75 10031
2018-12-01T14:38Z 135 6 18 81 0 1 75 10030
2018-12-01T14:43Z 45 6 22 81 0 1 76 10028
2018-12-01T14:48Z 90 4 22 81 0 1 76 10029
2018-12-01T14:53Z 180 6 15 81 0 1 76 10030
2018-12-01T14:58Z 135 6 13 81 0 1 76 10030
2018-12-01T15:03Z 45 9 18 81 0 1 76 10031
2018-12-01T15:08Z 90 6 18 81 0 1 75 10032
2018-12-01T15:13Z 90 8 19 81 0 1 75 10030
2018-12-01T15:18Z 90 7 19 81 0 1 75 10030
2018-12-01T15:23Z 90 5 15 81 0 1 75 10031
2018-12-01T15:28Z 135 4 14 81 0 1 74 10032
2018-12-01T15:33Z 45 0 11 81 0 1 75 10030
2018-12-01T15:38Z 90 0 9 81 0 1 75 10030
2018-12-01T15:43Z 225 0 9 81 0 1 75 10031
2018-12-01T15:48Z 135 2 13 81 0 1 76 10028
2018-12-01T15:53Z 90 3 13 80 0 1 76 10028
2018-12-01T15:59Z 45 2 13 80 0 1 76 10029
2018-12-01T16:04Z 135 8 15 80 0 1 75 10029
2018-12-01T16:09Z 135 9 20 80 0 1 75 10030
2018-12-01T16:14Z 90 8 20 80 0 1 75 10030
2018-12-01T16:19Z 45 5 18 80 0 1 75 10030
2018-12-01T16:24Z 45 8 15 80 0 1 75 10030
2018-12-01T16:29Z 45 6 15 80 0 1 75 10028
2018-12-01T16:34Z 90 7 15 80 0 1 75 10029
2018-12-01T16:39Z 90 6 15 80 0 1 75 10028
2018-12-01T16:44Z 90 7 15 80 0 1 75 10027
2018-12-01T16:49Z 90 3 15 80 0 1 75 10028
2018-12-01T16:54Z 45 2 15 80 0 1 75 10028
2018-12-01T16:59Z 45 5 13 79 0 1 75 10027
2018-12-01T17:04Z 45 6 13 79 0 1 75 10026
2018-12-01T17:09Z 90 5 16 79 0 1 76 10027
2018-12-01T17:14Z 45 6 16 79 0 1 76 10026
2018-12-01T17:19Z 45 2 13 79 0 1 76 10027
2018-12-01T17:25Z 45 3 13 79 0 1 76 10026
2018-12-01T17:30Z 45 1 13 79 0 1 76 10025
2018-12-01T17:35Z 45 1 7 79 0 1 77 10026
2018-12-01T17:40Z 90 1 6 78 0 1 77 10025
2018-12-01T17:45Z 45 1 10 78 0 1 78 10025
2018-12-01T17:50Z 90 2 10 78 0 1 78 10024
2018-12-01T17:55Z 90 5 10 78 0 1 78 10024
2018-12-01T18:00Z 135 4 12 78 0 1 78 10025
2018-12-01T18:05Z 135 6 13 78 0 1 78 10024
2018-12-01T18:10Z 135 6 12 78 0 1 78 10023
2018-12-01T18:15Z 135 4 12 78 0 1 78 10024
2018-12-01T18:20Z 90 4 10 78 0 1 78 10022
2018-12-01T18:25Z 90 6 13 78 0 1 78 10022
2018-12-01T18:30Z 135 6 13 78 0 1 78 10022
2018-12-01T18:35Z 180 6 12 78 0 1 78 10022
2018-12-01T18:40Z 45 0 11 78 0 1 78 10022
2018-12-01T18:46Z 45 0 11 78 0 1 79 10021
2018-12-01T18:51Z 45 0 3 78 0 1 79 10021
2018-12-01T18:56Z 90 0 3 77 0 1 79 10021
2018-12-01T19:01Z 45 3 6 77 0 1 80 10023
2018-12-01T19:06Z 45 3 8 77 0 1 80 10021
2018-12-01T19:11Z 45 3 8 77 0 1 80 10021
2018-12-01T19:16Z 90 2 8 77 0 1 80 10021
2018-12-01T19:21Z 45 3 8 77 0 1 80 10020
2018-12-01T19:26Z 45 2 8 77 0 1 80 10020
2018-12-01T19:31Z 45 0 7 77 0 1 80 10017
2018-12-01T19:36Z 45 1 6 77 0 1 81 10016
2018-12-01T19:41Z 45 0 6 77 0 1 81 10017
2018-12-01T19:46Z 45 0 5 77 0 1 81 10016
2018-12-01T19:51Z 45 0 6 77 0 1 80 10016
2018-12-01T19:56Z 45 0 6 77 0 1 81 10015
2018-12-01T20:01Z 45 1 5 77 0 1 81 10015
2018-12-01T20:07Z 315 0 5 77 0 1 81 10014
2018-12-01T20:12Z 225 2 6 76 0 1 81 10016
2018-12-01T20:17Z 270 2 6 77 0 1 82 10016
2018-12-01T20:22Z 135 1 6 77 0 1 82 10016
2018-12-01T20:27Z 90 0 6 77 0 1 81 10015
2018-12-01T20:32Z 45 0 6 77 0 1 81 10015
2018-12-01T20:37Z 45 0 6 76 0 1 82 10014
2018-12-01T20:42Z 0 0 6 76 0 1 82 10014
2018-12-01T20:47Z 45 0 6 76 0 1 82 10015
2018-12-01T20:52Z 45 4 6 76 0 1 82 10015
2018-12-01T20:57Z 45 4 9 76 0 1 81 10015