2018-11-02T05:44Z 45 3 18 102 0 0 36 10054
2018-11-02T05:49Z 45 3 18 102 0 0 36 10054
2018-11-02T05:55Z 45 5 14 100 0 0 38 10053
2018-11-02T06:00Z 45 4 14 100 0 0 37 10051
2018-11-02T06:05Z 45 3 15 102 0 0 37 10052
2018-11-02T06:10Z 45 2 15 104 0 0 35 10050
2018-11-02T06:15Z 45 6 14 105 0 0 34 10050
2018-11-02T06:20Z 45 2 14 107 0 0 32 10050
2018-11-02T06:26Z 45 6 17 111 0 0 28 10047
2018-11-02T06:31Z 45 3 17 111 0 0 27 10047
2018-11-02T06:36Z 45 0 13 110 0 0 28 10048
2018-11-02T06:41Z 45 3 13 108 0 0 29 10047
2018-11-02T06:46Z 45 2 12 108 0 0 30 10046
2018-11-02T06:51Z 45 3 9 108 0 0 30 10045
2018-11-02T06:56Z 45 3 11 109 0 0 30 10044
2018-11-02T07:01Z 90 3 15 109 0 0 29 10044
2018-11-02T07:06Z 45 0 15 110 0 0 28 10043
2018-11-02T07:11Z 45 2 12 109 0 0 29 10043
2018-11-02T07:16Z 45 4 14 109 0 0 30 10043
2018-11-02T07:21Z 90 6 19 105 0 0 32 10042
2018-11-02T07:26Z 45 6 19 102 0 0 36 10042
2018-11-02T07:31Z 135 7 18 99 0 0 39 10043
2018-11-02T07:36Z 135 7 18 99 0 0 39 10043
2018-11-02T07:41Z 45 0 16 97 0 0 42 10040
2018-11-02T07:46Z 90 5 15 97 0 0 42 10041
2018-11-02T07:51Z 45 6 15 97 0 0 43 10040
2018-11-02T07:57Z 45 4 12 96 0 0 44 10041
2018-11-02T08:02Z 45 0 9 96 0 0 44 10041
2018-11-02T08:07Z 45 0 9 96 0 0 44 10041
2018-11-02T08:12Z 135 0 9 96 0 0 44 10041
2018-11-02T08:17Z 45 6 13 95 0 0 46 10041
2018-11-02T08:22Z 180 3 13 95 0 0 47 10042
2018-11-02T08:27Z 45 3 14 94 0 0 47 10042
2018-11-02T08:32Z 45 3 14 94 0 0 48 10042
2018-11-02T08:37Z 45 3 13 94 0 0 49 10041
2018-11-02T08:42Z 45 3 13 93 0 0 50 10041
2018-11-02T08:47Z 45 3 10 93 0 0 50 10042
2018-11-02T08:52Z 45 3 15 93 0 0 51 10041
2018-11-02T08:57Z 45 6 15 92 0 0 52 10040
2018-11-02T09:02Z 45 6 15 92 0 0 52 10040
2018-11-02T09:07Z 45 2 15 92 0 0 53 10043
2018-11-02T09:12Z 45 6 21 91 0 0 54 10043
2018-11-02T09:17Z 45 2 21 91 0 0 55 10044
2018-11-02T09:22Z 45 3 15 90 0 0 55 10045
2018-11-02T09:27Z 45 3 15 90 0 0 55 10045
2018-11-02T09:33Z 45 5 11 89 0 0 56 10043
2018-11-02T09:38Z 45 3 11 89 0 0 57 10045
2018-11-02T09:43Z 45 3 11 89 0 0 57 10045
2018-11-02T09:48Z 45 3 11 89 0 0 57 10045
2018-11-02T09:53Z 45 3 11 89 0 0 57 10045
2018-11-02T09:58Z 45 3 10 87 0 0 59 10046
2018-11-02T10:03Z 45 0 11 87 0 0 59 10047
2018-11-02T10:08Z 45 0 11 87 0 0 60 10049
2018-11-02T10:13Z 180 0 5 86 0 0 60 10049
2018-11-02T10:18Z 45 0 16 86 0 0 60 10048
2018-11-02T10:23Z 45 1 16 86 0 0 60 10049
2018-11-02T10:28Z 45 0 10 85 0 0 60 10050
2018-11-02T10:33Z 180 1 9 85 0 0 60 10050
2018-11-02T10:38Z 45 0 6 85 0 0 61 10050
2018-11-02T10:43Z 270 0 6 85 0 0 61 10052
2018-11-02T10:48Z 270 0 6 85 0 0 63 10052
2018-11-02T10:53Z 270 2 5 84 0 0 65 10052
2018-11-02T10:58Z 270 0 5 84 0 0 64 10054
2018-11-02T11:03Z 270 0 0 84 0 0 64 10052
2018-11-02T11:09Z 225 1 5 84 0 0 65 10052
2018-11-02T11:14Z 270 0 5 84 0 0 65 10052
2018-11-02T11:19Z 225 0 5 84 0 0 65 10052
2018-11-02T11:24Z 45 0 5 84 0 0 66 10054
2018-11-02T11:29Z 270 0 5 84 0 0 66 10054
2018-11-02T11:34Z 225 0 5 84 0 0 66 10055
2018-11-02T11:39Z 270 0 5 84 0 0 66 10056
2018-11-02T11:49Z 270 0 5 84 0 0 66 10056
2018-11-02T11:54Z 270 0 5 84 0 0 65 10057
2018-11-02T11:59Z 315 0 5 85 0 0 65 10057
2018-11-02T12:04Z 270 0 3 84 0 0 66 10059
2018-11-02T12:09Z 180 0 5 84 0 0 66 10058
2018-11-02T12:14Z 225 1 10 84 0 0 67 10059
2018-11-02T12:19Z 225 3 10 84 0 0 67 10061
2018-11-02T12:24Z 90 1 10 84 0 0 68 10061
2018-11-02T12:29Z 45 3 13 84 0 0 68 10062
2018-11-02T12:34Z 45 0 13 83 0 0 68 10063
2018-11-02T12:39Z 45 2 14 83 0 0 69 10062
2018-11-02T12:45Z 45 0 14 83 0 0 69 10062
2018-11-02T12:50Z 180 0 10 83 0 0 70 10064
2018-11-02T12:55Z 45 2 10 83 0 0 71 10064
2018-11-02T13:00Z 225 4 15 83 0 0 71 10065
2018-11-02T13:05Z 45 3 15 83 0 0 71 10067
2018-11-02T13:10Z 45 3 10 82 0 0 72 10067
2018-11-02T13:15Z 45 3 14 82 0 0 72 10068
2018-11-02T13:20Z 45 0 14 82 0 0 72 10070
2018-11-02T13:25Z 45 0 10 82 0 0 72 10070
2018-11-02T13:30Z 45 0 6 82 0 0 72 10070
2018-11-02T13:35Z 45 0 6 82 0 0 72 10070
2018-11-02T13:40Z 45 1 7 82 0 0 72 10070
2018-11-02T13:45Z 45 0 6 82 0 0 72 10071
2018-11-02T13:50Z 45 0 6 82 0 0 72 10070
2018-11-02T13:55Z 225 0 6 82 0 0 72 10071
2018-11-02T14:00Z 45 0 8 82 0 0 72 10071
2018-11-02T14:05Z 45 0 8 82 0 0 73 10071
2018-11-02T14:10Z 225 0 3 82 0 0 73 10072
2018-11-02T14:16Z 45 0 3 82 0 0 73 10073
2018-11-02T14:21Z 45 0 3 82 0 0 73 10073
2018-11-02T14:26Z 45 0 3 82 0 0 73 10073
2018-11-02T14:31Z 135 0 6 82 0 0 73 10074
2018-11-02T14:36Z 45 0 6 82 0 0 72 10073
2018-11-02T14:41Z 45 0 6 82 0 0 72 10074
2018-11-02T14:46Z 45 0 9 82 0 0 72 10073
2018-11-02T14:51Z 45 0 9 82 0 0 71 10073
2018-11-02T14:56Z 45 0 11 82 0 0 71 10074
2018-11-02T15:01Z 180 0 11 82 0 0 71 10073
2018-11-02T15:06Z 45 0 9 82 0 0 71 10073
2018-11-02T15:11Z 0 1 6 82 0 0 71 10073
2018-11-02T15:16Z 0 0 6 82 0 0 72 10071
2018-11-02T15:21Z 0 0 5 82 0 0 72 10071
2018-11-02T15:26Z 0 0 9 82 0 0 72 10073
2018-11-02T15:31Z 45 0 15 82 0 0 72 10071
2018-11-02T15:36Z 270 0 15 82 0 0 72 10071
2018-11-02T15:41Z 180 0 5 82 0 0 71 10071
2018-11-02T15:46Z 180 0 5 82 0 0 71 10071
2018-11-02T15:52Z 180 0 5 82 0 0 70 10069
2018-11-02T15:57Z 225 0 5 82 0 0 70 10067
2018-11-02T16:02Z 225 0 0 82 0 0 71 10068
2018-11-02T16:07Z 270 0 5 82 0 0 71 10068
2018-11-02T16:12Z 225 0 5 82 0 0 72 10069
2018-11-02T16:17Z 225 0 5 81 0 0 72 10070
2018-11-02T16:22Z 225 0 5 81 0 0 72 10068
2018-11-02T16:27Z 270 1 10 81 0 0 73 10067
2018-11-02T16:32Z 225 2 10 82 0 0 73 10067
2018-11-02T16:37Z 225 0 8 82 0 0 73 10067
2018-11-02T16:42Z 180 0 5 82 0 0 73 10067
2018-11-02T16:47Z 45 0 5 82 0 0 72 10067
2018-11-02T16:52Z 180 0 6 82 0 0 72 10068
2018-11-02T16:57Z 135 0 9 82 0 0 72 10067
2018-11-02T17:02Z 225 0 9 82 0 0 72 10066
2018-11-02T17:07Z 225 0 5 82 0 0 72 10064
2018-11-02T17:12Z 225 0 5 82 0 0 72 10064
2018-11-02T17:17Z 225 0 5 82 0 0 72 10064
2018-11-02T17:23Z 225 0 5 82 0 0 72 10062
2018-11-02T17:28Z 90 0 3 81 0 0 73 10062
2018-11-02T17:33Z 90 0 3 81 0 0 73 10062
2018-11-02T17:38Z 90 0 0 81 0 0 74 10060
2018-11-02T17:43Z 90 0 0 81 0 0 74 10060
2018-11-02T17:48Z 45 0 2 81 0 0 74 10059
2018-11-02T17:53Z 315 0 2 81 0 0 75 10058
2018-11-02T17:58Z 225 0 4 81 0 0 75 10058
2018-11-02T18:03Z 45 4 11 81 0 0 75 10057
2018-11-02T18:08Z 135 9 15 81 0 0 74 10057
2018-11-02T18:13Z 135 0 15 81 0 0 74 10057
2018-11-02T18:18Z 180 0 15 81 0 0 74 10057
2018-11-02T18:23Z 225 0 5 81 0 0 74 10056
2018-11-02T18:28Z 270 0 0 81 0 0 74 10056
2018-11-02T18:33Z 270 0 0 81 0 0 74 10055
2018-11-02T18:38Z 225 3 5 81 0 0 75 10056
2018-11-02T18:43Z 225 0 9 81 0 0 75 10055
2018-11-02T18:48Z 315 0 9 81 0 0 76 10055
2018-11-02T18:53Z 315 0 5 81 0 0 76 10053
2018-11-02T18:59Z 315 0 5 81 0 0 76 10054
2018-11-02T19:04Z 315 5 11 80 0 0 76 10052
2018-11-02T19:09Z 225 3 11 80 0 0 77 10052
2018-11-02T19:14Z 90 0 9 80 0 0 77 10052
2018-11-02T19:19Z 45 3 10 80 0 0 77 10054
2018-11-02T19:24Z 270 1 10 80 0 0 78 10053
2018-11-02T19:29Z 45 1 9 80 0 0 78 10053
2018-11-02T19:34Z 135 0 5 80 0 0 78 10051
2018-11-02T19:39Z 225 0 5 80 0 0 79 10051
2018-11-02T19:44Z 270 0 5 80 0 0 79 10051
2018-11-02T19:49Z 270 0 5 80 0 0 78 10051
2018-11-02T19:54Z 180 0 0 80 0 0 78 10052
2018-11-02T19:59Z 270 0 0 80 0 0 79 10053
2018-11-02T20:04Z 225 0 5 80 0 0 79 10053
2018-11-02T20:09Z 135 7 15 80 0 0 80 10052
2018-11-02T20:14Z 90 5 15 80 0 0 82 10051
2018-11-02T20:19Z 135 6 11 80 0 0 81 10050
2018-11-02T20:24Z 135 5 13 79 0 0 81 10050
2018-11-02T20:30Z 135 3 13 79 0 0 81 10050
2018-11-02T20:37Z 135 6 12 79 0 0 81 10049
2018-11-02T20:42Z 45 3 12 79 0 0 81 10049
2018-11-02T20:47Z 135 4 10 79 0 0 81 10050
2018-11-02T20:52Z 90 1 9 79 0 0 81 10051
2018-11-02T20:58Z 315 0 6 79 0 0 81 10050
2018-11-02T21:03Z 180 1 3 79 0 0 81 10049
2018-11-02T21:08Z 180 0 3 79 0 0 82 10050
2018-11-02T21:13Z 45 2 6 78 0 0 83 10050
2018-11-02T21:18Z 45 1 6 78 0 0 83 10050
2018-11-02T21:23Z 135 0 6 78 0 0 82 10051
2018-11-02T21:28Z 90 3 6 78 0 0 82 10052
2018-11-02T21:33Z 180 0 6 78 0 0 82 10050
2018-11-02T21:38Z 45 2 6 78 0 0 81 10052
2018-11-02T21:43Z 45 2 8 78 0 0 81 10052
2018-11-02T21:48Z 45 2 9 78 0 0 80 10052
2018-11-02T21:53Z 45 4 12 78 0 0 80 10052
2018-11-02T21:58Z 45 4 12 78 0 0 81 10052
2018-11-02T22:03Z 45 5 9 78 0 0 81 10055
2018-11-02T22:08Z 45 4 9 78 0 0 81 10054
2018-11-02T22:13Z 45 3 9 78 0 0 81 10054
2018-11-02T22:18Z 45 3 9 78 0 0 82 10055
2018-11-02T22:23Z 45 3 9 78 0 0 82 10055
2018-11-02T22:29Z 45 5 9 78 0 0 82 10058
2018-11-02T22:34Z 45 4 9 78 0 0 82 10059
2018-11-02T22:39Z 45 3 9 78 0 0 82 10060
2018-11-02T22:44Z 45 3 9 78 0 0 82 10060
2018-11-02T22:49Z 45 3 9 78 0 0 83 10062
2018-11-02T22:54Z 45 3 6 78 0 0 83 10062
2018-11-02T22:59Z 45 3 9 78 0 0 83 10061
2018-11-02T23:04Z 45 4 9 78 0 0 82 10063
2018-11-02T23:09Z 45 5 9 78 0 0 82 10063
2018-11-02T23:14Z 45 4 9 78 0 0 82 10064
2018-11-02T23:19Z 45 3 9 79 0 0 82 10065
2018-11-02T23:24Z 45 4 9 79 0 0 82 10065
2018-11-02T23:29Z 45 3 9 79 0 0 81 10066
2018-11-02T23:34Z 45 4 9 80 0 0 80 10067
2018-11-02T23:39Z 45 6 9 80 0 0 80 10068
2018-11-02T23:44Z 45 3 9 80 0 0 79 10069
2018-11-02T23:49Z 45 4 7 81 0 0 78 10070
2018-11-02T23:54Z 45 3 8 81 0 0 77 10069
2018-11-02T23:59Z 45 6 9 82 0 0 75 10071
2018-11-03T00:05Z 45 6 14 82 0 0 75 10073
2018-11-03T00:10Z 45 3 14 83 0 0 74 10071
2018-11-03T00:15Z 45 2 11 84 0 0 72 10072
2018-11-03T00:20Z 45 3 8 85 0 0 70 10073
2018-11-03T00:25Z 45 3 9 86 0 0 68 10073
2018-11-03T00:30Z 45 6 12 86 0 0 66 10073
2018-11-03T00:35Z 45 3 12 87 0 0 66 10074
2018-11-03T00:40Z 45 6 16 88 0 0 63 10075
2018-11-03T00:45Z 45 3 17 89 0 0 62 10074
2018-11-03T00:50Z 45 3 17 89 0 0 61 10077
2018-11-03T00:55Z 45 6 16 89 0 0 60 10076
2018-11-03T01:00Z 45 5 16 90 0 0 59 10076
2018-11-03T01:05Z 45 6 18 91 0 0 58 10077
2018-11-03T01:10Z 45 9 18 91 0 0 56 10078
2018-11-03T01:15Z 45 6 16 92 0 0 55 10078
2018-11-03T01:20Z 90 4 14 93 0 0 52 10077
2018-11-03T01:25Z 45 0 14 94 0 0 51 10079
2018-11-03T01:30Z 45 7 14 96 0 0 48 10079
2018-11-03T01:35Z 225 3 14 96 0 0 48 10081
2018-11-03T01:41Z 45 1 9 98 0 0 45 10081
2018-11-03T01:46Z 90 0 9 100 0 0 43 10080
2018-11-03T01:51Z 45 0 9 102 0 0 40 10081
2018-11-03T01:56Z 180 0 9 104 0 0 39 10081
2018-11-03T02:01Z 135 6 12 105 0 0 37 10081
2018-11-03T02:06Z 225 1 12 104 0 0 37 10081
2018-11-03T02:11Z 45 6 12 105 0 0 35 10081
2018-11-03T02:16Z 45 2 12 106 0 0 35 10081
2018-11-03T02:21Z 90 0 9 108 0 0 34 10079
2018-11-03T02:26Z 135 5 13 107 0 0 34 10080
2018-11-03T02:31Z 225 4 13 104 0 0 36 10079
2018-11-03T02:36Z 45 3 13 103 0 0 37 10080
2018-11-03T02:41Z 225 5 11 104 0 0 37 10079
2018-11-03T02:46Z 180 4 13 105 0 0 36 10078
2018-11-03T02:51Z 225 1 13 106 0 0 34 10078
2018-11-03T02:56Z 45 0 9 108 0 0 32 10079
2018-11-03T03:01Z 90 0 9 110 0 0 31 10079
2018-11-03T03:06Z 225 1 9 113 0 0 29 10078
2018-11-03T03:12Z 45 4 12 115 0 0 27 10079
2018-11-03T03:17Z 45 11 23 114 0 0 25 10076
2018-11-03T03:22Z 45 7 23 112 0 0 27 10075
2018-11-03T03:27Z 45 7 22 110 0 0 29 10074
2018-11-03T03:32Z 45 4 22 109 0 0 31 10074
2018-11-03T03:37Z 45 5 13 109 0 0 31 10074
2018-11-03T03:42Z 90 0 13 109 0 0 31 10073
2018-11-03T03:47Z 45 6 18 109 0 0 30 10073
2018-11-03T03:52Z 45 4 18 108 0 0 31 10072
2018-11-03T03:57Z 45 7 23 106 0 0 33 10072
2018-11-03T04:02Z 45 5 27 106 0 0 33 10071
2018-11-03T04:07Z 45 8 27 106 0 0 33 10071
2018-11-03T04:12Z 45 6 18 106 0 0 34 10071
2018-11-03T04:17Z 45 6 19 106 0 0 33 10072
2018-11-03T04:22Z 45 3 19 107 0 0 32 10070
2018-11-03T04:27Z 90 7 15 108 0 0 32 10068
2018-11-03T04:32Z 45 7 22 108 0 0 32 10068
2018-11-03T04:37Z 90 6 22 109 0 0 31 10066
2018-11-03T04:42Z 45 0 15 112 0 0 29 10066
2018-11-03T04:48Z 45 1 11 114 0 0 27 10066
2018-11-03T04:53Z 45 6 15 115 0 0 26 10065
2018-11-03T04:58Z 45 5 15 114 0 0 27 10065
2018-11-03T05:03Z 45 5 15 113 0 0 28 10065
2018-11-03T05:08Z 45 2 15 109 0 0 31 10063
2018-11-03T05:13Z 45 6 13 108 0 0 32 10061
2018-11-03T05:18Z 90 8 14 105 0 0 35 10062
2018-11-03T05:23Z 45 9 22 103 0 0 36 10060
2018-11-03T05:28Z 45 10 22 103 0 0 37 10060
2018-11-03T05:33Z 90 9 22 102 0 0 39 10059
2018-11-03T05:38Z 45 3 22 102 0 0 38 10057
2018-11-03T05:43Z 45 4 18 104 0 0 36 10057
2018-11-03T05:48Z 45 3 15 107 0 0 33 10055
2018-11-03T05:53Z 45 0 18 110 0 0 31 10056
2018-11-03T05:58Z 45 6 18 112 0 0 30 10053
2018-11-03T06:03Z 45 6 14 114 0 0 28 10053
2018-11-03T06:08Z 90 6 18 115 0 0 26 10052
2018-11-03T06:13Z 45 8 18 113 0 0 27 10051
2018-11-03T06:19Z 45 9 18 111 0 0 28 10050
2018-11-03T06:24Z 45 4 18 108 0 0 31 10049
2018-11-03T06:29Z 45 3 13 106 0 0 34 10048
2018-11-03T06:34Z 45 6 18 104 0 0 36 10047
2018-11-03T06:39Z 45 1 18 102 0 0 38 10048
2018-11-03T06:44Z 45 5 18 100 0 0 41 10048
2018-11-03T06:49Z 45 4 18 99 0 0 43 10047
2018-11-03T06:54Z 45 3 14 99 0 0 43 10046
2018-11-03T06:59Z 45 3 14 99 0 0 44 10046
2018-11-03T07:04Z 45 8 18 99 0 0 47 10045
2018-11-03T07:09Z 45 6 18 96 1 1 51 10044
2018-11-03T07:14Z 45 3 18 93 2 2 53 10043
2018-11-03T07:19Z 180 0 10 93 2 2 58 10042
2018-11-03T07:24Z 90 0 5 95 2 2 55 10042
2018-11-03T07:29Z 45 0 5 98 2 2 52 10043
2018-11-03T07:34Z 45 3 9 101 2 2 45 10042
2018-11-03T07:39Z 45 2 9 101 2 2 43 10043
2018-11-03T07:44Z 45 1 9 100 2 2 44 10042
2018-11-03T07:49Z 45 4 10 98 2 2 46 10041
2018-11-03T07:55Z 180 2 10 96 2 2 48 10040
2018-11-03T08:00Z 45 0 10 95 2 2 49 10042
2018-11-03T08:05Z 45 0 11 94 2 2 50 10043
2018-11-03T08:10Z 45 3 12 94 1 2 52 10042
2018-11-03T08:15Z 45 0 12 93 0 2 52 10045
2018-11-03T08:20Z 45 4 10 93 0 2 53 10043
2018-11-03T08:25Z 45 3 20 92 0 2 55 10042
2018-11-03T08:30Z 45 5 20 92 0 2 57 10044
2018-11-03T08:35Z 45 4 16 91 0 2 57 10041
2018-11-03T08:40Z 45 4 16 91 0 2 58 10043
2018-11-03T08:45Z 45 7 21 90 0 2 59 10043
2018-11-03T08:50Z 45 15 28 89 0 2 64 10044
2018-11-03T08:55Z 90 21 54 86 14 16 70 10050
2018-11-03T09:00Z 45 9 54 83 31 33 65 10047
2018-11-03T09:05Z 270 0 30 81 31 33 76 10046
2018-11-03T09:10Z 180 3 10 80 31 33 79 10045
2018-11-03T09:15Z 225 14 23 80 31 33 75 10043
2018-11-03T09:20Z 180 11 23 80 31 33 76 10046
2018-11-03T09:26Z 135 1 19 80 31 33 77 10044
2018-11-03T09:31Z 45 0 12 80 31 33 79 10045
2018-11-03T09:36Z 45 0 3 80 31 33 80 10044
2018-11-03T09:41Z 90 0 3 80 31 33 80 10047
2018-11-03T09:46Z 180 0 0 81 31 33 81 10047
2018-11-03T09:51Z 180 0 3 81 31 33 81 10048
2018-11-03T09:56Z 180 0 3 81 18 35 81 10048
2018-11-03T10:01Z 45 0 3 81 1 35 81 10052
2018-11-03T10:06Z 45 0 3 81 1 35 80 10054
2018-11-03T10:11Z 45 0 7 81 1 35 81 10053
2018-11-03T10:16Z 45 0 7 81 1 35 82 10055
2018-11-03T10:21Z 135 0 3 81 1 35 82 10055
2018-11-03T10:26Z 225 0 0 81 1 35 81 10056
2018-11-03T10:31Z 225 0 0 81 1 35 81 10056
2018-11-03T10:36Z 45 0 6 81 1 35 80 10056
2018-11-03T10:41Z 270 0 6 81 1 35 79 10056
2018-11-03T10:46Z 225 0 3 81 1 35 78 10057
2018-11-03T10:51Z 45 0 5 81 1 35 78 10057
2018-11-03T10:56Z 180 0 5 81 0 35 79 10055
2018-11-03T11:01Z 45 3 6 81 0 35 79 10055
2018-11-03T11:06Z 45 3 6 81 0 35 79 10057
2018-11-03T11:11Z 180 2 9 81 0 35 79 10058
2018-11-03T11:16Z 180 1 9 81 0 35 79 10058
2018-11-03T11:21Z 180 0 6 81 0 35 78 10058
2018-11-03T11:27Z 225 0 5 81 0 35 79 10059
2018-11-03T11:32Z 180 0 6 81 0 35 79 10060
2018-11-03T11:37Z 270 0 6 81 0 35 79 10063
2018-11-03T11:42Z 225 0 3 81 0 35 80 10064
2018-11-03T11:47Z 315 0 4 81 0 35 79 10064
2018-11-03T11:52Z 0 0 4 81 0 35 80 10066
2018-11-03T11:57Z 0 0 2 81 0 35 80 10067
2018-11-03T12:02Z 0 0 2 81 0 35 80 10070
2018-11-03T12:07Z 0 0 0 81 0 35 80 10071
2018-11-03T12:12Z 0 0 0 81 0 35 79 10070
2018-11-03T12:17Z 0 0 0 81 0 35 79 10070
2018-11-03T12:22Z 0 0 0 81 0 35 79 10072
2018-11-03T12:27Z 0 0 0 81 0 35 80 10073
2018-11-03T12:32Z 135 0 3 81 0 35 80 10075
2018-11-03T12:37Z 135 2 8 81 0 35 81 10075
2018-11-03T12:42Z 225 9 15 81 0 35 78 10075
2018-11-03T12:47Z 135 5 15 81 0 35 78 10076
2018-11-03T12:52Z 180 9 20 80 0 35 77 10076
2018-11-03T12:57Z 180 11 20 79 0 35 78 10077
2018-11-03T13:03Z 135 7 20 79 0 35 79 10079
2018-11-03T13:08Z 225 11 21 79 0 35 80 10076
2018-11-03T13:13Z 180 8 21 79 0 35 81 10077
2018-11-03T13:18Z 180 4 15 79 0 35 81 10079
2018-11-03T13:23Z 225 6 15 78 0 35 82 10078
2018-11-03T13:28Z 45 9 16 78 0 35 81 10081
2018-11-03T13:33Z 180 5 16 78 0 35 81 10083
2018-11-03T13:38Z 180 7 14 78 0 35 81 10083
2018-11-03T13:43Z 180 6 14 78 0 35 81 10083
2018-11-03T13:48Z 135 5 15 78 0 35 82 10085
2018-11-03T13:53Z 135 5 12 78 0 35 82 10086
2018-11-03T13:58Z 225 6 12 78 0 35 82 10087
2018-11-03T14:03Z 225 9 14 78 0 35 82 10087
2018-11-03T14:08Z 225 9 15 78 0 35 82 10088
2018-11-03T14:13Z 225 8 15 78 0 35 81 10087
2018-11-03T14:18Z 225 7 13 78 0 35 80 10087
2018-11-03T14:23Z 225 6 13 78 0 35 80 10088
2018-11-03T14:28Z 225 7 12 78 0 35 80 10087
2018-11-03T14:33Z 225 5 12 78 0 35 80 10089
2018-11-03T14:39Z 225 5 12 78 0 35 80 10089
2018-11-03T14:44Z 225 6 12 78 0 35 80 10087
2018-11-03T14:49Z 225 3 12 78 0 35 79 10087
2018-11-03T14:54Z 225 0 12 78 0 35 80 10088
2018-11-03T14:59Z 180 2 6 78 0 35 79 10085
2018-11-03T15:04Z 90 3 9 78 0 35 78 10086
2018-11-03T15:09Z 135 3 9 78 0 35 78 10086
2018-11-03T15:14Z 225 1 6 78 0 35 78 10086
2018-11-03T15:19Z 180 3 6 78 0 35 78 10085
2018-11-03T15:24Z 180 2 6 78 0 35 78 10086
2018-11-03T15:29Z 225 0 6 78 0 35 79 10085
2018-11-03T15:34Z 180 1 6 78 0 35 79 10085
2018-11-03T15:39Z 225 2 5 78 0 35 79 10085
2018-11-03T15:44Z 225 1 5 78 0 35 79 10085
2018-11-03T15:49Z 225 2 5 78 0 35 79 10084
2018-11-03T15:54Z 225 0 4 78 0 35 79 10086
2018-11-03T15:59Z 270 0 4 78 0 35 79 10084
2018-11-03T16:04Z 45 0 4 78 0 35 79 10085
2018-11-03T16:10Z 180 0 3 78 0 35 80 10085
2018-11-03T16:15Z 225 0 3 78 0 35 80 10084
2018-11-03T16:20Z 270 0 0 78 0 35 80 10085
2018-11-03T16:25Z 225 0 4 78 0 35 80 10084
2018-11-03T16:30Z 225 0 4 78 0 35 80 10083
2018-11-03T16:35Z 225 2 4 78 0 35 80 10082
2018-11-03T16:40Z 225 2 4 78 0 35 80 10080
2018-11-03T16:45Z 135 3 5 78 0 35 81 10079
2018-11-03T16:50Z 225 3 6 77 0 35 81 10077
2018-11-03T16:55Z 180 5 9 77 0 35 81 10076
2018-11-03T17:00Z 225 3 9 77 0 35 81 10075
2018-11-03T17:05Z 225 0 8 77 0 35 82 10075
2018-11-03T17:10Z 270 2 4 77 0 35 82 10074
2018-11-03T17:15Z 225 3 6 77 0 35 82 10073
2018-11-03T17:20Z 225 5 8 77 0 35 82 10072
2018-11-03T17:25Z 225 3 9 77 0 35 83 10070
2018-11-03T17:30Z 225 3 9 77 0 35 83 10070
2018-11-03T17:35Z 225 2 7 77 0 35 83 10069
2018-11-03T17:40Z 225 3 7 77 0 35 83 10068
2018-11-03T17:46Z 225 3 7 77 0 35 84 10068
2018-11-03T17:51Z 225 3 6 77 0 35 84 10069
2018-11-03T17:56Z 225 1 5 77 0 35 84 10068
2018-11-03T18:05Z 225 3 6 77 0 35 84 10068
2018-11-03T18:11Z 270 3 5 76 0 35 84 10067
2018-11-03T18:16Z 225 2 5 76 0 35 84 10066
2018-11-03T18:21Z 225 0 4 76 0 35 85 10065
2018-11-03T18:26Z 225 3 5 76 0 35 85 10065
2018-11-03T18:31Z 225 4 7 76 0 35 85 10064
2018-11-03T18:36Z 225 2 7 76 0 35 85 10063
2018-11-03T18:41Z 225 0 7 76 0 35 85 10064
2018-11-03T18:46Z 225 0 4 76 0 35 85 10064
2018-11-03T18:51Z 225 0 4 76 0 35 85 10063
2018-11-03T18:56Z 225 0 2 76 0 35 86 10064
2018-11-03T19:01Z 225 0 4 76 0 35 86 10063
2018-11-03T19:06Z 270 1 5 76 0 35 86 10062
2018-11-03T19:11Z 270 1 4 76 0 35 87 10061
2018-11-03T19:16Z 270 3 5 76 0 35 86 10059
2018-11-03T19:21Z 225 3 6 76 0 35 86 10059
2018-11-03T19:26Z 270 3 6 76 0 35 87 10058
2018-11-03T19:31Z 135 2 6 76 0 35 87 10056
2018-11-03T19:36Z 135 3 6 76 0 35 87 10057
2018-11-03T19:41Z 180 3 7 76 0 35 87 10056
2018-11-03T19:47Z 225 3 9 76 0 35 87 10055
2018-11-03T19:52Z 225 3 9 76 0 35 87 10053
2018-11-03T19:57Z 225 5 9 76 0 35 87 10052
2018-11-03T20:02Z 180 3 9 76 0 35 87 10053
2018-11-03T20:07Z 180 3 7 76 0 35 88 10054
2018-11-03T20:12Z 135 1 6 76 0 35 88 10053
2018-11-03T20:17Z 45 2 6 76 0 35 88 10053
2018-11-03T20:22Z 90 0 6 76 0 35 88 10054
2018-11-03T20:27Z 135 0 4 75 0 35 88 10053
2018-11-03T20:32Z 180 2 4 75 0 35 88 10053
2018-11-03T20:37Z 90 1 4 75 0 35 88 10054
2018-11-03T20:42Z 180 1 4 75 0 35 88 10053
2018-11-03T20:47Z 180 4 7 75 0 35 88 10053
2018-11-03T20:52Z 180 3 7 75 0 35 88 10053
2018-11-03T20:57Z 180 3 7 75 0 35 88 10053
2018-11-03T21:02Z 225 2 6 75 0 35 89 10053
2018-11-03T21:07Z 180 3 7 75 0 35 88 10053
2018-11-03T21:12Z 135 3 7 75 0 35 89 10052
2018-11-03T21:18Z 180 4 7 75 0 35 89 10053
2018-11-03T21:23Z 180 3 7 75 0 35 89 10053
2018-11-03T21:28Z 180 2 6 75 0 35 89 10054
2018-11-03T21:33Z 225 1 6 75 0 35 89 10054
2018-11-03T21:38Z 45 2 6 75 0 35 89 10055
2018-11-03T21:43Z 45 3 6 75 0 35 89 10056
2018-11-03T21:48Z 45 0 6 75 0 35 89 10056
2018-11-03T21:53Z 45 0 4 75 0 35 90 10055
2018-11-03T21:58Z 45 1 4 75 0 35 90 10055
2018-11-03T22:03Z 135 3 6 75 0 35 90 10055
2018-11-03T22:08Z 135 3 9 75 0 35 90 10056
2018-11-03T22:13Z 135 3 9 75 0 35 90 10056
2018-11-03T22:18Z 45 4 9 75 0 35 90 10056
2018-11-03T22:23Z 45 3 9 75 0 35 90 10057
2018-11-03T22:28Z 45 3 9 75 0 35 90 10056
2018-11-03T22:33Z 135 4 9 75 0 35 90 10057
2018-11-03T22:38Z 90 3 9 75 0 35 90 10058
2018-11-03T22:43Z 180 3 9 75 0 35 90 10057
2018-11-03T22:48Z 45 5 11 75 0 35 90 10058
2018-11-03T22:54Z 135 5 11 75 0 35 90 10057
2018-11-03T22:59Z 135 4 9 75 0 35 90 10058
2018-11-03T23:04Z 135 5 9 75 0 35 90 10058
2018-11-03T23:09Z 90 4 9 75 0 35 90 10058
2018-11-03T23:14Z 45 4 10 75 0 35 90 10057
2018-11-03T23:19Z 180 5 10 75 0 35 90 10059
2018-11-03T23:24Z 45 4 9 75 0 35 90 10059
2018-11-03T23:29Z 45 2 12 75 0 35 90 10061
2018-11-03T23:34Z 45 0 12 75 0 35 90 10062
2018-11-03T23:39Z 270 0 5 75 0 35 90 10063
2018-11-03T23:44Z 45 0 4 75 0 35 89 10063
2018-11-03T23:49Z 45 0 4 75 0 35 89 10063
2018-11-03T23:54Z 180 0 3 75 0 35 89 10065
2018-11-03T23:59Z 90 1 3 76 0 35 89 10065
2018-11-04T00:04Z 225 1 3 76 0 35 88 10065
2018-11-04T00:09Z 45 1 3 76 0 35 88 10065
2018-11-04T00:14Z 90 1 4 76 0 35 88 10065
2018-11-04T00:19Z 90 2 4 76 0 35 88 10067
2018-11-04T00:24Z 45 1 4 76 0 35 87 10067
2018-11-04T00:29Z 45 1 6 76 0 35 87 10067
2018-11-04T00:34Z 45 1 6 77 0 35 86 10069
2018-11-04T00:39Z 135 1 4 77 0 35 84 10069
2018-11-04T00:44Z 45 0 4 78 0 35 84 10069
2018-11-04T00:49Z 45 2 4 78 0 35 82 10071
2018-11-04T00:55Z 45 1 4 80 0 35 81 10072
2018-11-04T01:00Z 45 3 6 81 0 35 78 10071
2018-11-04T01:05Z 45 1 6 84 0 35 73 10072
2018-11-04T01:10Z 45 3 10 86 0 35 66 10072
2018-11-04T01:15Z 45 1 10 88 0 35 63 10073
2018-11-04T01:20Z 45 2 6 91 0 35 59 10074
2018-11-04T01:25Z 45 0 6 93 0 35 58 10075
2018-11-04T01:30Z 45 2 7 96 0 35 52 10075
2018-11-04T01:35Z 45 1 7 97 0 35 48 10076
2018-11-04T01:40Z 45 2 9 98 0 35 46 10077
2018-11-04T01:45Z 45 0 9 99 0 35 46 10078
2018-11-04T01:50Z 90 1 8 101 0 35 44 10078
2018-11-04T01:55Z 45 2 7 102 0 35 41 10078
2018-11-04T02:00Z 135 0 7 104 0 35 39 10078
2018-11-04T02:05Z 90 0 6 105 0 35 39 10080
2018-11-04T02:10Z 45 2 6 106 0 35 37 10080
2018-11-04T02:15Z 90 2 8 105 0 35 37 10080
2018-11-04T02:20Z 90 1 8 106 0 35 36 10080
2018-11-04T02:26Z 45 3 8 105 0 35 37 10079
2018-11-04T02:31Z 45 0 8 105 0 35 37 10080
2018-11-04T02:36Z 45 0 6 106 0 35 37 10082
2018-11-04T02:41Z 45 0 6 108 0 35 35 10081
2018-11-04T02:46Z 45 0 6 109 0 35 33 10082
2018-11-04T02:51Z 45 1 6 110 0 35 32 10082
2018-11-04T02:56Z 45 3 8 110 0 35 32 10081
2018-11-04T03:01Z 90 5 17 108 0 35 35 10080
2018-11-04T03:06Z 45 6 17 105 0 35 37 10080
2018-11-04T03:11Z 45 1 14 106 0 35 37 10078
2018-11-04T03:16Z 45 0 10 108 0 35 35 10078
2018-11-04T03:21Z 45 0 10 111 0 35 32 10078
2018-11-04T03:26Z 45 2 10 113 0 35 30 10077
2018-11-04T03:31Z 45 5 12 114 0 35 28 10077
2018-11-04T03:36Z 45 0 12 115 0 35 29 10076
2018-11-04T03:41Z 45 1 8 117 0 35 27 10075
2018-11-04T03:46Z 45 0 10 117 0 35 27 10076
2018-11-04T03:51Z 45 3 10 118 0 35 26 10072
2018-11-04T03:56Z 45 3 9 117 0 35 26 10071
2018-11-04T04:06Z 45 2 8 117 0 35 26 10068
2018-11-04T04:11Z 45 3 13 117 0 35 26 10066
2018-11-04T04:16Z 45 6 14 116 0 35 26 10066
2018-11-04T04:21Z 45 3 16 115 0 35 27 10064
2018-11-04T04:27Z 45 9 17 116 0 35 25 10063
2018-11-04T04:32Z 45 1 17 114 0 35 26 10064
2018-11-04T04:37Z 90 2 13 116 0 35 26 10061
2018-11-04T04:42Z 90 4 18 117 0 35 24 10060
2018-11-04T04:47Z 45 5 18 117 0 35 23 10060
2018-11-04T04:52Z 45 3 13 119 0 35 23 10057
2018-11-04T04:57Z 45 5 12 119 0 35 22 10056
2018-11-04T05:02Z 45 6 17 119 0 35 23 10056
2018-11-04T05:07Z 45 1 17 119 0 35 22 10054
2018-11-04T05:12Z 45 3 12 120 0 35 21 10053
2018-11-04T05:17Z 45 4 15 121 0 35 21 10052
2018-11-04T05:22Z 45 4 15 119 0 35 22 10052
2018-11-04T05:27Z 45 4 18 114 0 35 25 10050
2018-11-04T05:32Z 45 4 18 116 0 35 25 10050
2018-11-04T05:37Z 45 8 26 114 0 35 27 10048
2018-11-04T05:42Z 45 8 26 114 0 35 27 10048
2018-11-04T05:47Z 45 4 14 115 0 35 27 10047
2018-11-04T05:52Z 45 6 14 117 0 35 24 10046
2018-11-04T05:57Z 45 4 14 118 0 35 23 10045
2018-11-04T06:02Z 90 6 13 118 0 35 22 10043
2018-11-04T06:07Z 90 1 13 116 0 35 23 10043
2018-11-04T06:12Z 45 1 18 112 0 35 26 10043
2018-11-04T06:17Z 135 3 18 110 0 35 28 10041
2018-11-04T06:22Z 45 3 13 111 0 35 27 10042
2018-11-04T06:28Z 45 6 18 111 0 35 28 10040
2018-11-04T06:33Z 45 3 18 111 0 35 28 10039
2018-11-04T06:38Z 180 3 13 112 0 35 27 10040
2018-11-04T06:43Z 90 6 13 114 0 35 25 10038
2018-11-04T06:48Z 45 3 13 115 0 35 24 10038
2018-11-04T06:53Z 90 0 9 115 0 35 24 10038
2018-11-04T06:58Z 45 3 9 116 0 35 24 10034
2018-11-04T07:03Z 45 3 9 117 0 35 24 10035
2018-11-04T07:08Z 45 2 9 117 0 32 24 10035
2018-11-04T07:13Z 45 3 9 118 0 32 24 10033
2018-11-04T07:18Z 45 3 9 118 0 32 24 10032
2018-11-04T07:23Z 45 3 9 117 0 32 24 10032
2018-11-04T07:28Z 45 1 9 118 0 32 24 10033
2018-11-04T07:33Z 45 3 14 117 0 32 24 10033
2018-11-04T07:38Z 45 2 14 117 0 32 25 10031
2018-11-04T07:43Z 45 0 10 116 0 32 26 10029
2018-11-04T07:48Z 45 3 10 114 0 32 26 10029
2018-11-04T07:53Z 45 3 10 114 0 32 27 10028
2018-11-04T07:58Z 45 2 11 114 0 32 27 10029
2018-11-04T08:04Z 45 6 13 113 0 32 27 10028
2018-11-04T08:09Z 45 1 13 111 0 32 29 10027
2018-11-04T08:14Z 45 2 12 109 0 32 31 10028
2018-11-04T08:19Z 45 3 12 107 0 32 32 10030
2018-11-04T08:24Z 90 28 62 102 0 32 43 10029
2018-11-04T08:29Z 45 29 62 93 0 32 54 10029
2018-11-04T08:34Z 135 22 52 88 0 32 64 10027
2018-11-04T08:39Z 90 8 50 87 0 32 69 10028
2018-11-04T08:44Z 90 12 27 87 0 32 67 10029
2018-11-04T08:49Z 45 4 27 87 0 31 67 10028
2018-11-04T08:54Z 45 4 19 88 0 3 67 10028
2018-11-04T08:59Z 225 1 13 88 0 1 65 10029
2018-11-04T09:04Z 45 3 8 89 0 1 65 10030
2018-11-04T09:09Z 45 4 9 89 0 1 64 10030
2018-11-04T09:14Z 45 3 13 90 0 1 64 10029
2018-11-04T09:19Z 45 3 17 90 0 1 62 10031
2018-11-04T09:24Z 45 3 17 90 0 1 62 10030
2018-11-04T09:29Z 45 4 14 90 0 1 63 10030
2018-11-04T09:35Z 45 3 14 90 0 1 64 10033
2018-11-04T09:40Z 45 7 18 89 0 1 64 10034
2018-11-04T09:45Z 45 6 20 89 0 1 64 10033
2018-11-04T09:50Z 45 6 20 88 0 1 64 10034
2018-11-04T09:55Z 45 8 20 88 0 0 65 10035
2018-11-04T10:00Z 45 6 20 88 0 0 66 10034
2018-11-04T10:05Z 45 4 18 87 0 0 66 10036
2018-11-04T10:10Z 45 6 18 87 0 0 68 10036
2018-11-04T10:15Z 45 6 18 87 0 0 68 10036
2018-11-04T10:20Z 45 6 22 86 0 0 69 10037
2018-11-04T10:25Z 45 3 14 86 0 0 70 10038
2018-11-04T10:30Z 45 6 29 86 0 0 70 10039
2018-11-04T10:35Z 45 7 29 85 0 0 70 10038
2018-11-04T10:40Z 45 6 22 85 0 0 70 10039
2018-11-04T10:45Z 45 6 16 85 0 0 71 10041
2018-11-04T10:50Z 45 3 18 84 0 0 71 10043
2018-11-04T10:55Z 45 4 18 84 0 0 72 10044
2018-11-04T11:00Z 45 8 22 84 0 0 72 10044
2018-11-04T11:05Z 45 4 22 84 0 0 73 10045
2018-11-04T11:10Z 45 4 18 84 0 0 73 10047
2018-11-04T11:15Z 45 2 15 84 0 0 73 10048
2018-11-04T11:20Z 45 5 12 83 0 0 74 10049
2018-11-04T11:25Z 45 1 12 83 0 0 74 10048
2018-11-04T11:30Z 45 5 13 83 0 0 74 10049
2018-11-04T11:36Z 45 3 13 83 0 0 74 10050
2018-11-04T11:41Z 180 3 13 83 0 0 74 10051
2018-11-04T11:46Z 45 3 10 83 0 0 74 10052
2018-11-04T11:51Z 45 6 12 83 0 0 75 10054
2018-11-04T11:56Z 45 3 12 83 0 0 75 10053
2018-11-04T12:01Z 45 3 10 83 0 0 75 10053
2018-11-04T12:06Z 45 4 10 83 0 0 75 10052
2018-11-04T12:11Z 45 3 10 83 0 0 75 10053
2018-11-04T12:16Z 45 3 10 83 0 0 76 10055
2018-11-04T12:21Z 45 3 12 83 0 0 76 10056
2018-11-04T12:26Z 45 3 12 83 0 0 76 10056
2018-11-04T12:31Z 225 1 9 83 0 0 77 10059
2018-11-04T12:36Z 45 3 9 83 0 0 77 10060
2018-11-04T12:41Z 45 3 9 83 0 0 77 10060
2018-11-04T12:46Z 45 2 9 83 0 0 77 10060
2018-11-04T12:51Z 180 2 7 83 0 0 78 10060
2018-11-04T12:56Z 45 3 9 83 0 0 78 10060
2018-11-04T13:01Z 90 2 9 83 0 0 78 10062
2018-11-04T13:06Z 135 3 9 83 0 0 78 10065
2018-11-04T13:12Z 90 4 13 83 0 0 78 10065
2018-11-04T13:17Z 90 6 14 83 0 0 78 10065
2018-11-04T13:22Z 90 7 15 83 0 0 78 10064
2018-11-04T13:27Z 135 7 18 83 0 0 78 10064
2018-11-04T13:32Z 45 5 18 82 0 0 78 10066
2018-11-04T13:37Z 90 6 15 82 0 0 78 10067
2018-11-04T13:42Z 90 5 15 82 0 0 78 10065
2018-11-04T13:47Z 90 6 15 82 0 0 79 10065
2018-11-04T13:52Z 45 3 15 82 0 0 79 10066
2018-11-04T13:57Z 90 6 12 82 0 0 79 10067
2018-11-04T14:02Z 90 5 12 82 0 0 79 10067
2018-11-04T14:07Z 90 9 14 82 0 0 79 10067
2018-11-04T14:12Z 45 3 14 82 0 0 80 10068
2018-11-04T14:17Z 90 3 15 82 0 0 80 10069
2018-11-04T14:22Z 90 3 15 82 0 0 80 10068
2018-11-04T14:27Z 90 2 8 82 0 0 80 10069
2018-11-04T14:32Z 135 6 14 82 0 0 80 10067
2018-11-04T14:37Z 135 10 18 81 0 0 80 10065
2018-11-04T14:43Z 135 2 18 81 0 0 80 10065
2018-11-04T14:48Z 45 1 11 81 0 0 81 10066
2018-11-04T14:53Z 180 0 11 81 0 0 81 10065
2018-11-04T14:58Z 135 3 9 81 0 0 81 10063
2018-11-04T15:03Z 135 3 9 81 0 0 82 10062
2018-11-04T15:08Z 135 0 6 81 0 0 82 10064
2018-11-04T15:13Z 90 0 8 81 0 0 82 10063
2018-11-04T15:18Z 45 0 8 81 0 0 82 10064
2018-11-04T15:23Z 135 0 4 81 0 0 82 10064
2018-11-04T15:28Z 45 0 3 81 0 0 83 10064
2018-11-04T15:33Z 225 0 1 81 0 0 83 10063
2018-11-04T15:38Z 135 0 1 80 0 0 83 10062
2018-11-04T15:43Z 135 0 1 80 0 0 83 10062
2018-11-04T15:48Z 135 0 1 80 0 0 82 10062
2018-11-04T15:53Z 135 0 0 80 0 0 83 10060
2018-11-04T15:58Z 135 0 0 80 0 0 83 10057
2018-11-04T16:03Z 135 0 0 80 0 0 82 10059
2018-11-04T16:08Z 135 0 0 80 0 0 83 10060
2018-11-04T16:13Z 135 0 0 80 0 0 83 10060
2018-11-04T16:19Z 135 0 1 80 0 0 83 10060
2018-11-04T16:24Z 225 0 1 80 0 0 83 10060
2018-11-04T16:29Z 225 0 1 80 0 0 83 10060
2018-11-04T16:34Z 225 0 1 80 0 0 83 10061
2018-11-04T16:39Z 225 0 1 80 0 0 83 10062
2018-11-04T16:44Z 225 0 3 80 0 0 82 10062
2018-11-04T16:49Z 270 1 3 80 0 0 83 10061
2018-11-04T16:54Z 225 1 3 80 0 0 82 10059
2018-11-04T16:59Z 270 1 3 80 0 0 82 10058
2018-11-04T17:04Z 270 0 3 80 0 0 82 10055
2018-11-04T17:09Z 270 0 1 80 0 0 82 10056
2018-11-04T17:14Z 270 0 0 80 0 0 82 10054
2018-11-04T17:19Z 180 0 0 80 0 0 82 10053
2018-11-04T17:24Z 90 0 0 80 0 0 82 10053
2018-11-04T17:29Z 90 0 0 80 0 0 82 10054
2018-11-04T17:34Z 90 0 0 80 0 0 82 10053
2018-11-04T17:39Z 90 0 0 80 0 0 83 10053
2018-11-04T17:44Z 90 0 0 80 0 0 83 10052
2018-11-04T17:50Z 90 0 0 80 0 0 83 10051
2018-11-04T17:55Z 270 0 0 80 0 0 83 10049
2018-11-04T18:00Z 270 0 0 80 0 0 83 10051
2018-11-04T18:05Z 270 0 0 80 0 0 84 10050
2018-11-04T18:10Z 315 0 0 80 0 0 84 10048
2018-11-04T18:15Z 315 0 0 80 0 0 83 10048
2018-11-04T18:20Z 315 0 0 80 0 0 84 10048
2018-11-04T18:25Z 315 0 0 80 0 0 84 10047
2018-11-04T18:30Z 315 0 0 80 0 0 84 10044
2018-11-04T18:35Z 315 0 0 80 0 0 83 10044
2018-11-04T18:40Z 315 0 0 80 0 0 84 10043
2018-11-04T18:45Z 315 0 0 80 0 0 84 10042
2018-11-04T18:50Z 315 0 0 80 0 0 84 10041
2018-11-04T18:55Z 315 0 0 80 0 0 84 10041
2018-11-04T19:00Z 315 0 0 80 0 0 85 10041
2018-11-04T19:05Z 315 0 1 80 0 0 85 10041
2018-11-04T19:10Z 90 0 3 80 0 0 85 10041
2018-11-04T19:15Z 90 0 3 80 0 0 85 10039
2018-11-04T19:20Z 45 0 3 80 0 0 84 10039
2018-11-04T19:26Z 225 0 1 80 0 0 84 10040
2018-11-04T19:31Z 225 0 1 80 0 0 84 10039
2018-11-04T19:36Z 135 0 0 80 0 0 84 10037
2018-11-04T19:41Z 135 0 1 80 0 0 84 10037
2018-11-04T19:46Z 225 0 1 79 0 0 85 10038
2018-11-04T19:51Z 225 0 3 79 0 0 86 10037
2018-11-04T19:56Z 225 1 3 79 0 0 86 10039
2018-11-04T20:01Z 225 0 3 79 0 0 87 10039
2018-11-04T20:06Z 225 0 3 79 0 0 87 10039
2018-11-04T20:11Z 225 1 3 79 0 0 87 10039
2018-11-04T20:16Z 225 1 3 79 0 0 87 10040
2018-11-04T20:21Z 225 1 3 79 0 0 87 10040
2018-11-04T20:26Z 225 0 3 79 0 0 87 10041
2018-11-04T20:31Z 180 0 2 79 0 0 87 10041
2018-11-04T20:36Z 225 0 2 79 0 0 87 10040
2018-11-04T20:41Z 225 0 3 79 0 0 87 10042
2018-11-04T20:46Z 225 0 3 79 0 0 87 10042
2018-11-04T20:51Z 135 0 2 79 0 0 87 10042
2018-11-04T20:56Z 225 0 1 79 0 0 87 10041
2018-11-04T21:02Z 45 0 1 79 0 0 87 10042
2018-11-04T21:07Z 45 0 3 79 0 0 86 10042
2018-11-04T21:12Z 90 0 3 79 0 0 86 10043
2018-11-04T21:17Z 180 0 3 79 0 0 85 10041
2018-11-04T21:22Z 180 0 3 79 0 0 85 10042
2018-11-04T21:27Z 225 0 3 79 0 0 85 10042
2018-11-04T21:32Z 225 0 2 79 0 0 85 10042
2018-11-04T21:37Z 225 0 1 79 0 0 85 10043
2018-11-04T21:42Z 180 0 1 79 0 0 86 10043
2018-11-04T21:47Z 180 0 1 79 0 0 86 10043
2018-11-04T21:52Z 180 0 1 79 0 0 86 10043
2018-11-04T21:57Z 135 0 2 79 0 0 85 10043
2018-11-04T22:02Z 135 0 2 79 0 0 85 10044
2018-11-04T22:07Z 135 0 2 79 0 0 85 10043
2018-11-04T22:12Z 225 0 1 79 0 0 85 10044
2018-11-04T22:17Z 270 0 1 79 0 0 85 10045
2018-11-04T22:22Z 45 0 1 79 0 0 85 10044
2018-11-04T22:27Z 180 0 1 79 0 0 85 10045
2018-11-04T22:32Z 225 0 0 80 0 0 84 10046
2018-11-04T22:37Z 270 0 0 80 0 0 84 10047
2018-11-04T22:42Z 180 0 0 80 0 0 84 10047
2018-11-04T22:47Z 180 0 0 80 0 0 84 10049
2018-11-04T22:52Z 225 0 1 80 0 0 84 10049
2018-11-04T22:58Z 270 0 1 80 0 0 84 10050
2018-11-04T23:03Z 270 0 0 80 0 0 84 10050
2018-11-04T23:08Z 225 0 0 80 0 0 84 10051
2018-11-04T23:13Z 225 0 0 80 0 0 83 10051
2018-11-04T23:18Z 270 0 0 80 0 0 83 10052
2018-11-04T23:23Z 270 0 0 80 0 0 83 10052
2018-11-04T23:28Z 270 0 0 80 0 0 82 10052
2018-11-04T23:33Z 270 0 0 81 0 0 82 10051
2018-11-04T23:38Z 270 0 0 81 0 0 82 10053
2018-11-04T23:43Z 270 0 0 81 0 0 82 10054
2018-11-04T23:48Z 270 0 0 81 0 0 80 10055
2018-11-04T23:53Z 270 0 0 82 0 0 80 10054
2018-11-04T23:58Z 270 0 0 82 0 0 79 10054
2018-11-05T00:03Z 270 0 0 83 0 0 77 10055
2018-11-05T00:08Z 225 0 1 83 0 0 76 10056
2018-11-05T00:13Z 225 0 1 83 0 0 77 10056
2018-11-05T00:18Z 225 0 1 84 0 0 76 10057
2018-11-05T00:23Z 225 0 0 84 0 0 76 10058
2018-11-05T00:28Z 225 0 0 85 0 0 73 10059
2018-11-05T00:34Z 225 0 0 85 0 0 72 10060
2018-11-05T00:39Z 270 0 1 86 0 0 71 10060
2018-11-05T00:44Z 0 0 1 86 0 0 69 10060
2018-11-05T00:49Z 225 0 1 87 0 0 67 10061
2018-11-05T00:54Z 45 0 2 88 0 0 67 10061
2018-11-05T00:59Z 45 0 2 88 0 0 65 10061
2018-11-05T01:04Z 225 0 1 89 0 0 64 10061
2018-11-05T01:09Z 225 0 1 90 0 0 62 10063
2018-11-05T01:14Z 225 0 3 90 0 0 62 10062
2018-11-05T01:19Z 225 1 3 90 0 0 60 10062
2018-11-05T01:24Z 180 0 3 91 0 0 60 10064
2018-11-05T01:29Z 45 0 5 91 0 0 60 10064
2018-11-05T01:34Z 225 0 5 92 0 0 58 10064
2018-11-05T01:39Z 45 0 4 93 0 0 56 10065
2018-11-05T01:44Z 45 0 5 95 0 0 53 10065
2018-11-05T01:49Z 45 0 5 96 0 0 51 10066
2018-11-05T01:54Z 180 0 4 97 0 0 50 10067
2018-11-05T01:59Z 45 0 5 99 0 0 48 10070
2018-11-05T02:04Z 45 0 8 100 0 0 46 10069
2018-11-05T02:10Z 45 1 8 101 0 0 45 10068
2018-11-05T02:15Z 225 3 7 99 0 0 46 10068
2018-11-05T02:20Z 45 4 11 98 0 0 47 10069
2018-11-05T02:25Z 45 2 11 99 0 0 46 10069
2018-11-05T02:30Z 45 2 9 98 0 0 47 10069
2018-11-05T02:35Z 45 4 8 98 0 0 47 10069
2018-11-05T02:40Z 225 2 8 97 0 0 49 10068
2018-11-05T02:45Z 90 0 8 99 0 0 46 10068
2018-11-05T02:50Z 45 3 8 102 0 0 42 10069
2018-11-05T02:55Z 180 3 8 105 0 0 39 10068
2018-11-05T03:00Z 45 2 8 105 0 0 38 10068
2018-11-05T03:05Z 225 0 8 104 0 0 39 10066
2018-11-05T03:10Z 270 0 8 103 0 0 41 10067
2018-11-05T03:15Z 225 0 4 104 0 0 40 10066
2018-11-05T03:20Z 45 0 8 106 0 0 38 10065
2018-11-05T03:25Z 45 7 16 107 0 0 35 10066
2018-11-05T03:30Z 45 3 16 105 0 0 37 10065
2018-11-05T03:35Z 45 1 12 104 0 0 38 10063
2018-11-05T03:41Z 45 0 9 104 0 0 39 10063
2018-11-05T03:46Z 135 0 7 104 0 0 39 10062
2018-11-05T03:51Z 45 0 8 103 0 0 39 10062
2018-11-05T03:56Z 225 0 8 103 0 0 39 10061
2018-11-05T04:01Z 45 0 4 104 0 0 39 10060
2018-11-05T04:06Z 135 0 7 104 0 0 38 10058
2018-11-05T04:11Z 135 1 8 106 0 0 36 10057
2018-11-05T04:16Z 90 0 8 108 0 0 34 10057
2018-11-05T04:21Z 45 1 8 108 0 0 33 10055
2018-11-05T04:26Z 45 3 9 108 0 0 33 10054
2018-11-05T04:31Z 45 2 9 110 0 0 32 10052
2018-11-05T04:36Z 45 3 18 112 0 0 30 10051
2018-11-05T04:41Z 45 7 18 111 0 0 29 10051
2018-11-05T04:46Z 45 2 13 111 0 0 30 10050
2018-11-05T04:51Z 45 3 13 112 0 0 31 10051
2018-11-05T04:56Z 45 3 13 112 0 0 31 10051
2018-11-05T05:01Z 45 9 25 110 0 0 33 10049
2018-11-05T05:06Z 45 5 22 108 0 0 35 10047
2018-11-05T05:11Z 45 10 22 109 0 0 34 10046
2018-11-05T05:17Z 90 9 22 107 0 0 35 10043
2018-11-05T05:22Z 45 0 18 109 0 0 34 10044
2018-11-05T05:27Z 45 0 18 109 0 0 34 10044
2018-11-05T05:32Z 45 2 13 113 0 0 28 10042
2018-11-05T05:37Z 45 5 13 114 0 0 26 10041
2018-11-05T05:42Z 45 1 13 115 0 0 25 10040
2018-11-05T05:50Z 90 4 17 115 0 0 23 10038
2018-11-05T05:55Z 45 3 13 114 0 0 24 10036
2018-11-05T06:00Z 45 3 9 115 0 0 24 10037
2018-11-05T06:05Z 45 2 9 116 0 0 23 10036
2018-11-05T06:10Z 45 2 9 117 0 0 23 10034
2018-11-05T06:15Z 45 5 14 116 0 0 23 10033
2018-11-05T06:20Z 45 5 14 115 0 0 24 10033
2018-11-05T06:25Z 45 13 25 113 0 0 25 10031
2018-11-05T06:30Z 45 13 25 113 0 0 25 10031
2018-11-05T06:35Z 90 1 31 108 0 0 29 10030
2018-11-05T06:40Z 45 1 31 109 0 0 29 10029
