2018-10-18T20:59Z 45 2 8 76 0 28 92 9999
2018-10-18T21:04Z 45 0 6 76 0 28 92 10000
2018-10-18T21:09Z 45 2 6 76 0 28 92 10000
2018-10-18T21:14Z 45 1 6 76 0 28 91 10002
2018-10-18T21:19Z 90 2 9 76 0 28 91 10001
2018-10-18T21:24Z 45 2 9 76 0 28 91 10001
2018-10-18T21:29Z 45 3 9 76 0 28 91 10001
2018-10-18T21:34Z 45 0 9 76 0 28 91 10002
2018-10-18T21:39Z 45 0 5 76 0 28 91 10004
2018-10-18T21:44Z 45 0 5 76 0 28 91 10003
2018-10-18T21:49Z 180 1 5 76 0 28 91 10004
2018-10-18T21:55Z 180 2 6 76 0 28 91 10005
2018-10-18T22:00Z 90 3 8 76 0 28 91 10004
2018-10-18T22:05Z 90 4 11 76 0 28 91 10006
2018-10-18T22:10Z 45 3 11 75 0 28 91 10006
2018-10-18T22:15Z 45 3 9 75 0 28 91 10007
2018-10-18T22:20Z 45 1 8 75 0 28 91 10010
2018-10-18T22:25Z 180 1 8 75 0 28 91 10009
2018-10-18T22:30Z 180 2 5 75 0 28 91 10009
2018-10-18T22:35Z 45 0 5 75 0 28 92 10010
2018-10-18T22:40Z 45 1 4 75 0 28 92 10010
2018-10-18T22:45Z 45 2 4 75 0 28 92 10010
2018-10-18T22:50Z 90 1 4 75 0 28 92 10009
2018-10-18T22:55Z 180 3 6 75 0 28 92 10010
2018-10-18T23:01Z 225 0 6 75 0 28 92 10010
2018-10-18T23:06Z 45 0 4 75 0 28 92 10011
2018-10-18T23:11Z 45 0 6 76 0 28 92 10013
2018-10-18T23:16Z 45 2 6 76 0 28 92 10016
2018-10-18T23:21Z 45 2 6 76 0 28 91 10017
2018-10-18T23:26Z 45 1 6 76 0 28 91 10016
2018-10-18T23:31Z 45 1 5 77 0 28 91 10018
2018-10-18T23:36Z 45 0 5 77 0 28 91 10019
2018-10-18T23:41Z 45 0 3 78 0 28 89 10019
2018-10-18T23:46Z 45 0 3 78 0 28 87 10019
2018-10-18T23:51Z 45 1 4 78 0 28 87 10019
2018-10-18T23:56Z 45 0 6 78 0 28 87 10020
2018-10-19T00:02Z 45 0 6 78 0 28 87 10020
2018-10-19T00:07Z 45 1 4 79 0 28 86 10020
2018-10-19T00:12Z 45 0 4 80 0 28 84 10021
2018-10-19T00:17Z 45 1 6 80 0 28 83 10022
2018-10-19T00:22Z 45 2 6 80 0 28 82 10022
2018-10-19T00:27Z 45 2 6 80 0 28 83 10022
2018-10-19T00:32Z 45 0 6 80 0 28 82 10022
2018-10-19T00:37Z 45 3 6 80 0 28 81 10024
2018-10-19T00:42Z 45 3 6 81 0 28 81 10024
2018-10-19T00:47Z 45 4 9 81 0 28 81 10025
2018-10-19T00:52Z 45 3 9 80 0 28 81 10025
2018-10-19T00:57Z 45 2 11 80 0 28 82 10027
2018-10-19T01:02Z 45 3 11 81 0 28 81 10028
2018-10-19T01:08Z 45 3 7 81 0 28 81 10030
2018-10-19T01:13Z 45 0 7 81 0 28 81 10028
2018-10-19T01:18Z 45 1 6 82 0 28 79 10028
2018-10-19T01:23Z 45 3 6 83 0 28 76 10027
2018-10-19T01:28Z 45 2 6 84 0 28 75 10028
2018-10-19T01:33Z 45 1 6 85 0 28 73 10029
2018-10-19T01:38Z 45 3 6 86 0 28 70 10029
2018-10-19T01:43Z 45 3 9 86 0 28 70 10030
2018-10-19T01:48Z 45 3 9 86 0 28 68 10031
2018-10-19T01:53Z 45 3 10 87 0 28 69 10030
2018-10-19T01:58Z 45 3 10 87 0 28 67 10032
2018-10-19T02:03Z 45 0 9 88 0 28 66 10031
2018-10-19T02:09Z 45 1 9 89 0 28 64 10033
2018-10-19T02:14Z 45 2 10 90 0 28 63 10034
2018-10-19T02:19Z 45 8 15 90 0 28 62 10034
2018-10-19T02:24Z 45 5 15 90 0 28 62 10034
2018-10-19T02:29Z 45 3 12 90 0 28 62 10034
2018-10-19T02:34Z 45 3 9 90 0 28 62 10035
2018-10-19T02:39Z 45 3 9 89 0 28 63 10033
2018-10-19T02:44Z 45 6 13 90 0 28 62 10033
2018-10-19T02:49Z 45 5 13 89 0 28 63 10034
2018-10-19T02:58Z 45 2 13 90 0 28 63 10032
2018-10-19T03:03Z 180 2 9 90 0 28 62 10033
2018-10-19T03:08Z 0 2 7 91 0 28 62 10031
2018-10-19T03:13Z 45 0 9 90 0 28 61 10033
2018-10-19T03:19Z 45 0 9 90 0 28 61 10031
2018-10-19T03:24Z 45 4 12 90 0 28 62 10031
2018-10-19T03:29Z 45 3 12 89 0 28 63 10030
2018-10-19T03:34Z 45 3 12 89 0 28 64 10031
2018-10-19T03:39Z 90 3 14 88 0 28 66 10031
2018-10-19T03:44Z 45 3 14 88 0 28 68 10029
2018-10-19T03:50Z 135 6 18 86 0 28 69 10029
2018-10-19T03:55Z 90 7 18 85 0 28 71 10030
2018-10-19T04:04Z 45 4 22 83 1 29 76 10028
2018-10-19T04:09Z 90 6 22 83 2 31 78 10028
2018-10-19T04:14Z 90 4 19 82 3 32 80 10028
2018-10-19T04:19Z 45 6 16 82 3 32 81 10027
2018-10-19T04:24Z 90 3 16 81 5 33 81 10025
2018-10-19T04:30Z 45 2 13 81 5 33 82 10024
2018-10-19T04:35Z 45 2 13 81 6 35 82 10022
2018-10-19T04:40Z 45 1 9 81 6 35 82 10020
2018-10-19T04:45Z 45 0 6 81 6 35 82 10019
2018-10-19T04:50Z 45 1 5 81 6 35 81 10018
2018-10-19T04:55Z 45 0 3 81 6 35 80 10018
2018-10-19T05:00Z 0 0 3 82 6 35 82 10015
2018-10-19T05:05Z 0 0 2 82 5 35 81 10014
2018-10-19T05:10Z 0 0 2 83 3 35 80 10013
2018-10-19T05:15Z 0 0 2 83 2 35 80 10012
2018-10-19T05:20Z 0 0 2 84 2 35 80 10011
2018-10-19T05:25Z 0 0 2 85 1 35 78 10009
2018-10-19T05:31Z 45 0 2 85 0 35 77 10010
2018-10-19T05:36Z 45 0 2 86 0 35 76 10010
2018-10-19T05:41Z 225 0 4 86 0 35 75 10010
2018-10-19T05:46Z 135 0 6 86 0 35 75 10010
2018-10-19T05:51Z 135 0 6 86 0 35 74 10009
2018-10-19T05:56Z 90 0 6 86 0 35 74 10009
2018-10-19T06:01Z 45 3 8 86 0 35 73 10008
2018-10-19T06:06Z 45 0 8 86 0 35 74 10006
2018-10-19T06:11Z 45 0 5 86 0 35 74 10006
2018-10-19T06:16Z 90 0 3 86 0 35 74 10005
2018-10-19T06:21Z 45 0 7 86 0 35 73 10005
2018-10-19T06:26Z 135 0 7 86 0 35 73 10004
2018-10-19T06:31Z 90 1 6 86 0 35 73 10004
2018-10-19T06:37Z 45 1 6 85 0 35 74 10004
2018-10-19T06:42Z 90 3 8 85 0 35 74 10002
2018-10-19T06:47Z 45 1 8 85 0 35 75 10002
2018-10-19T06:52Z 180 0 5 85 0 35 76 10002
2018-10-19T06:57Z 90 0 7 84 0 35 77 10002
2018-10-19T07:02Z 45 1 7 84 1 36 78 10002
2018-10-19T07:07Z 180 0 8 83 1 36 79 10000
2018-10-19T07:12Z 90 2 8 83 2 37 78 9998
2018-10-19T07:17Z 45 0 6 82 2 37 79 9998
2018-10-19T07:22Z 180 0 5 82 2 37 79 9998
2018-10-19T07:27Z 45 2 6 82 2 37 79 9997
2018-10-19T07:32Z 135 1 6 82 2 37 80 9995
2018-10-19T07:38Z 135 0 5 82 2 37 81 9994
2018-10-19T07:43Z 135 0 5 82 2 37 79 9995
2018-10-19T07:48Z 45 2 5 81 2 37 79 9994
2018-10-19T07:53Z 45 2 6 81 2 37 80 9994
2018-10-19T07:58Z 90 0 6 81 2 37 81 9994
2018-10-19T08:03Z 180 0 6 82 1 37 81 9994
2018-10-19T08:08Z 180 0 1 82 1 37 81 9994
2018-10-19T08:13Z 135 0 9 82 1 39 81 9994
2018-10-19T08:18Z 135 0 9 83 1 39 80 9993
2018-10-19T08:23Z 135 0 3 83 1 39 79 9994
2018-10-19T08:28Z 45 0 3 83 1 39 78 9994
2018-10-19T08:33Z 225 0 3 83 1 39 79 9995
2018-10-19T08:38Z 45 0 3 83 1 39 79 9996
2018-10-19T08:44Z 45 0 3 83 1 39 79 9997
2018-10-19T08:49Z 45 2 7 83 1 39 78 9998
2018-10-19T08:54Z 45 1 7 83 1 37 79 9998
2018-10-19T08:59Z 45 0 6 82 1 29 81 9998
2018-10-19T09:04Z 180 1 6 82 2 27 81 9998
2018-10-19T09:09Z 90 1 4 81 2 26 81 9998
2018-10-19T09:14Z 135 0 4 81 1 26 83 10001
2018-10-19T09:19Z 135 0 3 81 2 27 84 10001
2018-10-19T09:24Z 45 0 3 80 3 28 84 10001
2018-10-19T09:29Z 135 0 2 80 3 28 85 10002
2018-10-19T09:34Z 180 0 2 80 3 28 86 10001
2018-10-19T09:39Z 270 0 2 79 5 29 86 10003
2018-10-19T09:45Z 225 0 1 79 5 29 87 10004
2018-10-19T09:51Z 45 0 3 79 6 31 88 10006
2018-10-19T09:56Z 135 0 4 79 6 31 88 10007
2018-10-19T10:01Z 225 1 4 79 5 31 89 10009
2018-10-19T10:06Z 225 0 5 79 5 31 89 10010
2018-10-19T10:11Z 180 1 5 79 5 31 89 10010
2018-10-19T10:16Z 45 0 4 78 5 32 89 10010
2018-10-19T10:21Z 45 0 4 78 5 31 89 10011
2018-10-19T10:26Z 225 0 6 78 3 31 89 10011
2018-10-19T10:31Z 180 1 6 78 3 31 90 10011
2018-10-19T10:36Z 45 1 5 78 5 31 90 10012
2018-10-19T10:41Z 45 0 5 78 3 31 90 10011
2018-10-19T10:46Z 45 0 4 78 3 29 90 10012
2018-10-19T10:51Z 45 0 3 78 3 31 90 10012
2018-10-19T10:57Z 45 0 4 78 3 29 90 10012
2018-10-19T11:02Z 45 0 6 77 5 29 91 10013
2018-10-19T11:07Z 45 0 6 77 5 28 91 10014
2018-10-19T11:12Z 45 0 4 77 5 29 91 10014
2018-10-19T11:17Z 45 0 3 77 5 28 91 10016
2018-10-19T11:22Z 45 0 3 77 6 28 91 10017
2018-10-19T11:27Z 45 0 3 77 6 28 91 10017
2018-10-19T11:32Z 45 0 4 77 6 28 91 10018
2018-10-19T11:37Z 180 0 4 77 5 27 91 10019
2018-10-19T11:42Z 45 0 3 77 5 27 91 10019
2018-10-19T11:47Z 45 0 3 77 3 26 92 10019
2018-10-19T11:52Z 45 0 3 77 3 26 92 10020
2018-10-19T11:58Z 45 0 3 77 3 26 92 10021
2018-10-19T12:03Z 135 0 3 77 2 24 92 10022
2018-10-19T12:08Z 135 1 4 77 2 24 92 10023
2018-10-19T12:13Z 90 0 4 77 1 24 92 10023
2018-10-19T12:18Z 45 0 3 77 0 24 92 10025
2018-10-19T12:23Z 180 0 3 77 0 24 92 10024
2018-10-19T12:28Z 90 0 4 77 0 24 92 10025
2018-10-19T12:33Z 135 0 6 77 1 26 91 10025
2018-10-19T12:38Z 90 0 5 77 1 26 91 10024
2018-10-19T12:43Z 90 1 4 77 1 26 91 10025
2018-10-19T12:48Z 45 0 4 77 1 26 91 10024
2018-10-19T12:53Z 45 0 4 77 1 26 91 10025
2018-10-19T12:58Z 45 0 3 77 1 26 91 10024
2018-10-19T13:04Z 45 0 3 77 1 26 91 10024
2018-10-19T13:09Z 45 0 3 77 1 26 92 10026
2018-10-19T13:14Z 45 2 5 77 1 26 92 10025
2018-10-19T13:19Z 45 0 5 77 1 26 92 10026
2018-10-19T13:24Z 45 1 5 77 1 26 92 10027
2018-10-19T13:29Z 45 3 6 77 1 26 91 10026
2018-10-19T13:34Z 45 1 7 76 0 26 91 10026
2018-10-19T13:39Z 45 3 7 76 0 26 91 10028
2018-10-19T13:44Z 45 3 8 76 0 26 90 10029
2018-10-19T13:49Z 45 3 8 76 0 26 90 10029
2018-10-19T13:54Z 90 3 8 76 0 26 90 10030
2018-10-19T13:59Z 45 2 7 76 0 26 90 10031
2018-10-19T14:05Z 90 3 12 76 0 26 89 10031
2018-10-19T14:10Z 45 2 12 76 0 26 89 10031
2018-10-19T14:15Z 45 2 6 76 0 26 89 10032
2018-10-19T14:20Z 45 2 6 76 0 26 89 10033
2018-10-19T14:25Z 45 3 9 76 0 26 89 10033
2018-10-19T14:30Z 135 3 9 76 0 26 89 10033
2018-10-19T14:35Z 90 3 9 76 0 26 89 10031
2018-10-19T14:40Z 90 3 9 76 0 26 89 10031
2018-10-19T14:45Z 45 2 9 76 0 26 89 10031
2018-10-19T14:50Z 45 3 7 76 0 26 89 10031
2018-10-19T14:55Z 45 3 9 76 0 26 89 10031
2018-10-19T15:00Z 90 3 9 76 0 26 89 10030
2018-10-19T15:05Z 90 2 7 76 0 26 89 10030
2018-10-19T15:11Z 90 2 7 76 0 26 89 10030
2018-10-19T15:16Z 45 3 7 76 0 26 89 10029
2018-10-19T15:21Z 90 2 7 76 0 26 89 10030
2018-10-19T15:26Z 90 3 9 76 0 26 89 10029
2018-10-19T15:31Z 45 1 9 76 0 26 89 10028
2018-10-19T15:36Z 45 1 6 76 0 26 89 10028
2018-10-19T15:41Z 45 3 9 76 0 26 89 10029
2018-10-19T15:46Z 45 2 9 76 0 26 89 10028
2018-10-19T15:51Z 45 3 16 76 0 26 89 10028
2018-10-19T15:56Z 45 4 16 76 0 26 89 10028
2018-10-19T16:01Z 45 3 9 76 0 26 89 10027
2018-10-19T16:06Z 45 3 9 76 0 26 88 10027
2018-10-19T16:12Z 45 3 7 76 0 26 89 10026
2018-10-19T16:17Z 45 3 7 76 0 26 89 10026
2018-10-19T16:22Z 45 4 9 76 0 26 89 10027
2018-10-19T16:27Z 45 3 9 76 0 26 89 10026
2018-10-19T16:32Z 90 4 14 76 0 26 89 10026
2018-10-19T16:38Z 45 4 14 76 0 26 89 10027
2018-10-19T16:43Z 90 5 7 76 0 26 89 10027
2018-10-19T16:48Z 90 3 7 76 0 26 89 10026
2018-10-19T16:53Z 45 4 9 76 0 26 89 10026
2018-10-19T16:58Z 45 2 9 76 0 26 89 10025
2018-10-19T17:03Z 45 2 6 76 0 26 89 10025
2018-10-19T17:08Z 45 3 7 76 0 26 89 10025
2018-10-19T17:13Z 135 2 7 76 0 26 89 10024
2018-10-19T17:18Z 135 3 6 76 0 26 89 10024
2018-10-19T17:24Z 135 3 7 76 0 26 89 10025
2018-10-19T17:29Z 135 3 7 76 0 26 89 10024
2018-10-19T17:34Z 45 3 6 76 0 26 89 10023
2018-10-19T17:39Z 90 2 6 76 0 26 89 10023
2018-10-19T17:44Z 90 3 9 76 0 26 89 10021
2018-10-19T17:49Z 45 2 9 76 0 26 89 10021
2018-10-19T17:54Z 45 3 9 76 0 26 89 10019
2018-10-19T17:59Z 45 3 9 76 0 26 89 10018
2018-10-19T18:04Z 45 3 9 76 0 26 89 10017
2018-10-19T18:09Z 45 4 9 76 0 26 89 10017
2018-10-19T18:14Z 45 3 9 76 0 26 89 10016
2018-10-19T18:19Z 45 4 9 76 0 26 88 10014
2018-10-19T18:25Z 45 3 9 76 0 26 88 10015
2018-10-19T18:30Z 45 6 13 76 0 26 88 10015
2018-10-19T18:35Z 45 5 13 76 0 26 87 10014
2018-10-19T18:40Z 45 4 15 77 0 26 87 10014
2018-10-19T18:45Z 45 7 16 77 0 26 86 10012
2018-10-19T18:50Z 90 6 18 77 0 26 86 10012
2018-10-19T18:55Z 45 9 18 77 0 26 86 10012
2018-10-19T19:00Z 45 6 18 77 0 26 86 10011
2018-10-19T19:05Z 45 9 19 77 0 26 86 10011
2018-10-19T19:10Z 45 9 22 77 0 26 86 10011
2018-10-19T19:15Z 90 6 18 77 0 26 86 10011
2018-10-19T19:20Z 45 5 17 77 0 26 86 10012
2018-10-19T19:25Z 45 4 12 77 0 26 86 10012
2018-10-19T19:31Z 135 6 13 77 0 26 86 10012
2018-10-19T19:36Z 135 6 13 77 0 26 86 10012
2018-10-19T19:41Z 45 6 13 77 0 26 86 10012
2018-10-19T19:46Z 135 10 18 77 0 26 86 10013
2018-10-19T19:51Z 90 6 18 77 0 26 86 10012
2018-10-19T19:56Z 45 6 17 77 0 26 85 10012
2018-10-19T20:01Z 90 9 20 77 0 26 85 10011
2018-10-19T20:07Z 45 9 20 77 0 26 85 10012
2018-10-19T20:12Z 45 6 16 77 0 26 85 10012
2018-10-19T20:17Z 45 4 16 77 0 26 85 10013
2018-10-19T20:22Z 45 3 13 77 0 26 85 10012
2018-10-19T20:27Z 90 4 12 77 0 26 85 10012
2018-10-19T20:32Z 45 5 12 77 0 26 85 10013
2018-10-19T20:38Z 45 3 12 77 0 26 85 10012
2018-10-19T20:43Z 45 3 9 77 0 26 85 10014
2018-10-19T20:48Z 45 4 9 77 0 26 85 10014
2018-10-19T20:53Z 90 6 13 77 0 26 85 10013
2018-10-19T20:58Z 90 9 15 77 0 26 85 10013
2018-10-19T21:03Z 45 8 16 77 0 26 86 10014
2018-10-19T21:08Z 45 7 15 77 0 26 86 10014
2018-10-19T21:13Z 45 9 19 77 0 26 86 10014
2018-10-19T21:18Z 90 6 19 77 0 26 87 10014
2018-10-19T21:23Z 45 7 15 77 0 26 87 10014
2018-10-19T21:28Z 90 4 15 77 0 26 87 10014
2018-10-19T21:34Z 45 6 11 77 0 26 87 10014
2018-10-19T21:39Z 45 9 18 77 0 26 87 10015
2018-10-19T21:44Z 90 9 18 77 0 26 87 10014
2018-10-19T21:50Z 45 11 20 77 0 26 87 10015
2018-10-19T21:55Z 90 12 22 77 0 26 87 10015
2018-10-19T22:00Z 90 14 24 77 0 26 87 10014
2018-10-19T22:05Z 90 12 27 77 0 26 87 10016
2018-10-19T22:10Z 90 12 27 77 0 26 87 10016
2018-10-19T22:17Z 90 11 23 77 0 26 87 10018
2018-10-19T22:22Z 135 9 23 77 0 26 87 10017
2018-10-19T22:27Z 45 9 21 77 0 26 87 10018
2018-10-19T22:32Z 135 9 25 77 0 26 87 10018
2018-10-19T22:37Z 45 6 25 77 0 26 87 10018
2018-10-19T22:42Z 90 9 22 77 0 26 87 10019
2018-10-19T22:47Z 45 9 21 77 0 26 87 10019
2018-10-19T22:53Z 90 12 20 77 0 26 88 10019
2018-10-19T22:58Z 90 9 24 77 0 26 88 10021
2018-10-19T23:03Z 45 11 24 77 0 26 88 10021
2018-10-19T23:08Z 45 9 25 77 0 26 88 10022
2018-10-19T23:13Z 45 12 25 77 0 26 88 10024
2018-10-19T23:18Z 135 11 21 77 0 26 88 10026
2018-10-19T23:23Z 135 9 22 77 0 26 88 10026
2018-10-19T23:28Z 90 11 22 77 0 26 89 10026
2018-10-19T23:33Z 135 13 22 77 0 26 89 10028
2018-10-19T23:38Z 45 11 22 77 0 26 89 10030
2018-10-19T23:43Z 135 8 23 77 0 26 89 10031
2018-10-19T23:48Z 90 10 24 77 0 26 88 10031
2018-10-19T23:54Z 90 9 24 78 0 26 88 10032
2018-10-19T23:59Z 135 6 23 78 0 26 88 10031
2018-10-20T00:04Z 45 5 23 78 0 26 87 10033
2018-10-20T00:09Z 135 10 19 79 0 26 87 10032
2018-10-20T00:14Z 45 12 24 79 0 26 86 10034
2018-10-20T00:19Z 135 8 24 80 0 26 85 10035
2018-10-20T00:24Z 45 14 28 80 0 26 84 10036
2018-10-20T00:29Z 135 4 28 80 0 26 84 10037
2018-10-20T00:34Z 45 8 22 80 0 26 84 10037
2018-10-20T00:39Z 90 16 38 81 0 26 83 10040
2018-10-20T00:44Z 90 12 38 81 0 26 83 10040
2018-10-20T00:49Z 90 13 31 81 0 26 83 10041
2018-10-20T00:54Z 45 6 34 81 0 26 82 10043
2018-10-20T01:00Z 90 8 34 82 0 26 81 10043
2018-10-20T01:05Z 45 9 24 83 0 26 80 10042
2018-10-20T01:10Z 45 10 29 84 0 26 78 10042
2018-10-20T01:15Z 90 12 30 84 0 26 76 10044
2018-10-20T01:20Z 45 5 30 85 0 26 75 10042
2018-10-20T01:25Z 45 8 24 85 0 26 74 10045
2018-10-20T01:30Z 45 8 31 85 0 26 74 10047
2018-10-20T01:35Z 45 8 31 85 0 26 74 10044
2018-10-20T01:40Z 135 12 31 85 0 26 74 10044
2018-10-20T01:45Z 45 7 31 86 0 26 72 10045
2018-10-20T01:50Z 45 3 20 87 0 26 70 10044
2018-10-20T01:55Z 90 7 22 89 0 26 67 10045
2018-10-20T02:01Z 45 6 23 89 0 26 66 10045
2018-10-20T02:06Z 90 9 28 91 0 26 64 10045
2018-10-20T02:11Z 45 3 28 92 0 26 62 10047
2018-10-20T02:16Z 45 6 20 93 0 26 59 10050
2018-10-20T02:21Z 135 12 26 93 0 26 59 10049
2018-10-20T02:26Z 90 10 26 92 0 26 60 10047
2018-10-20T02:31Z 45 7 34 91 0 26 61 10050
2018-10-20T02:36Z 45 6 34 91 0 26 61 10049
2018-10-20T02:41Z 45 15 35 92 0 26 60 10047
2018-10-20T02:46Z 45 7 37 93 0 26 58 10047
2018-10-20T02:51Z 45 7 37 94 0 26 55 10046
2018-10-20T02:56Z 45 9 28 98 0 26 50 10045
2018-10-20T03:01Z 135 6 28 97 0 26 50 10045
2018-10-20T03:07Z 45 9 28 96 0 26 50 10046
2018-10-20T03:12Z 45 11 34 95 0 26 52 10046
2018-10-20T03:17Z 135 13 34 93 0 26 54 10043
2018-10-20T03:22Z 90 7 30 94 0 26 55 10044
2018-10-20T03:27Z 45 6 26 95 0 26 52 10044
2018-10-20T03:32Z 45 2 26 98 0 26 49 10043
2018-10-20T03:37Z 45 5 22 102 0 26 44 10044
2018-10-20T03:42Z 45 4 22 105 0 26 40 10042
2018-10-20T03:47Z 45 6 22 103 0 26 41 10040
2018-10-20T03:52Z 45 5 22 104 0 26 41 10041
2018-10-20T03:57Z 45 3 18 106 0 24 38 10039
2018-10-20T04:02Z 45 8 25 107 0 24 37 10041
2018-10-20T04:08Z 45 3 25 105 0 23 39 10040
2018-10-20T04:17Z 90 6 18 101 0 22 44 10039
2018-10-20T04:22Z 45 9 22 99 0 20 45 10039
2018-10-20T04:27Z 90 4 22 97 0 20 48 10037
2018-10-20T04:32Z 45 3 15 97 0 19 49 10038
2018-10-20T04:37Z 45 3 12 99 0 19 46 10037
2018-10-20T04:42Z 45 3 12 100 0 19 44 10037
2018-10-20T04:47Z 45 3 12 99 0 19 46 10036
2018-10-20T04:52Z 45 3 12 100 0 19 44 10034
2018-10-20T04:57Z 45 5 10 98 0 19 46 10035
2018-10-20T05:06Z 45 8 16 95 0 19 51 10032
2018-10-20T05:11Z 45 5 18 93 0 19 56 10033
2018-10-20T05:16Z 45 3 18 91 0 19 59 10033
2018-10-20T05:22Z 180 3 11 90 0 19 60 10030
2018-10-20T05:27Z 45 3 9 91 0 19 59 10031
2018-10-20T05:32Z 45 2 9 93 0 19 55 10028
2018-10-20T05:37Z 45 3 8 96 0 19 51 10026
2018-10-20T05:42Z 45 1 8 99 0 19 47 10026
2018-10-20T05:47Z 45 3 6 100 0 19 45 10023
2018-10-20T05:52Z 45 3 7 101 0 19 44 10024
2018-10-20T05:57Z 90 6 12 100 0 19 45 10022
2018-10-20T06:02Z 45 3 12 99 0 19 47 10021
2018-10-20T06:07Z 90 2 12 98 0 19 47 10022
2018-10-20T06:12Z 45 4 12 98 0 19 48 10020
2018-10-20T06:17Z 45 1 12 99 0 19 46 10020
2018-10-20T06:23Z 45 3 10 99 0 19 46 10019
2018-10-20T06:28Z 45 2 8 100 0 19 43 10018
2018-10-20T06:33Z 135 4 13 102 0 19 40 10018
2018-10-20T06:38Z 135 4 13 102 0 19 40 10018
2018-10-20T06:43Z 45 5 18 103 0 19 40 10017
2018-10-20T06:48Z 90 8 22 103 0 19 41 10016
2018-10-20T06:53Z 135 9 22 101 0 19 42 10017
2018-10-20T06:58Z 90 6 22 99 0 18 44 10017
2018-10-20T07:03Z 45 3 21 99 0 18 44 10015
2018-10-20T07:08Z 45 6 12 101 0 16 43 10016
2018-10-20T07:13Z 45 6 12 101 0 16 43 10016
2018-10-20T07:18Z 45 6 12 101 0 16 43 10016
2018-10-20T07:23Z 45 3 11 104 0 16 39 10016
2018-10-20T07:29Z 45 4 13 105 0 16 37 10016
2018-10-20T07:34Z 45 4 13 106 0 16 36 10016
2018-10-20T07:39Z 45 4 13 106 0 16 36 10016
2018-10-20T07:44Z 45 3 11 105 0 16 38 10014
2018-10-20T07:49Z 45 6 15 104 0 16 38 10015
2018-10-20T07:54Z 45 4 15 104 0 16 38 10014
2018-10-20T07:59Z 45 4 17 105 0 16 38 10015
2018-10-20T08:04Z 45 7 22 104 0 15 37 10012
2018-10-20T08:09Z 45 7 22 104 0 15 37 10012
2018-10-20T08:14Z 45 7 22 104 0 15 37 10012
2018-10-20T08:19Z 135 8 22 103 0 15 39 10014
2018-10-20T08:24Z 45 6 22 101 0 15 42 10014
2018-10-20T08:29Z 45 9 29 100 0 15 43 10014
2018-10-20T08:34Z 90 12 30 98 0 15 45 10016
2018-10-20T08:40Z 90 8 30 95 0 15 51 10015
2018-10-20T08:45Z 45 8 28 92 0 15 56 10016
2018-10-20T08:50Z 45 8 28 90 0 15 60 10016
2018-10-20T08:55Z 45 6 27 90 0 15 61 10017
2018-10-20T09:00Z 45 9 20 90 0 14 60 10018
2018-10-20T09:09Z 45 5 16 89 0 14 61 10017
2018-10-20T09:14Z 45 7 15 89 0 13 61 10017
2018-10-20T09:19Z 45 7 15 90 0 13 59 10016
2018-10-20T09:24Z 45 8 23 91 0 11 58 10017
2018-10-20T09:33Z 45 8 24 90 0 11 58 10018
2018-10-20T09:39Z 45 6 24 89 0 10 60 10020
2018-10-20T09:44Z 45 6 22 88 0 9 62 10021
2018-10-20T09:49Z 45 6 22 88 0 9 62 10021
2018-10-20T09:55Z 45 6 22 87 0 9 63 10021
2018-10-20T10:00Z 45 3 18 87 0 9 63 10022
2018-10-20T10:05Z 45 6 18 87 0 9 64 10024
2018-10-20T10:10Z 90 5 16 86 0 7 65 10023
2018-10-20T10:15Z 90 10 21 86 0 7 66 10023
2018-10-20T10:20Z 90 10 22 85 0 7 67 10024
2018-10-20T10:25Z 45 9 31 85 0 7 69 10023
2018-10-20T10:30Z 135 10 31 84 0 7 70 10024
2018-10-20T10:35Z 135 9 27 84 0 6 70 10025
2018-10-20T10:40Z 45 7 32 84 0 6 71 10025
2018-10-20T10:45Z 45 7 32 83 0 5 72 10025
2018-10-20T10:50Z 45 11 36 83 0 5 73 10025
2018-10-20T10:56Z 45 10 36 83 0 5 74 10026
2018-10-20T11:01Z 90 9 31 83 0 3 75 10027
2018-10-20T11:06Z 45 12 28 82 0 3 76 10028
2018-10-20T11:11Z 90 6 31 82 0 2 74 10028
2018-10-20T11:16Z 45 7 31 82 0 1 74 10028
2018-10-20T11:21Z 45 11 25 82 0 1 74 10030
2018-10-20T11:26Z 180 6 25 82 0 1 74 10029
2018-10-20T11:31Z 45 5 17 81 0 1 74 10029
2018-10-20T11:36Z 45 6 17 81 0 1 74 10031
2018-10-20T11:41Z 225 3 15 81 0 1 75 10033
2018-10-20T11:46Z 90 9 20 81 0 1 75 10033
2018-10-20T11:53Z 135 8 26 81 0 1 76 10034
2018-10-20T11:59Z 90 9 22 81 0 1 77 10035
2018-10-20T12:04Z 45 12 28 81 0 1 78 10038
2018-10-20T12:09Z 45 9 28 81 0 1 78 10039
2018-10-20T12:14Z 135 10 24 81 0 1 79 10040
2018-10-20T12:19Z 90 11 30 81 0 1 80 10040
2018-10-20T12:24Z 45 9 30 81 0 1 80 10041
2018-10-20T12:29Z 90 14 27 81 0 0 81 10040
2018-10-20T12:34Z 90 11 27 81 0 0 81 10043
2018-10-20T12:39Z 45 9 27 80 0 0 82 10044
2018-10-20T12:44Z 90 8 27 80 0 0 82 10044
2018-10-20T12:49Z 135 10 27 80 0 0 82 10043
2018-10-20T12:54Z 135 8 27 80 0 0 83 10044
2018-10-20T12:59Z 90 7 18 80 0 0 83 10045
2018-10-20T13:05Z 45 7 17 80 0 0 83 10046
2018-10-20T13:10Z 90 6 14 80 0 0 84 10046
2018-10-20T13:15Z 90 8 25 80 0 0 84 10047
2018-10-20T13:20Z 135 9 25 80 0 0 84 10048
2018-10-20T13:25Z 45 12 34 80 0 0 84 10048
2018-10-20T13:30Z 45 14 34 80 0 0 84 10049
2018-10-20T13:35Z 45 6 32 80 0 0 84 10049
2018-10-20T13:40Z 45 8 31 80 0 0 84 10050
2018-10-20T13:45Z 45 6 21 80 0 0 83 10050
2018-10-20T13:50Z 45 6 21 80 0 0 83 10050
2018-10-20T13:55Z 45 6 17 80 0 0 82 10049
2018-10-20T14:00Z 45 6 13 80 0 0 82 10050
2018-10-20T14:06Z 45 3 13 80 0 0 82 10049
2018-10-20T14:11Z 45 3 10 80 0 0 82 10051
2018-10-20T14:16Z 135 4 10 80 0 0 82 10051
2018-10-20T14:21Z 45 3 10 80 0 0 82 10051
2018-10-20T14:26Z 90 3 12 80 0 0 82 10052
2018-10-20T14:31Z 180 3 12 80 0 0 81 10053
2018-10-20T14:36Z 45 3 16 80 0 0 81 10052
2018-10-20T14:41Z 90 6 16 80 0 0 82 10053
2018-10-20T14:46Z 45 7 18 80 0 0 82 10053
2018-10-20T14:51Z 90 6 20 80 0 0 82 10052
2018-10-20T14:56Z 90 13 27 80 0 0 83 10052
2018-10-20T15:01Z 90 7 27 80 0 0 83 10053
2018-10-20T15:06Z 90 9 22 80 0 0 83 10054
2018-10-20T15:12Z 90 5 17 80 0 0 84 10053
2018-10-20T15:17Z 90 6 17 80 0 0 84 10053
2018-10-20T15:22Z 180 5 15 80 0 0 84 10053
2018-10-20T15:27Z 135 8 15 80 0 0 84 10053
2018-10-20T15:32Z 135 3 15 80 0 0 84 10054
2018-10-20T15:37Z 90 5 15 80 0 0 84 10053
2018-10-20T15:42Z 135 2 15 80 0 0 85 10053
2018-10-20T15:47Z 135 6 15 80 0 0 85 10052
2018-10-20T15:52Z 45 9 19 80 0 0 85 10052
2018-10-20T15:57Z 135 6 22 79 0 0 85 10051
2018-10-20T16:02Z 45 6 22 79 0 0 86 10052
2018-10-20T16:07Z 45 4 15 79 0 0 86 10051
2018-10-20T16:13Z 135 3 15 79 0 0 86 10052
2018-10-20T16:18Z 45 3 12 79 0 0 86 10050
2018-10-20T16:23Z 45 2 12 79 0 0 87 10050
2018-10-20T16:28Z 90 2 9 79 0 0 87 10049
2018-10-20T16:33Z 45 6 10 79 0 0 87 10049
2018-10-20T16:38Z 45 6 15 79 0 0 87 10050
2018-10-20T16:43Z 90 3 15 79 0 0 87 10050
2018-10-20T16:48Z 45 4 10 79 0 0 87 10049
2018-10-20T16:53Z 45 1 10 79 0 0 87 10049
2018-10-20T16:58Z 45 3 10 79 0 0 87 10049
2018-10-20T17:03Z 90 5 18 79 0 0 87 10047
2018-10-20T17:08Z 90 5 18 79 0 0 87 10049
2018-10-20T17:17Z 90 1 9 79 0 0 87 10048
2018-10-20T17:23Z 90 2 6 79 0 0 87 10048
2018-10-20T17:28Z 90 3 15 79 0 0 87 10046
2018-10-20T17:33Z 45 4 15 79 0 0 87 10044
2018-10-20T17:38Z 45 3 12 79 0 0 87 10044
2018-10-20T17:43Z 45 4 12 79 0 0 88 10044
2018-10-20T17:48Z 135 4 10 79 0 0 88 10044
2018-10-20T17:53Z 90 4 10 79 0 0 88 10043
2018-10-20T17:58Z 45 4 10 79 0 0 88 10044
2018-10-20T18:03Z 45 1 10 79 0 0 88 10042
2018-10-20T18:08Z 90 3 11 78 0 0 88 10042
2018-10-20T18:13Z 45 3 11 78 0 0 88 10041
2018-10-20T18:18Z 45 4 12 78 0 0 89 10040
2018-10-20T18:24Z 45 2 12 78 0 0 89 10040
2018-10-20T18:29Z 45 3 12 78 0 0 89 10039
2018-10-20T18:34Z 45 2 12 78 0 0 89 10039
2018-10-20T18:39Z 45 0 6 78 0 0 89 10039
2018-10-20T18:44Z 90 1 5 78 0 0 90 10039
2018-10-20T18:49Z 90 1 5 78 0 0 90 10037
2018-10-20T18:54Z 135 3 7 78 0 0 90 10036
2018-10-20T18:59Z 45 1 6 78 0 0 90 10036
2018-10-20T19:04Z 45 1 6 78 0 0 90 10035
2018-10-20T19:09Z 135 2 6 78 0 0 90 10035
2018-10-20T19:14Z 90 0 6 78 0 0 90 10036
2018-10-20T19:19Z 135 0 5 78 0 0 90 10036
2018-10-20T19:24Z 90 0 5 78 0 0 90 10035
2018-10-20T19:30Z 135 0 5 77 0 0 90 10034
2018-10-20T19:35Z 45 0 4 77 0 0 90 10033
2018-10-20T19:40Z 45 1 4 77 0 0 90 10033
2018-10-20T19:45Z 45 0 5 77 0 0 91 10034
2018-10-20T19:50Z 180 1 6 77 0 0 91 10035
2018-10-20T19:55Z 135 0 6 77 0 0 91 10035
2018-10-20T20:00Z 135 0 6 77 0 0 91 10034
2018-10-20T20:05Z 90 0 6 77 0 0 91 10034
2018-10-20T20:10Z 180 0 3 77 0 0 91 10036
2018-10-20T20:15Z 180 0 3 77 0 0 91 10035
2018-10-20T20:20Z 225 0 6 77 0 0 91 10034
2018-10-20T20:25Z 45 0 3 77 0 0 92 10035
2018-10-20T20:31Z 45 0 3 77 0 0 92 10033
2018-10-20T20:36Z 45 0 3 77 0 0 92 10034
2018-10-20T20:41Z 225 1 6 77 0 0 92 10033
2018-10-20T20:46Z 180 2 9 77 0 0 92 10034
2018-10-20T20:51Z 225 2 9 77 0 0 92 10035
2018-10-20T20:56Z 135 3 9 77 0 0 92 10035
2018-10-20T21:01Z 135 1 9 77 0 0 92 10036
2018-10-20T21:06Z 225 0 9 77 0 0 92 10036
2018-10-20T21:11Z 180 0 3 77 0 0 92 10036
2018-10-20T21:16Z 135 0 3 77 0 0 92 10036
2018-10-20T21:21Z 135 1 4 77 0 0 92 10036
2018-10-20T21:26Z 90 2 8 77 0 0 92 10035
2018-10-20T21:31Z 135 2 8 77 0 0 92 10035
2018-10-20T21:37Z 135 3 8 77 0 0 92 10035
2018-10-20T21:42Z 135 2 6 77 0 0 92 10035
2018-10-20T21:47Z 45 2 8 77 0 0 92 10037
2018-10-20T21:52Z 135 6 13 77 0 0 92 10038
2018-10-20T21:57Z 135 5 13 77 0 0 92 10039
2018-10-20T22:02Z 135 5 12 77 0 0 92 10039
2018-10-20T22:07Z 45 3 12 77 0 0 92 10040
2018-10-20T22:12Z 45 5 12 77 0 0 92 10040
2018-10-20T22:17Z 135 3 12 77 0 0 92 10042
2018-10-20T22:22Z 45 4 12 77 0 0 92 10042
2018-10-20T22:27Z 45 1 12 77 0 0 92 10043
2018-10-20T22:32Z 45 0 9 77 0 0 92 10044
2018-10-20T22:38Z 45 0 9 77 0 0 92 10044
2018-10-20T22:43Z 45 2 9 77 0 0 92 10045
2018-10-20T22:48Z 45 0 9 77 0 0 92 10046
2018-10-20T22:53Z 135 2 8 77 0 0 92 10046
2018-10-20T22:58Z 45 0 8 77 0 0 92 10046
2018-10-20T23:03Z 45 2 12 77 0 0 92 10046
2018-10-20T23:08Z 45 3 12 77 0 0 92 10047
2018-10-20T23:13Z 45 3 9 77 0 0 92 10046
2018-10-20T23:18Z 90 5 12 78 0 0 92 10046
2018-10-20T23:23Z 90 1 12 78 0 0 92 10047
2018-10-20T23:32Z 90 0 6 79 0 0 92 10049
2018-10-20T23:37Z 45 1 4 80 0 0 91 10051
2018-10-20T23:42Z 90 0 4 81 0 0 91 10053
2018-10-20T23:48Z 45 0 5 82 0 0 90 10053
2018-10-20T23:54Z 45 1 6 83 0 0 88 10053
2018-10-20T23:59Z 45 3 11 83 0 0 85 10054
2018-10-21T00:04Z 45 3 15 84 0 0 82 10054
2018-10-21T00:09Z 45 5 15 84 0 0 80 10055
2018-10-21T00:14Z 45 6 20 86 0 0 78 10056
2018-10-21T00:19Z 90 8 20 87 0 0 74 10055
2018-10-21T00:24Z 90 7 22 88 0 0 71 10055
2018-10-21T00:29Z 45 9 23 88 0 0 70 10059
2018-10-21T00:34Z 45 6 23 89 0 0 67 10059
2018-10-21T00:39Z 45 6 19 90 0 0 66 10060
2018-10-21T00:44Z 45 4 19 91 0 0 65 10060
2018-10-21T00:49Z 45 3 15 92 0 0 62 10061
2018-10-21T00:55Z 90 3 13 94 0 0 58 10060
2018-10-21T01:00Z 90 9 23 95 0 0 56 10061
2018-10-21T01:05Z 45 12 27 94 0 0 56 10061
2018-10-21T01:10Z 45 6 27 95 0 0 55 10062
2018-10-21T01:15Z 90 8 27 96 0 0 52 10062
2018-10-21T01:20Z 90 7 27 97 0 0 51 10064
2018-10-21T01:25Z 90 7 25 97 0 0 50 10063
2018-10-21T01:30Z 45 12 25 98 0 0 49 10064
2018-10-21T01:35Z 45 10 28 97 0 0 49 10065
2018-10-21T01:40Z 45 6 28 98 0 0 49 10064
2018-10-21T01:45Z 45 3 18 100 0 0 46 10066
2018-10-21T01:50Z 45 6 12 102 0 0 43 10065
2018-10-21T01:55Z 45 6 12 102 0 0 43 10065
2018-10-21T02:00Z 45 9 20 105 0 0 40 10067
2018-10-21T02:05Z 45 5 25 102 0 0 43 10067
2018-10-21T02:10Z 90 12 27 102 0 0 43 10068
2018-10-21T02:15Z 45 15 27 102 0 0 42 10068
2018-10-21T02:20Z 45 6 25 100 0 0 45 10068
2018-10-21T02:25Z 45 2 18 99 0 0 45 10068
2018-10-21T02:30Z 45 9 22 98 0 0 45 10068
2018-10-21T02:35Z 45 3 22 98 0 0 47 10067
2018-10-21T02:41Z 90 4 22 99 0 0 45 10066
2018-10-21T02:46Z 45 4 21 100 0 0 44 10065
2018-10-21T02:51Z 45 3 17 104 0 0 40 10064
2018-10-21T02:56Z 45 3 17 107 0 0 37 10064
2018-10-21T03:01Z 45 9 24 109 0 0 34 10064
2018-10-21T03:06Z 90 5 24 111 0 0 32 10065
2018-10-21T03:12Z 45 6 18 112 0 0 30 10065
2018-10-21T03:17Z 45 8 20 112 0 0 29 10063
2018-10-21T03:22Z 135 1 20 113 0 0 30 10063
2018-10-21T03:27Z 45 6 18 114 0 0 27 10063
2018-10-21T03:32Z 45 2 17 114 0 0 28 10062
2018-10-21T03:37Z 45 4 17 115 0 0 27 10063
2018-10-21T03:42Z 45 9 19 113 0 0 28 10061
2018-10-21T03:47Z 90 6 20 112 0 0 29 10061
2018-10-21T03:52Z 45 7 21 111 0 0 30 10059
2018-10-21T03:57Z 90 7 21 112 0 0 29 10060
2018-10-21T04:02Z 45 5 15 114 0 0 26 10058
2018-10-21T04:07Z 45 6 15 113 0 0 28 10057
2018-10-21T04:13Z 45 3 15 113 0 0 28 10057
2018-10-21T04:18Z 45 2 12 113 0 0 28 10056
2018-10-21T04:23Z 45 3 12 113 0 0 28 10057
2018-10-21T04:28Z 45 5 12 112 0 0 29 10054
2018-10-21T04:33Z 45 3 12 112 0 0 29 10053
2018-10-21T04:39Z 45 2 10 113 0 0 28 10053
2018-10-21T04:44Z 45 2 11 111 0 0 30 10051
2018-10-21T04:49Z 45 2 11 109 0 0 32 10050
2018-10-21T04:54Z 45 1 17 107 0 0 33 10049
2018-10-21T04:59Z 45 1 17 108 0 0 31 10047
2018-10-21T05:04Z 45 4 13 108 0 0 32 10047
2018-10-21T05:09Z 45 3 13 108 0 0 32 10045
2018-10-21T05:14Z 45 3 17 110 0 0 30 10045
2018-10-21T05:19Z 45 0 17 113 0 0 28 10045
2018-10-21T05:25Z 45 3 12 116 0 0 26 10044
2018-10-21T05:30Z 45 0 9 119 0 0 24 10043
2018-10-21T05:35Z 45 3 11 121 0 0 22 10042
2018-10-21T05:40Z 45 0 11 122 0 0 22 10042
2018-10-21T05:45Z 45 3 12 124 0 0 20 10039
2018-10-21T05:50Z 45 2 12 124 0 0 21 10038
2018-10-21T05:55Z 45 2 11 124 0 0 20 10038
2018-10-21T06:00Z 45 0 11 124 0 0 20 10038
2018-10-21T06:05Z 45 1 7 123 0 0 21 10036
2018-10-21T06:10Z 45 0 7 123 0 0 21 10036
2018-10-21T06:15Z 45 0 5 122 0 0 20 10035
2018-10-21T06:20Z 45 1 6 122 0 0 21 10034
2018-10-21T06:26Z 45 0 6 120 0 0 22 10033
2018-10-21T06:32Z 45 0 5 116 0 0 25 10031
2018-10-21T06:37Z 45 0 6 115 0 0 26 10030
2018-10-21T06:42Z 90 3 6 115 0 0 25 10028
2018-10-21T06:47Z 45 3 9 114 0 0 26 10028
2018-10-21T06:52Z 45 1 9 112 0 0 28 10029
2018-10-21T06:57Z 45 3 9 110 0 0 30 10025
2018-10-21T07:02Z 135 6 12 107 0 0 33 10026
2018-10-21T07:07Z 45 5 15 104 0 0 36 10025
2018-10-21T07:12Z 45 7 15 101 0 0 40 10025
2018-10-21T07:17Z 45 12 34 98 0 0 44 10020
2018-10-21T07:22Z 135 25 53 94 0 0 51 10019
2018-10-21T07:27Z 135 19 53 90 0 0 58 10020
2018-10-21T07:33Z 135 20 49 87 0 0 63 10021
2018-10-21T07:38Z 135 18 46 87 0 0 65 10023
2018-10-21T07:44Z 45 13 37 87 0 0 66 10024
2018-10-21T07:49Z 90 7 27 87 0 0 66 10027
2018-10-21T07:54Z 45 12 27 87 0 0 66 10027
2018-10-21T07:59Z 45 3 27 87 0 0 67 10027
2018-10-21T08:04Z 180 9 22 87 0 0 64 10028
2018-10-21T08:09Z 225 6 22 87 0 0 64 10026
2018-10-21T08:15Z 225 10 18 86 0 0 66 10026
2018-10-21T08:20Z 225 1 17 85 0 0 66 10026
2018-10-21T08:25Z 225 6 16 85 0 0 66 10025
2018-10-21T08:30Z 225 5 16 85 0 0 67 10023
2018-10-21T08:35Z 225 3 12 85 0 0 67 10023
2018-10-21T08:40Z 225 0 9 86 0 0 66 10024
2018-10-21T08:45Z 180 0 4 86 0 0 65 10025
2018-10-21T08:51Z 315 0 0 87 0 0 65 10025
2018-10-21T08:56Z 45 0 4 87 0 0 64 10025
2018-10-21T09:02Z 45 0 4 87 0 0 65 10025
2018-10-21T09:07Z 45 1 9 87 0 0 65 10024
2018-10-21T09:12Z 180 0 9 87 0 0 65 10027
2018-10-21T09:17Z 90 2 9 87 0 0 65 10026
2018-10-21T09:22Z 45 0 9 87 0 0 66 10027
2018-10-21T09:27Z 45 0 9 87 0 0 66 10027
2018-10-21T09:32Z 45 0 9 86 0 0 67 10027
2018-10-21T09:37Z 45 0 9 86 0 0 68 10027
2018-10-21T09:42Z 45 0 9 86 0 0 69 10026
2018-10-21T09:47Z 225 0 9 85 0 0 69 10026
2018-10-21T09:52Z 225 2 9 85 0 0 70 10027
2018-10-21T09:58Z 225 0 9 85 0 0 71 10026
2018-10-21T10:03Z 45 0 4 85 0 0 71 10025
2018-10-21T10:08Z 225 0 9 85 0 0 71 10026
2018-10-21T10:13Z 45 0 9 85 0 0 72 10026
2018-10-21T10:18Z 180 0 9 84 0 0 73 10026
2018-10-21T10:23Z 45 0 8 84 0 0 74 10027
2018-10-21T10:28Z 45 0 7 84 0 0 74 10027
2018-10-21T10:33Z 45 0 4 84 0 0 74 10027
2018-10-21T10:38Z 45 0 4 84 0 0 74 10027
2018-10-21T10:43Z 180 4 9 84 0 0 74 10029
2018-10-21T10:48Z 225 0 9 84 0 0 75 10030
2018-10-21T10:53Z 225 0 9 84 0 0 75 10029
2018-10-21T10:59Z 180 1 9 83 0 0 75 10030
2018-10-21T11:04Z 45 3 13 83 0 0 75 10030
2018-10-21T11:09Z 45 0 18 83 0 0 76 10032
2018-10-21T11:14Z 45 2 18 83 0 0 75 10033
2018-10-21T11:19Z 45 3 12 83 0 0 74 10036
2018-10-21T11:24Z 45 1 12 83 0 0 74 10036
2018-10-21T11:29Z 45 0 9 83 0 0 74 10038
2018-10-21T11:34Z 45 0 9 83 0 0 74 10038
2018-10-21T11:39Z 45 1 9 83 0 0 76 10039
2018-10-21T11:44Z 315 0 9 82 0 0 76 10039
2018-10-21T11:49Z 315 0 9 82 0 0 76 10039
2018-10-21T11:54Z 45 0 5 82 0 0 77 10041
2018-10-21T11:59Z 225 2 9 82 0 0 76 10041
2018-10-21T12:05Z 270 0 9 82 0 0 76 10041
2018-10-21T12:10Z 45 0 4 81 0 0 77 10041
2018-10-21T12:15Z 45 0 9 81 0 0 77 10041
2018-10-21T12:20Z 45 0 9 81 0 0 77 10041
2018-10-21T12:25Z 225 0 8 81 0 0 77 10043
2018-10-21T12:30Z 270 0 3 81 0 0 77 10042
2018-10-21T12:35Z 270 0 0 81 0 0 77 10044
2018-10-21T12:40Z 270 0 3 81 0 0 77 10044
2018-10-21T12:45Z 270 0 3 81 0 0 78 10044
2018-10-21T12:50Z 225 0 3 81 0 0 78 10045
2018-10-21T12:55Z 225 0 3 81 0 0 78 10045
2018-10-21T13:00Z 90 0 3 81 0 0 78 10046
2018-10-21T13:06Z 180 0 4 81 0 0 79 10045
2018-10-21T13:11Z 180 0 4 81 0 0 79 10045
2018-10-21T13:16Z 270 0 4 81 0 0 79 10045
2018-10-21T13:21Z 270 0 4 81 0 0 79 10046
2018-10-21T13:26Z 225 0 3 81 0 0 79 10046
2018-10-21T13:31Z 225 1 6 81 0 0 79 10047
2018-10-21T13:36Z 180 4 9 81 0 0 80 10047
2018-10-21T13:41Z 90 6 17 81 0 0 80 10050
2018-10-21T13:46Z 135 12 22 81 0 0 79 10050
2018-10-21T13:51Z 135 17 28 81 0 0 79 10050
2018-10-21T13:56Z 135 8 28 81 0 0 79 10050
2018-10-21T14:01Z 135 9 22 81 0 0 79 10050
2018-10-21T14:06Z 45 9 19 81 0 0 79 10052
2018-10-21T14:12Z 90 3 22 81 0 0 79 10053
2018-10-21T14:17Z 90 8 22 81 0 0 80 10052
2018-10-21T14:22Z 135 9 25 81 0 0 80 10053
2018-10-21T14:27Z 90 9 25 81 0 0 80 10051
2018-10-21T14:32Z 135 9 23 81 0 0 81 10052
2018-10-21T14:37Z 90 9 23 81 0 0 81 10051
2018-10-21T14:42Z 135 6 22 81 0 0 81 10051
2018-10-21T14:47Z 90 6 22 80 0 0 81 10051
2018-10-21T14:52Z 135 6 18 80 0 0 81 10051
2018-10-21T14:57Z 45 6 16 80 0 0 82 10052
2018-10-21T15:02Z 225 5 13 80 0 0 82 10054
2018-10-21T15:07Z 135 4 17 80 0 0 82 10054
2018-10-21T15:13Z 180 4 17 80 0 0 83 10053
2018-10-21T15:18Z 45 6 12 80 0 0 83 10055
2018-10-21T15:23Z 180 3 12 80 0 0 83 10055
2018-10-21T15:28Z 45 6 12 80 0 0 83 10055
2018-10-21T15:33Z 45 6 17 80 0 0 83 10056
2018-10-21T15:38Z 90 8 17 80 0 0 83 10056
2018-10-21T15:43Z 180 4 15 80 0 0 83 10056
2018-10-21T15:48Z 135 4 12 80 0 0 84 10057
2018-10-21T15:57Z 45 5 11 80 0 0 84 10059
2018-10-21T16:02Z 90 4 11 80 0 0 84 10057
2018-10-21T16:07Z 180 3 11 80 0 0 84 10058
2018-10-21T16:13Z 45 3 10 80 0 0 84 10056
2018-10-21T16:18Z 45 3 11 80 0 0 84 10053
2018-10-21T16:23Z 45 3 13 80 0 0 84 10054
2018-10-21T16:29Z 225 2 13 80 0 0 84 10054
2018-10-21T16:34Z 315 2 7 80 0 0 84 10055
2018-10-21T16:39Z 180 2 7 80 0 0 84 10054
2018-10-21T16:44Z 45 1 7 80 0 0 85 10055
2018-10-21T16:51Z 45 4 12 79 0 0 85 10055
2018-10-21T16:56Z 135 2 12 80 0 0 85 10055
2018-10-21T17:01Z 225 2 7 80 0 0 85 10054
2018-10-21T17:06Z 135 0 8 80 0 0 85 10053
2018-10-21T17:11Z 90 5 10 80 0 0 85 10053
2018-10-21T17:16Z 135 6 13 80 0 0 85 10051
2018-10-21T17:21Z 90 8 14 79 0 0 85 10050
2018-10-21T17:26Z 90 9 16 79 0 0 86 10050
2018-10-21T17:31Z 90 6 16 79 0 0 86 10049
2018-10-21T17:36Z 135 2 13 79 0 0 86 10048
2018-10-21T17:42Z 90 6 11 79 0 0 87 10049
2018-10-21T17:47Z 135 3 12 79 0 0 87 10049
2018-10-21T17:52Z 90 0 12 79 0 0 86 10047
2018-10-21T17:57Z 135 2 6 79 0 0 86 10045
2018-10-21T18:02Z 180 1 6 79 0 0 86 10044
2018-10-21T18:07Z 180 1 6 79 0 0 87 10044
2018-10-21T18:12Z 180 0 6 79 0 0 87 10045
2018-10-21T18:17Z 180 0 3 79 0 0 86 10043
2018-10-21T18:22Z 180 0 3 79 0 0 86 10044
2018-10-21T18:27Z 180 0 0 79 0 0 87 10043
2018-10-21T18:32Z 180 1 6 79 0 0 87 10043
2018-10-21T18:37Z 135 1 6 79 0 0 87 10042
2018-10-21T18:43Z 180 0 6 78 0 0 87 10042
2018-10-21T18:48Z 180 0 3 78 0 0 87 10043
2018-10-21T18:53Z 180 0 3 78 0 0 87 10041
2018-10-21T18:58Z 180 0 3 78 0 0 88 10041
2018-10-21T19:03Z 135 0 6 78 0 0 88 10039
2018-10-21T19:08Z 180 0 6 78 0 0 89 10040
2018-10-21T19:13Z 135 1 6 78 0 0 89 10040
2018-10-21T19:18Z 135 0 6 78 0 0 88 10038
2018-10-21T19:23Z 180 0 3 78 0 0 88 10038
2018-10-21T19:28Z 135 0 3 78 0 0 88 10039
2018-10-21T19:33Z 180 0 3 78 0 0 88 10038
2018-10-21T19:38Z 225 0 3 78 0 0 88 10038
2018-10-21T19:43Z 225 0 0 78 0 0 89 10037
2018-10-21T19:49Z 180 0 0 78 0 0 88 10037
2018-10-21T19:54Z 225 0 0 78 0 0 88 10037
2018-10-21T19:59Z 225 0 0 78 0 0 89 10036
2018-10-21T20:04Z 180 0 0 78 0 0 89 10035
2018-10-21T20:09Z 135 0 3 78 0 0 89 10035
2018-10-21T20:14Z 135 0 3 78 0 0 89 10035
2018-10-21T20:19Z 180 0 6 78 0 0 89 10035
2018-10-21T20:24Z 180 0 6 78 0 0 89 10035
2018-10-21T20:29Z 135 2 3 78 0 0 89 10036
2018-10-21T20:34Z 180 1 6 78 0 0 90 10036
2018-10-21T20:39Z 225 0 6 78 0 0 89 10037
2018-10-21T20:44Z 45 1 6 78 0 0 90 10037
2018-10-21T20:50Z 315 0 6 78 0 0 90 10037
2018-10-21T20:55Z 90 0 3 78 0 0 90 10036
2018-10-21T21:00Z 180 0 3 78 0 0 90 10037
2018-10-21T21:05Z 180 0 0 78 0 0 90 10038
2018-10-21T21:10Z 180 0 0 78 0 0 90 10038
2018-10-21T21:15Z 180 0 3 78 0 0 90 10039
2018-10-21T21:20Z 180 0 3 78 0 0 90 10039
2018-10-21T21:25Z 180 0 0 78 0 0 90 10039
2018-10-21T21:30Z 180 0 0 78 0 0 90 10039
2018-10-21T21:35Z 180 0 0 78 0 0 90 10039
2018-10-21T21:40Z 180 0 3 77 0 0 91 10040
2018-10-21T21:45Z 45 3 6 78 0 0 91 10040
2018-10-21T21:50Z 45 1 6 78 0 0 91 10041
2018-10-21T21:55Z 45 3 6 78 0 0 91 10038
2018-10-21T22:00Z 45 2 6 78 0 0 91 10040
2018-10-21T22:06Z 45 1 6 78 0 0 91 10039
2018-10-21T22:11Z 45 0 6 78 0 0 91 10040
2018-10-21T22:16Z 180 0 5 78 0 0 91 10040
2018-10-21T22:21Z 45 0 3 78 0 0 91 10041
2018-10-21T22:26Z 45 0 3 78 0 0 91 10041
2018-10-21T22:31Z 180 0 3 78 0 0 91 10040
2018-10-21T22:36Z 180 0 3 78 0 0 91 10040
2018-10-21T22:41Z 180 0 3 78 0 0 92 10041
2018-10-21T22:46Z 180 1 3 78 0 0 92 10041
2018-10-21T22:51Z 225 1 6 78 0 0 92 10040
2018-10-21T22:56Z 225 0 6 78 0 0 92 10039
2018-10-21T23:01Z 225 0 6 78 0 0 92 10041
2018-10-21T23:07Z 45 0 6 78 0 0 92 10042
2018-10-21T23:12Z 270 3 6 78 0 0 92 10042
2018-10-21T23:17Z 225 2 6 79 0 0 91 10042
2018-10-21T23:23Z 225 3 6 79 0 0 91 10043
2018-10-21T23:28Z 225 0 9 79 0 0 91 10043
2018-10-21T23:33Z 135 2 9 79 0 0 90 10044
2018-10-21T23:38Z 225 1 7 80 0 0 89 10044
2018-10-21T23:43Z 225 2 7 80 0 0 89 10045
2018-10-21T23:48Z 180 2 8 80 0 0 88 10045
2018-10-21T23:53Z 225 2 8 80 0 0 88 10044
2018-10-21T23:58Z 225 1 7 81 0 0 87 10045
2018-10-22T00:04Z 225 3 9 81 0 0 86 10046
2018-10-22T00:09Z 225 3 9 81 0 0 86 10046
2018-10-22T00:14Z 225 4 9 81 0 0 85 10047
2018-10-22T00:20Z 225 3 12 82 0 0 84 10048
2018-10-22T00:25Z 225 5 12 82 0 0 83 10048
2018-10-22T00:30Z 225 5 9 83 0 0 81 10047
2018-10-22T00:35Z 225 3 9 85 0 0 78 10049
2018-10-22T00:40Z 135 0 9 87 0 0 78 10047
2018-10-22T00:45Z 45 3 9 89 0 0 71 10049
2018-10-22T00:50Z 45 3 9 89 0 0 71 10049
2018-10-22T00:55Z 45 3 9 89 0 0 71 10049
2018-10-22T01:00Z 45 2 12 94 0 0 60 10049
2018-10-22T01:05Z 45 3 12 95 0 0 58 10050
2018-10-22T01:10Z 45 1 9 96 0 0 54 10050
2018-10-22T01:15Z 45 2 9 97 0 0 53 10051
2018-10-22T01:21Z 45 2 9 97 0 0 53 10051
2018-10-22T01:27Z 45 2 9 97 0 0 53 10051
2018-10-22T01:32Z 45 0 9 100 0 0 47 10055
2018-10-22T01:37Z 45 0 6 102 0 0 44 10055
2018-10-22T01:42Z 45 0 6 103 0 0 42 10056
2018-10-22T01:44Z 45 0 6 103 0 0 42 10056
2018-10-22T01:49Z 45 0 6 103 0 0 42 10056
2018-10-22T01:54Z 45 0 6 103 0 0 42 10056
2018-10-22T01:59Z 45 4 17 101 0 0 42 10056
2018-10-22T02:05Z 45 7 18 102 0 0 42 10055
2018-10-22T02:10Z 45 5 18 102 0 0 42 10057
2018-10-22T02:19Z 45 4 11 103 0 0 40 10056
2018-10-22T02:24Z 45 0 11 105 0 0 39 10057
2018-10-22T02:29Z 45 4 15 106 0 0 37 10056
2018-10-22T02:34Z 45 1 15 107 0 0 37 10056
2018-10-22T02:39Z 45 1 15 107 0 0 37 10056
2018-10-22T02:44Z 45 4 9 109 0 0 34 10054
2018-10-22T02:49Z 45 4 9 109 0 0 34 10054
2018-10-22T02:54Z 45 4 9 109 0 0 34 10054
2018-10-22T02:59Z 45 4 9 109 0 0 34 10054
2018-10-22T03:05Z 45 0 9 108 0 0 34 10052
2018-10-22T03:10Z 45 0 9 108 0 0 34 10052
2018-10-22T03:15Z 45 2 9 111 0 0 32 10051
2018-10-22T03:20Z 45 3 9 112 0 0 30 10050
2018-10-22T03:25Z 45 1 15 113 0 0 28 10050
2018-10-22T03:30Z 45 6 15 114 0 0 28 10049
2018-10-22T03:35Z 45 0 12 115 0 0 28 10051
2018-10-22T03:40Z 45 0 9 115 0 0 27 10049
2018-10-22T03:45Z 45 5 12 114 0 0 28 10049
2018-10-22T03:50Z 45 5 12 114 0 0 28 10049
2018-10-22T03:56Z 45 3 9 115 0 0 27 10048
2018-10-22T04:01Z 45 3 9 117 0 0 26 10048
2018-10-22T04:06Z 45 3 9 117 0 0 26 10048
2018-10-22T04:11Z 45 3 12 113 0 0 28 10043
2018-10-22T04:16Z 45 3 11 113 0 0 28 10042
2018-10-22T04:21Z 45 5 12 113 0 0 28 10043
2018-10-22T04:26Z 45 2 12 114 0 0 27 10042
2018-10-22T04:31Z 45 2 12 114 0 0 27 10042
2018-10-22T04:36Z 45 3 9 118 0 0 25 10039
2018-10-22T04:41Z 45 4 9 119 0 0 25 10037
2018-10-22T04:46Z 45 3 9 118 0 0 24 10038
2018-10-22T04:51Z 45 1 9 117 0 0 25 10038
2018-10-22T04:57Z 45 0 6 119 0 0 24 10036
2018-10-22T05:02Z 180 2 12 117 0 0 25 10035
2018-10-22T05:07Z 180 4 12 115 0 0 26 10034
2018-10-22T05:12Z 45 1 12 112 0 0 28 10032
2018-10-22T05:17Z 135 2 12 110 0 0 30 10030
2018-10-22T05:22Z 45 0 12 111 0 0 29 10028
2018-10-22T05:29Z 45 1 9 112 0 0 27 10029
2018-10-22T05:34Z 180 3 11 113 0 0 26 10028
2018-10-22T05:39Z 45 0 11 113 0 0 26 10026
2018-10-22T05:44Z 45 4 11 113 0 0 25 10027
2018-10-22T05:49Z 90 3 9 113 0 0 26 10025
2018-10-22T05:54Z 45 5 12 114 0 0 26 10026
2018-10-22T05:59Z 135 3 12 114 0 0 25 10025
2018-10-22T06:05Z 90 3 10 115 0 0 26 10025
2018-10-22T06:10Z 45 0 7 115 0 0 25 10023
2018-10-22T06:15Z 45 0 5 115 0 0 25 10024
2018-10-22T06:20Z 45 0 3 116 0 0 24 10022
2018-10-22T06:25Z 45 3 6 116 0 0 24 10022
2018-10-22T06:31Z 45 0 18 101 0 0 39 10033
2018-10-22T06:36Z 45 1 7 100 0 0 40 10033
2018-10-22T06:41Z 45 0 7 99 0 0 41 10033
2018-10-22T06:46Z 45 2 7 99 0 0 41 10032
2018-10-22T06:51Z 45 1 7 98 0 0 42 10032
2018-10-22T06:56Z 45 0 7 97 0 0 43 10030
2018-10-22T07:01Z 45 1 8 97 0 0 42 10030
2018-10-22T07:06Z 45 2 9 97 0 0 43 10029
2018-10-22T07:11Z 45 3 11 97 0 0 42 10030
2018-10-22T07:16Z 45 1 11 97 0 0 42 10030
2018-10-22T07:21Z 45 4 12 97 0 0 42 10028
2018-10-22T07:26Z 45 3 12 97 0 0 41 10029
2018-10-22T07:31Z 45 7 15 98 0 0 40 10028
2018-10-22T07:37Z 45 3 15 99 0 0 40 10027
2018-10-22T07:42Z 90 0 15 100 0 0 38 10028
2018-10-22T07:47Z 45 0 3 101 0 0 37 10027
2018-10-22T07:52Z 45 0 4 101 0 0 36 10027
2018-10-22T07:57Z 135 2 6 99 0 0 38 10027
2018-10-22T08:02Z 225 1 6 97 0 0 39 10028
2018-10-22T08:07Z 180 0 4 98 0 0 40 10028
2018-10-22T08:12Z 45 0 3 99 0 0 38 10026
2018-10-22T08:17Z 45 0 4 101 0 0 37 10026
2018-10-22T08:22Z 180 1 4 101 0 0 36 10027
2018-10-22T08:27Z 225 4 11 100 0 0 37 10027
2018-10-22T08:33Z 225 4 11 100 0 0 37 10027
2018-10-22T08:38Z 45 0 11 100 0 0 38 10025
2018-10-22T08:43Z 225 1 6 100 0 0 38 10023
2018-10-22T08:48Z 45 1 6 100 0 0 37 10024
2018-10-22T08:53Z 45 2 6 99 0 0 38 10025
2018-10-22T08:58Z 225 3 9 98 0 0 40 10024
2018-10-22T09:03Z 135 0 9 96 0 0 42 10025
2018-10-22T09:08Z 180 3 7 95 0 0 43 10025
2018-10-22T09:13Z 180 3 9 93 0 0 45 10026
2018-10-22T09:18Z 180 4 12 92 0 0 47 10027
2018-10-22T09:23Z 225 3 12 91 0 0 48 10028
2018-10-22T09:28Z 225 6 11 91 0 0 49 10028
2018-10-22T09:33Z 225 4 11 90 0 0 50 10027
2018-10-22T09:38Z 225 3 9 90 0 0 51 10028
2018-10-22T09:43Z 225 5 9 90 0 0 51 10028
2018-10-22T09:48Z 225 4 9 90 0 0 52 10028
2018-10-22T09:53Z 225 6 9 89 0 0 52 10029
2018-10-22T09:56Z 45 3 8 87 0 0 69 10019
2018-10-22T10:01Z 45 3 8 87 0 0 70 10020
2018-10-22T10:06Z 45 3 7 87 0 0 70 10023
2018-10-22T10:11Z 45 2 7 86 0 0 71 10024
2018-10-22T10:16Z 45 4 10 86 0 0 72 10027
2018-10-22T10:21Z 45 7 18 86 0 0 72 10027
2018-10-22T10:26Z 90 7 18 86 0 0 73 10025
2018-10-22T10:31Z 45 6 18 86 0 0 73 10024
2018-10-22T10:36Z 45 8 15 86 0 0 74 10023
2018-10-22T10:42Z 45 4 15 85 0 0 74 10023
2018-10-22T10:47Z 45 3 15 85 0 0 75 10024
2018-10-22T10:52Z 180 7 15 85 0 0 75 10025
2018-10-22T10:57Z 45 13 28 85 0 0 76 10023
2018-10-22T11:02Z 45 12 28 84 0 0 78 10025
2018-10-22T11:07Z 135 15 34 84 0 0 80 10028
2018-10-22T11:12Z 45 10 34 83 0 0 81 10029
2018-10-22T11:17Z 90 20 43 83 1 1 82 10028
2018-10-22T11:22Z 90 20 43 83 1 1 82 10028
2018-10-22T11:27Z 45 6 34 82 2 2 85 10026
2018-10-22T11:32Z 45 5 27 82 2 2 85 10025
2018-10-22T11:37Z 45 3 15 81 2 2 86 10027
2018-10-22T11:42Z 45 4 11 81 2 2 87 10030
2018-10-22T11:47Z 45 6 11 81 2 2 86 10031
2018-10-22T11:52Z 45 5 12 81 2 2 87 10036
2018-10-22T11:57Z 45 3 12 81 2 2 86 10036
2018-10-22T12:02Z 45 4 21 81 2 2 86 10037
2018-10-22T12:07Z 45 3 21 81 2 2 86 10038
2018-10-22T12:12Z 90 3 14 81 2 2 87 10038
2018-10-22T12:18Z 45 4 12 80 1 2 87 10042
2018-10-22T12:23Z 45 4 12 80 1 2 87 10042
2018-10-22T12:28Z 45 6 15 80 0 2 86 10045
2018-10-22T12:33Z 45 8 15 80 0 2 86 10046
2018-10-22T12:38Z 45 5 15 79 0 2 85 10048
2018-10-22T12:43Z 45 4 12 79 0 2 86 10048
2018-10-22T12:48Z 135 6 12 79 0 2 86 10051
2018-10-22T12:53Z 45 8 16 80 0 2 85 10053
2018-10-22T12:58Z 45 6 18 79 0 2 82 10053
2018-10-22T13:03Z 135 7 18 79 0 2 81 10054
2018-10-22T13:08Z 90 6 15 79 0 2 82 10055
2018-10-22T13:13Z 45 6 15 79 0 2 82 10054
2018-10-22T13:18Z 45 3 12 79 0 2 82 10052
2018-10-22T13:23Z 45 4 11 79 0 2 81 10052
2018-10-22T13:28Z 45 3 9 78 0 2 82 10052
2018-10-22T13:33Z 45 3 9 78 0 2 82 10051
2018-10-22T13:38Z 45 5 9 78 0 2 82 10050
2018-10-22T13:43Z 45 5 10 78 0 2 83 10048
2018-10-22T13:48Z 45 4 10 78 0 2 84 10046
2018-10-22T13:54Z 45 3 9 78 1 3 85 10047
2018-10-22T13:59Z 45 3 9 77 1 3 84 10045
2018-10-22T14:04Z 45 5 9 77 1 3 85 10044
2018-10-22T14:09Z 45 4 9 77 1 3 87 10045
2018-10-22T14:14Z 45 5 10 77 2 5 87 10046
2018-10-22T14:19Z 45 6 12 77 2 5 86 10045
2018-10-22T14:24Z 45 6 12 77 2 5 86 10044
2018-10-22T14:29Z 45 6 13 77 2 5 86 10044
2018-10-22T14:34Z 45 6 13 77 2 5 87 10044
2018-10-22T14:39Z 45 6 12 77 2 5 87 10043
2018-10-22T14:44Z 45 7 13 77 2 5 87 10041
2018-10-22T14:49Z 45 6 13 77 3 6 87 10042
2018-10-22T14:54Z 45 6 13 77 2 6 88 10041
2018-10-22T14:59Z 45 7 13 77 2 6 88 10041
2018-10-22T15:04Z 45 5 12 77 2 6 88 10040
2018-10-22T15:09Z 45 6 12 77 2 6 88 10039
2018-10-22T15:14Z 45 6 12 77 1 6 88 10039
2018-10-22T15:19Z 45 5 13 77 1 6 88 10038
2018-10-22T15:25Z 45 2 13 76 1 6 88 10039
2018-10-22T15:30Z 45 3 6 76 2 7 88 10040
2018-10-22T15:35Z 45 3 8 76 2 7 88 10041
2018-10-22T15:40Z 45 5 9 76 2 7 88 10040
2018-10-22T15:45Z 45 6 11 76 2 7 88 10041
2018-10-22T15:50Z 45 3 12 76 1 7 88 10038
2018-10-22T15:55Z 45 3 12 76 1 7 88 10037
2018-10-22T16:00Z 45 3 10 76 1 7 88 10036
2018-10-22T16:05Z 45 1 9 76 1 7 88 10035
2018-10-22T16:10Z 45 1 9 76 1 7 88 10035
2018-10-22T16:15Z 45 9 15 76 1 7 88 10036
2018-10-22T16:20Z 45 7 19 75 1 7 89 10038
2018-10-22T16:25Z 45 8 19 76 1 7 89 10038
2018-10-22T16:30Z 45 4 17 76 0 7 89 10038
2018-10-22T16:35Z 45 4 12 76 0 7 89 10037
2018-10-22T16:40Z 45 4 11 76 0 7 89 10037
2018-10-22T16:45Z 45 4 11 76 0 7 89 10037
2018-10-22T16:50Z 45 8 15 76 0 7 89 10036
2018-10-22T16:55Z 45 4 17 76 0 7 90 10035
2018-10-22T17:01Z 45 5 17 76 0 7 90 10035
2018-10-22T17:06Z 45 5 15 76 0 7 90 10034
2018-10-22T17:11Z 45 0 12 76 0 7 90 10033
2018-10-22T17:16Z 45 3 9 76 0 7 90 10032
2018-10-22T17:21Z 45 5 12 76 0 7 91 10029
2018-10-22T17:26Z 45 5 12 76 0 7 91 10028
2018-10-22T17:36Z 45 5 15 76 0 7 91 10027
2018-10-22T17:41Z 45 5 15 76 0 7 91 10027
2018-10-22T17:46Z 45 6 15 76 0 7 91 10026
2018-10-22T17:51Z 45 6 15 76 0 7 91 10024
2018-10-22T17:56Z 180 6 15 76 0 7 91 10024
2018-10-22T18:01Z 45 5 12 76 0 7 91 10022
2018-10-22T18:06Z 45 4 12 76 0 7 91 10022
2018-10-22T18:11Z 45 6 12 76 0 7 90 10020
2018-10-22T18:16Z 45 3 12 76 0 7 90 10021
2018-10-22T18:21Z 45 3 12 76 0 7 90 10021
2018-10-22T18:26Z 45 4 12 76 0 7 90 10019
2018-10-22T18:31Z 45 5 12 76 0 7 90 10018
2018-10-22T18:36Z 45 3 12 76 0 7 90 10019
2018-10-22T18:41Z 45 3 12 76 0 7 90 10019
2018-10-22T18:46Z 45 3 12 76 0 7 90 10019
2018-10-22T18:51Z 45 3 12 76 0 7 90 10019
2018-10-22T18:56Z 45 4 11 76 0 7 90 10015
2018-10-22T19:02Z 45 4 12 76 0 7 90 10015
2018-10-22T19:07Z 45 5 12 76 0 7 89 10014
2018-10-22T19:12Z 45 5 12 76 0 7 89 10014
2018-10-22T19:22Z 45 3 12 76 0 7 89 10014
2018-10-22T19:30Z 45 0 6 81 0 0 84 10056
2018-10-22T19:35Z 45 3 8 81 0 0 83 10055
2018-10-22T19:40Z 45 3 9 81 0 0 83 10056
2018-10-22T19:45Z 45 3 9 80 0 0 83 10055
2018-10-22T19:50Z 45 1 9 80 0 0 83 10054
2018-10-22T19:55Z 45 1 9 80 0 0 83 10054
2018-10-22T20:00Z 45 1 9 80 0 0 83 10054
2018-10-22T20:05Z 45 3 9 80 0 0 83 10057
2018-10-22T20:10Z 135 4 12 80 0 0 82 10058
2018-10-22T20:15Z 180 3 12 80 0 0 82 10058
2018-10-22T20:20Z 180 3 12 80 0 0 82 10058
2018-10-22T20:25Z 180 3 12 80 0 0 82 10058
2018-10-22T20:30Z 225 3 9 80 0 0 82 10058
2018-10-22T20:35Z 225 3 9 80 0 0 82 10058
2018-10-22T20:41Z 180 4 9 80 0 0 82 10057
2018-10-22T20:46Z 225 3 9 80 0 0 82 10056
2018-10-22T20:51Z 180 3 9 79 0 0 81 10056
2018-10-22T20:56Z 180 3 9 79 0 0 81 10056
2018-10-22T21:01Z 135 3 9 79 0 0 81 10055
2018-10-22T21:06Z 45 3 9 79 0 0 81 10055
2018-10-22T21:11Z 135 2 9 79 0 0 81 10053
2018-10-22T21:16Z 90 3 9 79 0 0 81 10053
2018-10-22T21:21Z 90 3 9 79 0 0 81 10053
2018-10-22T21:26Z 90 4 6 79 0 0 82 10053
2018-10-22T21:31Z 180 4 9 79 0 0 82 10055
2018-10-22T21:36Z 45 3 9 79 0 0 82 10056
2018-10-22T21:41Z 45 2 9 79 0 0 82 10054
2018-10-22T21:46Z 45 0 9 79 0 0 82 10056
2018-10-22T21:51Z 45 3 6 78 0 0 82 10056
2018-10-22T21:56Z 45 0 6 78 0 0 83 10059
2018-10-22T22:01Z 45 2 6 78 0 0 83 10060
2018-10-22T22:06Z 45 3 9 78 0 0 83 10059
2018-10-22T22:11Z 45 2 9 78 0 0 83 10061
2018-10-22T22:17Z 45 5 9 78 0 0 83 10062
2018-10-22T22:22Z 45 5 12 78 0 0 83 10061
2018-10-22T22:27Z 45 4 15 78 0 0 83 10062
2018-10-22T22:32Z 45 4 15 78 0 0 82 10062
2018-10-22T22:37Z 45 3 12 78 0 0 82 10063
2018-10-22T22:42Z 45 3 9 78 0 0 82 10064
2018-10-22T22:47Z 45 4 12 78 0 0 83 10063
2018-10-22T22:52Z 45 3 12 78 0 0 83 10064
2018-10-22T22:57Z 45 4 9 78 0 0 82 10065
2018-10-22T23:02Z 90 3 9 78 0 0 82 10067
2018-10-22T23:07Z 45 3 9 78 0 0 81 10068
2018-10-22T23:12Z 90 3 9 78 0 0 81 10069
2018-10-22T23:17Z 225 2 7 78 0 0 82 10068
2018-10-22T23:22Z 135 3 7 79 0 0 81 10070
2018-10-22T23:27Z 135 4 9 79 0 0 80 10071
2018-10-22T23:35Z 180 5 12 80 0 0 78 10072
2018-10-22T23:40Z 180 5 12 80 0 0 78 10072
2018-10-22T23:45Z 45 4 15 81 0 0 77 10071
2018-10-22T23:50Z 45 7 16 81 0 0 76 10072
2018-10-22T23:55Z 45 5 18 82 0 0 75 10073
2018-10-23T00:00Z 45 5 18 82 0 0 74 10072
2018-10-23T00:05Z 90 6 13 83 0 0 72 10073
2018-10-23T00:10Z 45 6 16 84 0 0 71 10073
2018-10-23T00:15Z 45 14 25 84 0 0 70 10073
2018-10-23T00:20Z 45 6 25 85 0 0 70 10073
2018-10-23T00:25Z 315 0 4 86 0 7 73 10041
2018-10-23T00:30Z 270 0 4 87 0 7 69 10041
2018-10-23T00:35Z 45 0 4 88 0 7 68 10041
2018-10-23T00:40Z 45 0 7 89 0 7 67 10039
2018-10-23T00:45Z 45 0 7 90 0 7 65 10040
2018-10-23T00:50Z 45 1 8 90 0 7 61 10041
2018-10-23T00:55Z 180 0 8 90 0 7 62 10042
2018-10-23T01:00Z 45 1 9 90 0 7 62 10041
2018-10-23T01:05Z 45 0 9 90 0 7 61 10042
2018-10-23T01:10Z 45 3 10 92 0 7 60 10044
2018-10-23T01:16Z 45 0 10 93 0 7 56 10043
2018-10-23T01:21Z 135 0 7 94 0 7 54 10043
2018-10-23T01:26Z 45 2 8 96 0 7 52 10043
2018-10-23T01:31Z 45 0 8 97 0 7 50 10043
2018-10-23T01:36Z 135 2 12 98 0 7 46 10043
2018-10-23T01:41Z 45 3 13 99 0 7 46 10042
2018-10-23T01:46Z 45 6 16 99 0 7 44 10042
2018-10-23T01:51Z 45 3 16 99 0 7 44 10043
2018-10-23T01:56Z 45 2 12 100 0 7 42 10044
2018-10-23T02:01Z 45 3 9 101 0 7 41 10044
2018-10-23T02:06Z 45 3 11 102 0 7 40 10044
2018-10-23T02:11Z 45 3 11 103 0 7 39 10045
2018-10-23T02:16Z 45 1 9 104 0 7 39 10045
2018-10-23T02:21Z 45 1 7 105 0 7 37 10044
2018-10-23T02:26Z 45 2 9 106 0 7 36 10047
2018-10-23T02:31Z 45 3 12 106 0 7 36 10046
2018-10-23T02:36Z 45 3 13 107 0 7 36 10046
2018-10-23T02:41Z 45 5 13 108 0 7 35 10046
2018-10-23T02:46Z 45 3 12 109 0 7 34 10047
2018-10-23T02:52Z 45 6 15 110 0 7 33 10047
2018-10-23T02:57Z 45 2 15 109 0 7 33 10047
2018-10-23T03:02Z 45 2 14 110 0 7 32 10046
2018-10-23T03:07Z 45 3 8 112 0 7 31 10046
2018-10-23T03:12Z 45 3 12 113 0 7 30 10045
2018-10-23T03:17Z 45 3 12 113 0 7 28 10045
2018-10-23T03:22Z 45 2 12 114 0 7 27 10045
2018-10-23T03:27Z 45 1 7 116 0 7 27 10044
2018-10-23T03:32Z 45 1 6 117 0 7 26 10042
2018-10-23T03:37Z 45 0 5 119 0 7 26 10043
2018-10-23T03:42Z 45 3 12 119 0 7 25 10041
2018-10-23T03:47Z 45 6 15 118 0 7 25 10041
2018-10-23T03:52Z 45 1 15 118 0 7 24 10040
2018-10-23T03:57Z 45 2 6 119 0 7 24 10039
2018-10-23T04:02Z 45 1 6 120 0 7 23 10036
2018-10-23T04:07Z 45 1 6 120 0 7 24 10036
2018-10-23T04:12Z 45 3 9 120 0 7 23 10035
2018-10-23T04:17Z 45 4 26 120 0 7 23 10033
2018-10-23T04:23Z 45 1 26 117 0 7 25 10033
2018-10-23T04:28Z 45 3 10 118 0 7 23 10033
2018-10-23T04:33Z 45 1 8 119 0 7 22 10033
2018-10-23T04:38Z 45 1 6 121 0 7 22 10032
2018-10-23T04:43Z 45 3 9 121 0 7 21 10032
2018-10-23T04:48Z 45 3 9 121 0 7 22 10031
2018-10-23T04:53Z 45 2 9 120 0 7 22 10032
2018-10-23T04:58Z 45 1 8 119 0 7 23 10030
2018-10-23T05:03Z 45 0 6 119 0 7 23 10030
2018-10-23T05:08Z 45 1 5 118 0 7 23 10029
2018-10-23T05:13Z 45 2 6 119 0 7 23 10028
2018-10-23T05:18Z 45 0 8 119 0 7 23 10028
2018-10-23T05:23Z 45 0 8 121 0 7 22 10026
2018-10-23T05:28Z 45 0 3 121 0 7 22 10025
2018-10-23T05:33Z 45 0 4 120 0 7 22 10023
2018-10-23T05:38Z 45 0 4 121 0 7 22 10022
2018-10-23T05:43Z 45 0 4 121 0 7 22 10022
2018-10-23T05:48Z 90 1 5 121 0 7 21 10021
2018-10-23T05:53Z 45 1 5 117 0 7 23 10020
2018-10-23T05:59Z 45 1 4 115 0 7 25 10018
2018-10-23T06:04Z 135 0 4 114 0 7 26 10017
2018-10-23T06:09Z 45 0 4 116 0 7 25 10017
2018-10-23T06:14Z 45 0 4 115 0 7 26 10018
2018-10-23T06:19Z 45 0 3 114 0 7 26 10017
2018-10-23T06:24Z 45 2 6 114 0 7 26 10015
2018-10-23T06:29Z 45 1 6 112 0 7 29 10015
2018-10-23T06:34Z 180 1 6 112 0 7 28 10014
2018-10-23T06:39Z 45 0 3 114 0 7 27 10013
2018-10-23T06:44Z 45 1 4 115 0 7 26 10012
2018-10-23T06:49Z 45 0 4 113 0 7 27 10011
2018-10-23T06:54Z 45 0 6 112 0 7 29 10009
2018-10-23T06:59Z 45 0 6 113 0 7 27 10009
2018-10-23T07:04Z 45 2 4 115 0 7 26 10006
2018-10-23T07:09Z 45 1 4 111 0 7 28 10004
2018-10-23T07:14Z 45 3 9 107 0 7 34 10003
2018-10-23T07:19Z 45 3 9 102 0 7 41 10003
2018-10-23T07:24Z 45 1 9 97 0 7 48 10004
2018-10-23T07:30Z 45 2 8 94 0 7 52 10006
2018-10-23T07:35Z 45 2 7 92 0 7 56 10006
2018-10-23T07:40Z 45 3 14 91 0 7 55 10005
2018-10-23T07:45Z 45 6 18 90 0 7 54 10002
2018-10-23T07:50Z 45 3 18 90 0 7 53 10004
2018-10-23T07:55Z 45 3 11 90 0 7 53 10005
2018-10-23T08:00Z 45 3 12 90 0 7 53 10009
2018-10-23T08:05Z 45 22 68 88 0 7 54 10006
2018-10-23T08:10Z 45 22 68 88 0 7 54 10006
2018-10-23T08:15Z 45 21 109 77 20 28 73 10006
2018-10-23T08:20Z 45 23 109 74 45 53 81 17283
2018-10-23T08:25Z 45 22 56 74 63 71 84 17283
2018-10-23T08:30Z 45 6 56 74 78 85 86 17283
2018-10-23T08:35Z 45 6 27 74 78 85 88 17283
2018-10-23T08:40Z 45 2 22 74 78 85 88 17283
2018-10-23T08:45Z 45 4 13 75 78 85 88 17283
2018-10-23T08:50Z 45 3 13 75 78 85 88 17283
2018-10-23T08:55Z 225 0 12 76 78 85 89 17283
2018-10-23T09:00Z 45 3 10 76 78 85 87 17283
2018-10-23T09:06Z 45 5 12 76 78 85 86 17283
2018-10-23T09:11Z 45 1 12 76 74 85 87 17283
2018-10-23T09:16Z 45 2 9 76 54 85 87 17283
2018-10-23T09:21Z 45 3 9 77 28 85 89 17283
2018-10-23T09:26Z 45 3 9 77 10 85 88 17283
2018-10-23T09:31Z 45 2 15 77 0 85 87 17283
2018-10-23T09:36Z 45 0 15 78 0 85 87 17283
2018-10-23T09:41Z 45 2 7 78 0 85 87 17283
2018-10-23T09:46Z 45 0 7 78 0 85 87 17283
2018-10-23T09:51Z 45 1 11 78 0 85 86 17283
2018-10-23T09:56Z 45 1 11 78 0 85 86 17283
2018-10-23T10:01Z 45 0 6 78 0 85 86 9999
2018-10-23T10:06Z 45 0 6 78 0 85 86 9999
2018-10-23T10:11Z 45 0 5 78 0 85 86 9999
2018-10-23T10:16Z 45 0 6 79 0 85 85 10001
2018-10-23T10:21Z 45 0 6 79 0 85 85 10002
2018-10-23T10:26Z 45 0 4 78 0 85 86 10002
2018-10-23T10:31Z 45 0 3 78 0 85 86 10002
2018-10-23T10:36Z 315 0 1 78 0 85 86 10002
2018-10-23T10:41Z 315 0 1 78 0 85 86 10002
2018-10-23T10:47Z 270 0 0 78 0 85 87 10017
2018-10-23T10:52Z 270 0 1 78 0 85 87 10019
2018-10-23T10:57Z 180 0 1 78 0 85 87 4578
2018-10-23T11:02Z 225 0 1 78 0 85 87 10024
2018-10-23T11:07Z 135 0 4 78 0 85 87 10002
2018-10-23T11:12Z 135 0 4 78 0 84 87 10030
2018-10-23T11:17Z 225 0 3 78 0 84 87 10021
2018-10-23T11:22Z 135 0 3 78 0 84 87 10016
2018-10-23T11:27Z 135 0 0 78 0 83 87 10025
2018-10-23T11:32Z 135 0 0 79 0 83 87 10025
2018-10-23T11:37Z 225 0 0 79 0 83 87 10025
2018-10-23T11:42Z 270 0 3 79 0 83 86 10025
2018-10-23T11:47Z 45 15 27 79 0 83 87 10025
2018-10-23T11:52Z 45 22 40 79 0 83 79 10025
2018-10-23T11:57Z 45 15 49 78 0 83 80 10025
2018-10-23T12:02Z 45 7 49 77 0 83 81 10046
2018-10-23T12:07Z 45 18 31 77 0 83 83 10046
2018-10-23T12:13Z 45 20 35 76 0 83 85 10047
2018-10-23T12:18Z 45 4 35 76 0 83 87 10046
2018-10-23T12:23Z 45 5 12 76 0 83 87 10044
2018-10-23T12:28Z 45 6 12 76 0 83 88 10045
2018-10-23T12:33Z 45 5 12 76 0 83 88 10048
2018-10-23T12:38Z 45 3 12 76 0 83 88 10048
2018-10-23T12:43Z 45 6 14 76 0 83 89 10049
2018-10-23T12:48Z 45 3 14 75 0 83 89 10050
2018-10-23T12:53Z 45 3 12 75 0 83 89 10053
2018-10-23T12:58Z 45 4 12 75 0 83 89 10053
2018-10-23T13:03Z 90 3 12 76 0 83 88 10054
2018-10-23T13:08Z 135 6 12 76 0 83 86 10055
2018-10-23T13:13Z 180 6 12 76 0 83 86 10055
2018-10-23T13:18Z 135 6 12 76 0 83 86 10055
2018-10-23T13:23Z 45 4 12 76 0 83 85 10056
2018-10-23T13:28Z 135 3 9 76 0 83 86 10057
2018-10-23T13:33Z 45 3 11 76 0 83 86 10060
2018-10-23T13:38Z 45 2 12 75 0 83 87 10061
2018-10-23T13:43Z 45 3 19 75 0 83 88 10062
2018-10-23T13:49Z 45 3 19 75 0 83 88 10063
2018-10-23T13:54Z 45 4 10 75 0 81 88 10064
2018-10-23T13:59Z 45 3 11 75 0 81 88 10065
2018-10-23T14:04Z 45 4 11 75 0 81 88 10067
2018-10-23T14:09Z 45 3 12 75 0 81 87 10068
2018-10-23T14:14Z 45 3 12 75 0 80 87 10070
2018-10-23T14:19Z 45 2 7 76 0 80 87 10069
2018-10-23T14:24Z 45 2 7 76 0 80 87 10069
2018-10-23T14:29Z 225 3 8 76 0 80 87 10070
2018-10-23T14:34Z 180 1 9 76 0 80 86 10070
2018-10-23T14:39Z 45 0 9 76 0 80 86 10070
2018-10-23T14:44Z 0 0 6 76 0 80 86 10071
2018-10-23T14:49Z 0 0 0 76 0 79 86 10073
2018-10-23T14:54Z 0 0 0 76 0 79 86 10071
2018-10-23T14:59Z 45 0 2 76 0 79 86 10073
2018-10-23T15:04Z 45 0 2 76 0 79 86 10072
2018-10-23T15:09Z 45 0 0 76 0 79 86 10072
2018-10-23T15:14Z 45 0 0 76 0 79 86 10072
2018-10-23T15:19Z 45 0 0 76 0 79 86 10072
2018-10-23T15:24Z 45 0 0 76 0 79 87 10071
2018-10-23T15:29Z 45 0 0 76 0 78 86 10071
2018-10-23T15:34Z 45 0 0 76 0 78 87 10071
2018-10-23T15:39Z 45 0 0 76 0 78 87 10070
2018-10-23T15:44Z 45 0 4 76 0 78 87 10070
2018-10-23T15:50Z 45 2 6 76 0 78 87 10070
2018-10-23T15:55Z 45 0 6 76 0 78 88 10070
2018-10-23T16:00Z 45 0 6 76 0 78 87 10071
2018-10-23T16:05Z 135 1 4 76 0 78 87 10071
2018-10-23T16:10Z 225 1 4 76 0 78 88 10071
2018-10-23T16:15Z 225 1 5 76 0 78 88 10069
2018-10-23T16:20Z 225 0 5 76 0 78 88 10071
2018-10-23T16:25Z 225 0 3 76 0 78 88 10071
2018-10-23T16:30Z 225 0 3 76 0 78 88 10071
2018-10-23T16:35Z 225 0 3 76 0 78 88 10072
2018-10-23T16:40Z 225 1 4 76 0 78 89 10072
2018-10-23T16:45Z 225 2 6 76 0 78 89 10072
2018-10-23T16:50Z 225 1 6 76 0 78 89 10072
2018-10-23T16:55Z 180 2 8 76 0 78 89 10071
2018-10-23T17:00Z 45 3 8 76 0 78 90 10071
2018-10-23T17:05Z 45 3 10 76 0 78 90 10070
2018-10-23T17:10Z 45 3 11 76 0 78 90 10070
2018-10-23T17:15Z 45 4 11 76 0 78 90 10068
2018-10-23T17:21Z 45 7 15 76 0 78 90 10067
2018-10-23T17:26Z 45 5 15 76 0 78 90 10066
2018-10-23T17:31Z 45 5 13 76 0 78 90 10067
2018-10-23T17:36Z 45 7 15 76 0 78 90 10065
2018-10-23T17:41Z 45 6 15 76 0 78 90 10065
2018-10-23T17:46Z 45 6 15 76 0 78 91 10065
2018-10-23T17:51Z 45 8 15 76 0 78 91 10065
2018-10-23T17:56Z 45 8 16 76 0 78 91 10063
2018-10-23T18:01Z 45 5 16 76 0 78 91 10063
2018-10-23T18:06Z 45 5 14 75 0 78 91 10062
2018-10-23T18:11Z 45 5 13 75 0 78 91 10062
2018-10-23T18:16Z 45 8 14 75 0 78 92 10063
2018-10-23T18:21Z 45 8 14 75 0 78 92 10062
2018-10-23T18:26Z 45 7 15 75 0 78 92 10062
2018-10-23T18:31Z 45 4 15 75 0 78 92 10063
2018-10-23T18:36Z 45 5 11 75 0 78 92 10065
2018-10-23T18:41Z 45 5 9 75 0 78 92 10064
2018-10-23T18:46Z 45 0 9 75 0 78 92 10062
2018-10-23T18:51Z 45 4 9 75 0 78 92 10062
2018-10-23T18:57Z 45 3 9 75 0 78 92 10060
2018-10-23T19:02Z 45 2 9 75 0 78 92 10061
2018-10-23T19:07Z 45 4 9 75 0 78 92 10060
2018-10-23T19:12Z 45 6 12 75 0 78 92 10060
2018-10-23T19:17Z 45 3 12 75 0 78 92 10061
2018-10-23T19:22Z 45 2 9 75 0 78 92 10060
2018-10-23T19:27Z 45 3 9 75 0 78 92 10059
2018-10-23T19:32Z 45 6 9 75 0 78 92 10059
2018-10-23T19:37Z 45 6 12 75 0 78 92 10057
2018-10-23T19:42Z 45 2 12 75 0 78 92 10057
2018-10-23T19:47Z 45 2 9 75 0 78 92 10055
2018-10-23T19:52Z 45 2 12 75 0 78 92 10055
2018-10-23T19:57Z 45 2 12 75 0 78 92 10055
2018-10-23T20:02Z 135 5 9 75 0 78 92 10054
2018-10-23T20:07Z 180 4 9 75 0 78 92 10052
2018-10-23T20:12Z 180 6 12 75 0 78 92 10051
2018-10-23T20:17Z 180 6 12 75 0 78 92 10050
2018-10-23T20:22Z 180 5 12 75 0 78 92 10050
2018-10-23T20:27Z 45 3 12 75 0 78 92 10050
2018-10-23T20:32Z 45 3 12 75 0 78 92 10050
2018-10-23T20:37Z 180 5 9 75 0 78 92 10048
2018-10-23T20:42Z 180 6 12 75 0 78 92 10049
2018-10-23T20:47Z 45 5 12 75 0 78 92 10049
2018-10-23T20:52Z 45 5 12 75 0 78 92 10051
2018-10-23T20:57Z 45 6 12 75 0 78 92 10051
2018-10-23T21:02Z 45 4 12 75 0 78 92 10050
2018-10-23T21:07Z 45 3 15 75 0 78 92 10051
2018-10-23T21:12Z 45 4 15 75 0 78 92 10053
2018-10-23T21:17Z 45 3 11 75 0 78 92 10053
2018-10-23T21:23Z 45 3 12 75 0 78 92 10055
2018-10-23T21:30Z 45 7 13 75 0 78 92 10056
2018-10-23T21:35Z 45 2 13 75 0 78 92 10057
2018-10-23T21:40Z 45 1 12 75 0 78 92 10057
2018-10-23T21:46Z 45 2 9 75 0 78 92 10058
2018-10-23T21:51Z 45 3 9 75 0 78 92 10058
2018-10-23T21:56Z 90 1 8 75 0 78 92 10059
2018-10-23T22:01Z 180 0 8 75 0 78 92 10061
2018-10-23T22:06Z 45 0 6 75 0 78 92 10061
2018-10-23T22:11Z 45 1 6 75 0 78 92 10062
2018-10-23T22:16Z 45 0 6 75 0 78 92 10062
2018-10-23T22:21Z 45 0 6 75 0 78 92 10062
2018-10-23T22:26Z 45 3 8 75 0 78 92 10062
2018-10-23T22:31Z 45 3 11 75 0 78 92 10062
2018-10-23T22:36Z 45 4 11 75 0 78 92 10062
2018-10-23T22:41Z 45 2 9 75 0 78 92 10063
2018-10-23T22:46Z 45 1 12 75 0 78 91 10064
2018-10-23T22:51Z 45 1 12 75 0 78 91 10065
2018-10-23T22:56Z 315 1 7 75 0 78 92 10065
2018-10-23T23:01Z 45 1 6 76 0 78 91 10066
2018-10-23T23:06Z 45 3 9 76 0 78 91 10067
2018-10-23T23:11Z 45 2 9 76 0 78 91 10068
2018-10-23T23:16Z 45 1 9 76 0 78 91 10069
2018-10-23T23:22Z 45 1 4 76 0 78 91 10070
2018-10-23T23:27Z 45 2 6 76 0 78 91 10069
2018-10-23T23:32Z 45 0 6 76 0 78 91 10070
2018-10-23T23:37Z 45 2 6 77 0 78 90 10071
2018-10-23T23:42Z 45 2 9 77 0 78 90 10071
2018-10-23T23:47Z 45 2 12 78 0 78 89 10072
2018-10-23T23:52Z 45 3 12 78 0 78 89 10073
2018-10-23T23:57Z 45 1 9 79 0 78 86 10075
2018-10-24T00:02Z 45 2 6 80 0 78 84 10077
2018-10-24T00:07Z 45 0 7 81 0 78 83 10078
2018-10-24T00:12Z 45 9 17 82 0 78 80 10077
2018-10-24T00:17Z 45 3 17 82 0 78 78 10077
2018-10-24T00:22Z 45 4 10 83 0 78 78 10077
2018-10-24T00:27Z 45 3 14 84 0 78 74 10076
2018-10-24T00:32Z 45 1 14 86 0 78 72 10076
2018-10-24T00:37Z 45 4 10 87 0 78 67 10077
2018-10-24T00:42Z 45 6 12 87 0 78 67 10075
2018-10-24T00:47Z 45 3 12 87 0 78 68 10078
2018-10-24T00:52Z 45 3 12 87 0 78 67 10078
2018-10-24T00:58Z 45 1 12 89 0 78 65 10079
2018-10-24T01:03Z 45 3 12 91 0 78 61 10081
2018-10-24T01:08Z 45 0 12 92 0 78 59 10081
2018-10-24T01:13Z 45 0 8 91 0 78 59 10082
2018-10-24T01:18Z 45 1 4 91 0 78 60 10083
2018-10-24T01:23Z 45 1 9 90 0 78 61 10084
2018-10-24T01:28Z 45 0 9 90 0 78 61 10086
2018-10-24T01:33Z 45 2 9 90 0 78 61 10084
2018-10-24T01:38Z 45 6 12 90 0 78 61 10085
2018-10-24T01:43Z 45 6 13 90 0 78 61 10084
2018-10-24T01:48Z 45 3 13 90 0 78 62 10084
2018-10-24T01:53Z 180 1 13 90 0 78 62 10084
2018-10-24T01:58Z 45 8 16 92 0 78 58 10082
2018-10-24T02:03Z 45 1 16 94 0 78 55 10083
2018-10-24T02:08Z 180 3 12 95 0 78 52 10083
2018-10-24T02:13Z 45 0 11 96 0 78 52 10085
2018-10-24T02:18Z 45 0 11 97 0 78 51 10087
2018-10-24T02:26Z 45 0 4 99 0 78 48 10087
2018-10-24T02:31Z 90 0 3 100 0 78 45 10088
2018-10-24T02:36Z 135 0 3 100 0 78 44 10087
2018-10-24T02:41Z 45 0 3 100 0 78 43 10088
2018-10-24T02:46Z 180 0 2 100 0 78 44 10088
2018-10-24T02:52Z 225 0 4 99 0 78 44 10088
2018-10-24T02:57Z 45 0 4 98 0 78 46 10086
2018-10-24T03:02Z 45 0 7 98 0 78 47 10086
2018-10-24T03:07Z 45 0 7 101 0 78 44 10086
2018-10-24T03:12Z 90 5 12 106 0 78 37 10085
2018-10-24T03:17Z 45 5 13 109 0 78 32 10085
2018-10-24T03:22Z 90 6 17 110 0 78 32 10085
2018-10-24T03:27Z 45 3 17 110 0 78 34 10086
2018-10-24T03:32Z 45 6 14 110 0 78 33 10084
2018-10-24T03:37Z 45 5 18 111 0 78 32 10086
2018-10-24T03:42Z 45 4 18 112 0 78 31 10085
2018-10-24T03:47Z 90 0 18 111 0 78 30 10084
2018-10-24T03:52Z 225 0 9 110 0 78 32 10083
2018-10-24T03:57Z 45 2 9 106 0 78 38 10082
2018-10-24T04:02Z 45 3 11 100 3 81 46 10084
2018-10-24T04:07Z 45 6 13 92 20 98 59 10084
2018-10-24T04:12Z 45 3 18 87 27 105 67 10083
2018-10-24T04:17Z 45 1 18 84 37 115 72 10081
2018-10-24T04:22Z 45 0 9 82 39 117 75 10078
2018-10-24T04:28Z 45 0 9 82 39 117 77 10078
2018-10-24T04:33Z 45 0 4 83 39 117 78 10076
2018-10-24T04:38Z 315 0 3 86 39 117 71 10074
2018-10-24T04:43Z 315 0 3 89 39 117 68 10074
2018-10-24T04:48Z 315 0 3 94 39 117 61 10071
2018-10-24T04:53Z 315 0 3 98 39 117 50 10071
2018-10-24T04:58Z 45 0 1 99 39 117 50 10070
2018-10-24T05:03Z 45 0 3 99 35 117 49 10069
2018-10-24T05:08Z 45 0 3 98 18 117 50 10067
2018-10-24T05:13Z 45 0 1 97 11 117 51 10065
2018-10-24T05:18Z 45 0 3 95 1 117 53 10065
2018-10-24T05:23Z 45 0 3 95 0 117 55 10063
2018-10-24T05:28Z 45 1 4 95 0 117 56 10062
2018-10-24T05:33Z 45 1 7 97 0 117 53 10063
2018-10-24T05:38Z 45 3 12 100 0 117 48 10064
2018-10-24T05:43Z 45 3 12 102 0 117 46 10062
2018-10-24T05:48Z 45 3 9 102 0 117 44 10061
2018-10-24T05:53Z 45 3 13 101 0 117 44 10060
2018-10-24T05:58Z 45 3 13 100 0 117 46 10061
2018-10-24T06:04Z 45 6 18 99 0 117 48 10062
2018-10-24T06:09Z 45 6 24 95 0 117 54 10061
2018-10-24T06:14Z 45 6 24 91 1 118 61 10062
2018-10-24T06:19Z 45 7 20 89 1 118 63 10061
2018-10-24T06:24Z 45 5 15 88 1 118 65 10059
2018-10-24T06:29Z 45 4 13 88 1 118 64 10056
2018-10-24T06:34Z 45 3 12 90 1 118 62 10056
2018-10-24T06:39Z 45 4 14 89 1 118 65 10055
2018-10-24T06:44Z 45 6 17 87 5 122 68 10055
2018-10-24T06:49Z 45 7 20 85 5 122 70 10056
2018-10-24T06:54Z 45 5 20 85 5 122 72 10056
2018-10-24T06:59Z 45 4 14 85 5 122 72 10055
2018-10-24T07:04Z 45 4 19 85 5 122 69 10053
2018-10-24T07:09Z 45 3 19 85 5 122 69 10053
2018-10-24T07:14Z 45 3 17 87 3 122 69 10054
2018-10-24T07:19Z 45 3 17 88 3 122 64 10053
2018-10-24T07:24Z 45 3 9 89 3 122 63 10054
2018-10-24T07:29Z 45 1 7 89 3 122 63 10052
2018-10-24T07:35Z 45 0 7 91 3 122 60 10052
2018-10-24T07:40Z 45 2 11 92 2 122 57 10054
2018-10-24T07:45Z 45 0 11 93 0 122 57 10054
2018-10-24T07:50Z 45 0 4 94 0 122 56 10055
2018-10-24T07:55Z 45 6 13 95 0 122 53 10055
2018-10-24T08:00Z 45 6 13 94 0 122 54 10055
2018-10-24T08:05Z 45 3 12 94 0 122 56 10054
2018-10-24T08:10Z 90 6 15 93 0 113 56 10051
2018-10-24T08:15Z 45 2 15 92 0 93 58 10052
2018-10-24T08:20Z 45 4 15 92 0 65 58 10053
2018-10-24T08:25Z 45 8 21 90 0 48 59 10053
2018-10-24T08:30Z 45 2 21 90 0 44 61 10056
2018-10-24T08:35Z 45 2 11 89 0 44 63 10057
2018-10-24T08:40Z 45 4 11 89 0 44 63 10058
2018-10-24T08:45Z 135 6 12 89 0 44 63 10058
2018-10-24T08:50Z 180 1 12 89 0 44 63 10059
2018-10-24T08:55Z 45 3 12 90 0 44 62 10059
2018-10-24T09:00Z 45 10 25 89 0 44 61 10058
2018-10-24T09:05Z 45 7 25 89 0 44 62 10055
2018-10-24T09:11Z 135 6 21 88 0 44 64 10053
2018-10-24T09:16Z 45 6 18 87 0 44 66 10052
2018-10-24T09:21Z 45 8 18 86 0 44 66 10052
2018-10-24T09:26Z 45 8 20 86 0 44 66 10054
2018-10-24T09:31Z 45 8 21 85 0 44 67 10055
2018-10-24T09:36Z 135 6 21 85 0 44 68 10056
2018-10-24T09:41Z 90 9 23 85 0 44 68 10057
2018-10-24T09:46Z 45 4 23 85 0 44 69 10057
2018-10-24T09:51Z 45 7 23 85 0 44 70 10056
2018-10-24T09:56Z 45 8 23 84 0 44 71 10058
2018-10-24T10:01Z 90 9 25 84 0 44 71 10059
2018-10-24T10:06Z 90 5 25 84 0 44 72 10060
2018-10-24T10:11Z 45 2 18 84 0 44 73 10062
2018-10-24T10:16Z 45 2 18 84 0 44 73 10062
2018-10-24T10:21Z 90 5 18 83 0 44 74 10063
2018-10-24T10:26Z 135 3 18 83 0 44 74 10063
2018-10-24T10:31Z 90 1 13 83 0 44 74 10064
2018-10-24T10:36Z 135 0 12 82 0 44 75 10065
2018-10-24T10:41Z 225 0 4 82 0 44 77 10065
2018-10-24T10:46Z 180 0 4 81 0 44 77 10067
2018-10-24T10:51Z 135 2 9 81 0 44 78 10068
2018-10-24T10:56Z 225 0 9 81 0 44 79 10067
2018-10-24T11:01Z 225 3 9 81 0 44 80 10066
2018-10-24T11:06Z 225 1 9 80 0 44 80 10066
2018-10-24T11:12Z 180 2 9 80 0 44 81 10067
2018-10-24T11:17Z 180 4 8 80 0 44 81 10067
2018-10-24T11:22Z 180 0 8 80 0 44 81 10067
2018-10-24T11:27Z 180 3 6 80 0 44 82 10067
2018-10-24T11:32Z 180 3 7 79 0 44 82 10069
2018-10-24T11:37Z 45 3 7 79 0 44 83 10070
2018-10-24T11:42Z 45 4 9 79 0 44 83 10071
2018-10-24T11:47Z 45 8 13 79 0 44 83 10072
2018-10-24T11:52Z 45 7 15 79 0 44 84 10072
2018-10-24T11:57Z 45 5 15 79 0 44 84 10071
2018-10-24T12:02Z 45 5 11 79 0 44 84 10071
2018-10-24T12:07Z 45 2 12 79 0 44 85 10071
2018-10-24T12:12Z 45 4 12 78 0 44 85 10070
2018-10-24T12:17Z 45 6 12 79 0 44 84 10069
2018-10-24T12:22Z 45 2 12 79 0 44 83 10069
2018-10-24T12:27Z 135 1 6 79 0 44 82 10070
2018-10-24T12:32Z 135 3 6 79 0 44 81 10070
2018-10-24T12:37Z 90 2 6 79 0 44 81 10070
2018-10-24T12:43Z 90 1 6 79 0 44 81 10070
2018-10-24T12:48Z 45 1 6 79 0 44 80 10071
2018-10-24T12:53Z 45 2 6 79 0 44 80 10072
2018-10-24T12:58Z 45 1 6 79 0 44 80 10072
2018-10-24T13:03Z 90 2 6 79 0 44 80 10073
2018-10-24T13:08Z 90 3 9 79 0 44 80 10074
2018-10-24T13:13Z 45 3 9 79 0 44 79 10074
2018-10-24T13:18Z 45 3 15 79 0 44 79 10075
2018-10-24T13:23Z 90 4 15 79 0 44 79 10075
2018-10-24T13:28Z 90 3 9 79 0 44 79 10076
2018-10-24T13:33Z 45 1 9 78 0 44 80 10077
2018-10-24T13:38Z 90 2 6 78 0 44 80 10077
2018-10-24T13:43Z 45 1 6 78 0 44 80 10079
2018-10-24T13:48Z 45 3 11 78 0 44 79 10079
2018-10-24T13:53Z 45 5 12 78 0 44 79 10079
2018-10-24T13:58Z 45 3 12 78 0 44 79 10079
2018-10-24T14:03Z 135 6 15 78 0 44 79 10081
2018-10-24T14:08Z 45 6 15 78 0 44 79 10081
2018-10-24T14:13Z 135 5 12 78 0 44 79 10080
2018-10-24T14:19Z 180 0 12 78 0 44 79 10079
2018-10-24T14:24Z 135 3 12 78 0 44 79 10079
2018-10-24T14:29Z 90 6 12 78 0 44 79 10079
2018-10-24T14:34Z 90 8 15 78 0 44 78 10078
2018-10-24T14:39Z 135 6 15 78 0 44 78 10078
2018-10-24T14:44Z 90 7 15 78 0 44 78 10077
2018-10-24T14:49Z 90 3 15 78 0 44 78 10076
2018-10-24T14:54Z 90 6 15 78 0 44 78 10077
2018-10-24T14:59Z 45 7 13 78 0 44 78 10076
2018-10-24T15:04Z 90 10 18 78 0 44 77 10077
2018-10-24T15:09Z 135 10 20 78 0 44 76 10078
2018-10-24T15:14Z 45 6 20 78 0 44 77 10078
2018-10-24T15:19Z 45 6 15 78 0 44 77 10078
2018-10-24T15:24Z 45 6 14 78 0 44 77 10078
2018-10-24T15:29Z 45 4 12 78 0 44 77 10078
2018-10-24T15:34Z 45 3 11 78 0 44 77 10078
2018-10-24T15:39Z 45 3 11 78 0 44 77 10079
2018-10-24T15:44Z 45 3 12 78 0 44 78 10079
2018-10-24T15:50Z 45 3 12 77 0 44 78 10079
2018-10-24T15:55Z 135 3 10 77 0 44 78 10079
2018-10-24T16:00Z 90 1 10 77 0 44 79 10080
2018-10-24T16:05Z 45 2 10 77 0 44 79 10079
2018-10-24T16:10Z 45 6 11 77 0 44 80 10079
2018-10-24T16:15Z 45 6 14 77 0 44 80 10080
2018-10-24T16:20Z 45 4 14 77 0 44 81 10079
2018-10-24T16:25Z 45 4 12 77 0 44 81 10078
2018-10-24T16:30Z 45 3 9 77 0 44 81 10077
2018-10-24T16:35Z 45 0 9 77 0 44 81 10078
2018-10-24T16:40Z 45 1 6 77 0 44 82 10079
2018-10-24T16:45Z 135 1 9 77 0 44 82 10078
2018-10-24T16:50Z 45 1 9 77 0 44 82 10077
2018-10-24T16:55Z 45 2 6 77 0 44 83 10076
2018-10-24T17:00Z 45 3 6 76 0 44 83 10076
2018-10-24T17:05Z 45 2 9 76 0 44 83 10076
2018-10-24T17:10Z 45 3 9 76 0 44 83 10075
2018-10-24T17:15Z 45 2 9 76 0 44 83 10076
2018-10-24T17:20Z 45 2 6 76 0 44 83 10075
2018-10-24T17:26Z 225 0 6 76 0 44 84 10075
2018-10-24T17:31Z 45 0 6 76 0 44 84 10074
2018-10-24T17:36Z 180 0 3 76 0 44 84 10074
2018-10-24T17:41Z 225 0 3 76 0 44 84 10072
2018-10-24T17:46Z 225 0 3 76 0 44 84 10072
2018-10-24T17:51Z 225 0 0 75 0 44 84 10071
2018-10-24T17:56Z 135 0 3 75 0 44 85 10070
2018-10-24T18:01Z 180 0 3 75 0 44 85 10069