 2018-09-06T04:00Z 45 11 31 89 1 1 61 9997
 2018-09-06T04:00Z 45 11 31 89 1 1 61 9998
 2018-09-06T04:00Z 45 11 31 89 1 1 61 9998
 2018-09-06T04:00Z 45 11 31 89 1 1 61 9995
 2018-09-06T04:00Z 45 11 31 89 1 1 61 9996
 2018-09-06T04:00Z 45 11 31 89 1 1 61 9993
 2018-09-06T04:00Z 45 11 31 89 1 1 61 9994
 2018-09-06T04:00Z 45 11 31 89 1 1 61 9991
 2018-09-06T04:00Z 45 11 31 89 1 1 61 9989
 2018-09-06T04:00Z 45 11 31 89 1 1 61 9990
 2018-09-06T04:00Z 45 11 31 89 1 1 61 9985
 2018-09-06T04:00Z 45 11 31 89 1 1 61 9982
 2018-09-06T05:36Z 90 15 31 97 1 6 49 9980
 2018-09-06T05:41Z 45 17 31 98 1 6 46 9979
 2018-09-06T05:46Z 45 9 31 99 1 6 45 9977
 2018-09-06T05:55Z 45 15 26 101 1 6 43 9976
 2018-09-06T06:00Z 45 13 27 98 1 6 46 9975
 2018-09-06T06:05Z 45 14 32 96 1 6 49 9974
 2018-09-06T06:10Z 45 12 35 96 0 6 50 9975
 2018-09-06T06:15Z 90 13 35 97 0 6 48 9973
 2018-09-06T06:20Z 45 14 31 96 0 6 49 9971
 2018-09-06T06:25Z 45 22 37 97 0 6 47 9971
 2018-09-06T06:30Z 90 12 38 98 0 6 47 9971
 2018-09-06T06:35Z 135 14 38 99 0 6 45 9969
 2018-09-06T06:40Z 135 11 31 99 0 6 46 9970
 2018-09-06T06:46Z 135 9 36 96 0 6 49 9968
 2018-09-06T06:51Z 45 8 36 96 0 6 48 9968
 2018-09-06T06:56Z 45 13 28 97 0 6 47 9967
 2018-09-06T07:01Z 45 17 33 96 0 6 47 9966
 2018-09-06T07:06Z 90 15 33 97 0 6 47 9965
 2018-09-06T07:11Z 45 14 31 97 0 6 46 9964
 2018-09-06T07:16Z 90 19 34 96 0 6 47 9963
 2018-09-06T07:21Z 45 9 34 96 0 6 48 9963
 2018-09-06T07:26Z 90 15 31 95 0 6 49 9962
 2018-09-06T07:31Z 90 14 27 95 0 6 49 9962
 2018-09-06T07:36Z 135 18 36 95 0 6 49 9960
 2018-09-06T07:41Z 45 7 36 97 0 6 48 9960
 2018-09-06T07:46Z 135 10 34 99 0 6 45 9960
 2018-09-06T07:51Z 90 9 25 99 0 6 45 9960
 2018-09-06T07:56Z 45 15 39 97 0 6 47 9958
 2018-09-06T08:02Z 45 12 39 97 0 6 47 9958
 2018-09-06T08:07Z 90 9 30 97 0 6 48 9957
 2018-09-06T08:12Z 90 8 30 97 0 6 48 9956
 2018-09-06T08:17Z 45 11 43 99 0 6 45 9955
 2018-09-06T08:22Z 45 9 43 98 0 6 46 9955
 2018-09-06T08:27Z 135 9 31 97 0 6 47 9955
 2018-09-06T08:32Z 45 9 22 96 0 6 49 9955
 2018-09-06T08:37Z 45 14 25 94 0 6 51 9956
 2018-09-06T08:42Z 90 12 25 93 0 6 53 9956
 2018-09-06T08:47Z 45 14 28 92 0 6 55 9956
 2018-09-06T08:52Z 45 5 28 92 0 6 56 9956
 2018-09-06T08:57Z 90 6 15 92 0 6 57 9957
 2018-09-06T09:02Z 45 9 21 90 0 6 59 9957
 2018-09-06T09:07Z 135 11 22 89 0 6 61 9957
 2018-09-06T09:12Z 135 8 22 88 0 6 63 9957
 2018-09-06T09:17Z 45 5 20 87 0 6 63 9957
 2018-09-06T09:23Z 135 4 13 87 0 6 62 9957
 2018-09-06T09:28Z 90 7 22 87 0 6 62 9957
 2018-09-06T09:33Z 45 6 22 88 0 6 62 9957
 2018-09-06T09:38Z 90 11 28 89 0 6 61 9958
 2018-09-06T09:43Z 45 8 28 90 0 6 59 9958
 2018-09-06T09:48Z 45 10 25 91 0 6 58 9960
 2018-09-06T09:53Z 45 9 22 90 0 6 58 9959
 2018-09-06T09:58Z 90 7 20 90 0 6 59 9959
 2018-09-06T10:03Z 45 8 21 90 0 6 59 9959
 2018-09-06T10:08Z 45 9 22 89 0 6 60 9960
 2018-09-06T10:13Z 135 10 22 89 0 6 60 9959
 2018-09-06T10:18Z 45 7 22 89 0 6 60 9960
 2018-09-06T10:23Z 90 6 18 89 0 6 61 9963
 2018-09-06T10:28Z 45 7 16 89 0 6 61 9964
 2018-09-06T10:33Z 45 9 17 89 0 6 61 9966
 2018-09-06T10:38Z 45 8 21 88 0 6 61 9966
 2018-09-06T10:44Z 45 7 21 88 0 6 62 9966
 2018-09-06T10:49Z 45 5 16 88 0 6 62 9969
 2018-09-06T10:54Z 45 9 18 88 0 6 62 9970
 2018-09-06T10:59Z 45 4 18 88 0 6 62 9970
 2018-09-06T11:04Z 45 6 17 87 0 6 62 9971
 2018-09-06T11:09Z 90 7 17 87 0 6 62 9971
 2018-09-06T11:14Z 45 6 24 87 0 6 63 9972
 2018-09-06T11:19Z 45 8 24 87 0 6 63 9973
 2018-09-06T11:24Z 90 7 18 87 0 6 63 9973
 2018-09-06T11:29Z 90 8 18 87 0 6 63 9974
 2018-09-06T11:34Z 90 5 17 87 0 6 63 9975
 2018-09-06T11:39Z 45 10 18 87 0 6 63 9978
 2018-09-06T11:44Z 45 7 23 87 0 6 63 9980
 2018-09-06T11:49Z 45 7 23 87 0 6 63 9980
 2018-09-06T11:54Z 135 6 17 87 0 6 63 9979
 2018-09-06T11:59Z 45 7 17 87 0 6 63 9980
 2018-09-06T12:05Z 45 3 21 87 0 6 63 9982
 2018-09-06T12:10Z 45 7 23 86 0 6 63 9982
 2018-09-06T12:15Z 45 6 23 86 0 6 63 9983
 2018-09-06T12:20Z 45 7 21 86 0 6 63 9983
 2018-09-06T12:25Z 45 6 19 86 0 6 63 9984
 2018-09-06T12:30Z 45 6 16 86 0 6 63 9985
 2018-09-06T12:35Z 90 9 20 86 0 6 63 9984
 2018-09-06T12:40Z 180 6 20 86 0 6 63 9987
 2018-09-06T12:45Z 45 9 18 85 0 6 62 9986
 2018-09-06T12:50Z 90 8 18 84 0 6 61 9986
 2018-09-06T12:55Z 45 8 21 84 0 6 60 9987
 2018-09-06T13:00Z 45 8 22 84 0 6 60 9987
 2018-09-06T13:05Z 45 6 22 84 0 6 59 9988
 2018-09-06T13:10Z 90 9 17 84 0 6 58 9989
 2018-09-06T13:15Z 45 9 20 84 0 6 58 9990
 2018-09-06T13:21Z 45 9 21 84 0 6 58 9990
 2018-09-06T13:26Z 45 4 21 84 0 6 59 9991
 2018-09-06T13:31Z 135 7 18 84 0 6 58 9991
 2018-09-06T13:36Z 45 4 15 84 0 6 59 9991
 2018-09-06T13:41Z 90 6 15 84 0 6 59 9992
 2018-09-06T13:46Z 45 4 13 84 0 6 59 9990
 2018-09-06T13:51Z 45 3 11 84 0 6 59 9990
 2018-09-06T13:56Z 45 9 15 84 0 6 59 9990
 2018-09-06T14:01Z 90 6 15 84 0 6 58 9991
 2018-09-06T14:06Z 45 7 18 84 0 6 55 9993
 2018-09-06T14:11Z 180 14 26 84 0 6 50 9994
 2018-09-06T14:16Z 45 9 26 84 0 6 47 9996
 2018-09-06T14:21Z 45 6 25 83 0 6 45 9996
 2018-09-06T14:26Z 45 6 22 83 0 6 44 9996
 2018-09-06T14:31Z 45 7 22 83 0 6 43 9995
 2018-09-06T14:36Z 45 4 18 83 0 6 42 9998
 2018-09-06T14:42Z 45 5 18 83 0 6 41 10000
 2018-09-06T14:47Z 45 7 18 82 0 6 40 9999
 2018-09-06T14:52Z 45 7 22 82 0 6 40 10000
 2018-09-06T14:57Z 45 10 28 82 0 6 39 9999
 2018-09-06T15:02Z 45 16 28 82 0 6 38 9999
 2018-09-06T15:07Z 45 10 26 82 0 6 38 9999
 2018-09-06T15:12Z 45 9 22 82 0 6 38 10001
 2018-09-06T15:17Z 45 9 25 82 0 6 37 10002
 2018-09-06T15:22Z 135 12 25 82 0 6 37 9999
 2018-09-06T15:27Z 45 17 29 82 0 6 36 9999
 2018-09-06T15:32Z 90 9 29 82 0 6 36 10000
 2018-09-06T15:37Z 45 9 22 82 0 6 36 10002
 2018-09-06T15:42Z 90 9 22 82 0 6 35 10001
 2018-09-06T15:47Z 45 9 18 82 0 6 35 10000
 2018-09-06T15:52Z 135 12 22 82 0 6 35 9998
 2018-09-06T15:57Z 180 8 22 82 0 6 35 9999
 2018-09-06T16:03Z 45 6 18 82 0 6 35 9998
 2018-09-06T16:08Z 45 8 18 82 0 6 34 9999
 2018-09-06T16:13Z 45 4 18 82 0 6 34 9999
 2018-09-06T16:18Z 45 3 18 82 0 6 34 9998
 2018-09-06T16:23Z 45 9 23 82 0 6 34 9997
 2018-09-06T16:28Z 90 9 23 82 0 6 34 9996
 2018-09-06T16:33Z 45 11 22 82 0 6 33 9996
 2018-09-06T16:38Z 45 9 19 82 0 6 33 9994
 2018-09-06T16:43Z 135 9 18 82 0 6 33 9993
 2018-09-06T16:48Z 45 6 18 82 0 6 33 9994
 2018-09-06T16:53Z 45 7 19 82 0 6 33 9992
 2018-09-06T16:58Z 90 9 19 82 0 6 32 9991
 2018-09-06T17:03Z 45 9 18 82 0 6 32 9989
 2018-09-06T17:08Z 180 6 17 81 0 6 32 9989
 2018-09-06T17:13Z 45 6 17 81 0 6 32 9989
 2018-09-06T17:18Z 45 5 14 81 0 6 32 9988
 2018-09-06T17:24Z 90 7 14 81 0 6 32 9988
 2018-09-06T17:29Z 90 6 16 81 0 6 32 9986
 2018-09-06T17:34Z 45 4 16 81 0 6 32 9986
 2018-09-06T17:39Z 45 8 17 81 0 6 31 9985
 2018-09-06T17:44Z 45 7 17 81 0 6 31 9986
 2018-09-06T17:49Z 45 6 17 81 0 6 31 9986
 2018-09-06T17:54Z 45 9 18 81 0 6 31 9986
 2018-09-06T17:59Z 135 6 18 81 0 6 31 9987
 2018-09-06T18:04Z 45 8 18 81 0 6 30 9985
 2018-09-06T18:09Z 180 5 18 81 0 6 30 9984
 2018-09-06T18:14Z 180 5 17 81 0 6 30 9985
 2018-09-06T18:19Z 180 4 14 81 0 6 30 9982
 2018-09-06T18:24Z 45 4 14 80 0 6 30 9982
 2018-09-06T18:29Z 45 5 13 80 0 6 30 9981
 2018-09-06T18:34Z 45 8 17 80 0 6 30 9981
 2018-09-06T18:40Z 135 8 18 80 0 6 30 9981
 2018-09-06T18:45Z 45 5 18 80 0 6 30 9980
 2018-09-06T18:50Z 45 8 19 80 0 6 30 9981
 2018-09-06T18:55Z 45 8 17 80 0 6 30 9980
 2018-09-06T19:00Z 45 5 14 80 0 6 30 9980
 2018-09-06T19:05Z 45 6 16 80 0 6 30 9979
 2018-09-06T19:10Z 45 4 16 80 0 6 30 9979
 2018-09-06T19:15Z 90 6 17 80 0 6 30 9978
 2018-09-06T19:20Z 45 8 17 80 0 6 30 9977
 2018-09-06T19:25Z 45 5 13 80 0 6 30 9977
 2018-09-06T19:30Z 45 9 17 80 0 6 30 9977
 2018-09-06T19:35Z 90 7 17 80 0 6 30 9978
 2018-09-06T19:40Z 135 5 15 80 0 6 30 9978
 2018-09-06T19:45Z 45 6 20 80 0 6 30 9978
 2018-09-06T19:50Z 45 5 20 80 0 6 30 9978
 2018-09-06T19:55Z 135 6 14 80 0 6 30 9978
 2018-09-06T20:01Z 45 5 14 80 0 6 30 9979
 2018-09-06T20:06Z 135 3 11 80 0 6 30 9980
 2018-09-06T20:11Z 45 3 9 80 0 6 30 9979
 2018-09-06T20:16Z 45 0 6 80 0 6 30 9979
 2018-09-06T20:21Z 135 6 13 80 0 6 30 9978
 2018-09-06T20:26Z 45 4 13 80 0 6 30 9978
 2018-09-06T20:31Z 45 3 12 80 0 6 30 9978
 2018-09-06T20:36Z 90 3 12 80 0 6 30 9978
 2018-09-06T20:41Z 135 0 8 80 0 6 30 9977
 2018-09-06T20:46Z 180 3 8 80 0 6 30 9976
 2018-09-06T20:51Z 225 3 7 80 0 6 29 9977
 2018-09-06T20:56Z 180 0 7 80 0 6 29 9976
 2018-09-06T21:01Z 135 0 3 80 0 6 29 9976
 2018-09-06T21:06Z 225 0 3 80 0 6 29 9976
 2018-09-06T21:11Z 225 0 3 80 0 6 29 9976
 2018-09-06T21:16Z 135 3 7 80 0 6 29 9977
 2018-09-06T21:22Z 45 0 7 80 0 6 29 9978
 2018-09-06T21:27Z 225 0 6 80 0 6 29 9977
 2018-09-06T21:32Z 180 2 6 80 0 6 29 9977
 2018-09-06T21:37Z 135 2 6 80 0 6 29 9977
 2018-09-06T21:42Z 180 2 6 80 0 6 29 9976
 2018-09-06T21:47Z 180 0 6 80 0 6 29 9978
 2018-09-06T21:52Z 225 0 3 80 0 6 29 9978
 2018-09-06T21:57Z 135 1 3 80 0 6 29 9977
 2018-09-06T22:02Z 180 1 6 80 0 6 29 9977
 2018-09-06T22:07Z 225 3 6 80 0 6 29 9978
 2018-09-06T22:12Z 45 0 6 80 0 6 29 9980
 2018-09-06T22:17Z 180 1 3 80 0 6 29 9979
 2018-09-06T22:22Z 225 0 3 80 0 6 29 9981
 2018-09-06T22:27Z 180 1 5 80 0 6 29 9982
 2018-09-06T22:32Z 180 1 5 80 0 6 29 9982
 2018-09-06T22:37Z 180 4 9 80 0 6 29 9983
 2018-09-06T22:43Z 225 3 9 80 0 6 29 9983
 2018-09-06T22:48Z 180 1 9 80 0 6 29 9982
 2018-09-06T22:53Z 180 2 6 80 0 6 29 9982
 2018-09-06T22:58Z 180 2 6 80 0 6 29 9981
 2018-09-06T23:03Z 225 2 6 80 0 6 29 9983
 2018-09-06T23:08Z 180 3 6 80 0 6 29 9982
 2018-09-06T23:13Z 45 4 9 81 0 6 29 9980
 2018-09-06T23:18Z 90 3 9 81 0 6 29 9981
 2018-09-06T23:23Z 135 1 9 81 0 6 29 9982
 2018-09-06T23:28Z 180 2 9 81 0 6 29 9983
 2018-09-06T23:33Z 45 1 6 82 0 6 29 9985
 2018-09-06T23:38Z 45 2 6 82 0 6 29 9985
 2018-09-06T23:43Z 90 0 7 83 0 6 29 9987
 2018-09-06T23:48Z 45 3 8 84 0 6 31 9987
 2018-09-06T23:53Z 45 6 12 85 0 6 33 9987
 2018-09-06T23:59Z 45 7 13 85 0 6 36 9988
 2018-09-07T00:04Z 45 9 18 85 0 6 36 9990
 2018-09-07T00:09Z 45 6 18 85 0 6 36 9992
 2018-09-07T00:14Z 45 6 15 86 0 6 37 9991
 2018-09-07T00:19Z 45 5 13 87 0 6 39 9993
 2018-09-07T00:24Z 135 4 11 87 0 6 40 9994
 2018-09-07T00:29Z 90 3 9 88 0 6 42 9995
 2018-09-07T00:34Z 45 2 12 89 0 6 45 9996
 2018-09-07T00:39Z 45 6 14 88 0 6 46 9998
 2018-09-07T00:44Z 90 3 14 88 0 6 45 9999
 2018-09-07T00:49Z 45 5 12 88 0 6 45 9999
 2018-09-07T00:54Z 45 4 14 88 0 6 45 10000
 2018-09-07T00:59Z 45 7 16 89 0 6 47 10001
 2018-09-07T01:04Z 135 4 16 89 0 6 47 10002
 2018-09-07T01:09Z 45 1 13 91 0 6 48 10001
 2018-09-07T01:14Z 45 6 13 92 0 6 55 10001
 2018-09-07T01:20Z 45 6 16 94 0 6 56 10002
 2018-09-07T01:25Z 135 6 16 95 0 6 56 10002
 2018-09-07T01:30Z 45 7 15 94 0 6 56 10004
 2018-09-07T01:35Z 90 3 15 96 0 6 56 10002
 2018-09-07T01:40Z 45 6 16 97 0 6 54 10002
 2018-09-07T01:45Z 45 7 22 96 0 6 55 10003
 2018-09-07T01:50Z 45 5 22 96 0 6 55 10004
 2018-09-07T01:55Z 45 8 22 96 0 6 55 10002
 2018-09-07T02:00Z 135 6 22 98 0 6 54 10002
 2018-09-07T02:05Z 90 7 15 98 0 6 53 10001
 2018-09-07T02:10Z 45 9 18 99 0 6 52 10000
 2018-09-07T02:15Z 45 7 18 99 0 6 51 9999
 2018-09-07T02:20Z 45 8 18 99 0 6 51 10000
 2018-09-07T02:25Z 45 2 23 101 0 6 50 10000
 2018-09-07T02:30Z 90 9 23 100 0 6 49 9999
 2018-09-07T02:35Z 45 5 22 102 0 6 47 9999
 2018-09-07T02:41Z 90 15 34 101 0 6 45 9998
 2018-09-07T02:46Z 45 16 34 99 0 6 49 9999
 2018-09-07T02:51Z 135 10 33 98 0 6 51 9998
 2018-09-07T02:56Z 90 6 24 100 0 6 50 9998
 2018-09-07T03:01Z 45 5 21 102 0 5 46 9999
 2018-09-07T03:06Z 90 5 19 103 0 5 46 9998
 2018-09-07T03:11Z 45 12 23 102 0 5 46 9998
 2018-09-07T03:16Z 135 15 25 102 0 5 46 9996
 2018-09-07T03:21Z 135 9 25 102 0 5 46 9997
 2018-09-07T03:26Z 90 15 31 102 0 5 45 9996
 2018-09-07T03:31Z 90 14 34 102 0 5 45 9996
 2018-09-07T03:36Z 90 6 31 103 0 5 44 9996
 2018-09-07T03:41Z 45 13 31 102 0 5 44 9994
 2018-09-07T03:46Z 45 12 26 100 0 5 48 9993
 2018-09-07T03:51Z 90 8 22 101 0 5 46 9991
 2018-09-07T03:56Z 45 14 25 102 0 5 44 9992
 2018-09-07T04:02Z 135 9 25 103 0 5 43 9991
 2018-09-07T04:07Z 45 8 28 104 0 5 42 9989
 2018-09-07T04:12Z 90 12 28 101 0 5 45 9988
 2018-09-07T04:17Z 180 11 28 99 0 5 47 9987
 2018-09-07T04:22Z 45 16 25 97 0 5 50 9986
 2018-09-07T04:27Z 180 13 25 98 0 1 50 9986
 2018-09-07T04:32Z 45 10 25 99 0 1 48 9986
 2018-09-07T04:37Z 45 7 18 100 0 1 46 9984
 2018-09-07T04:42Z 90 6 20 101 0 1 44 9982
 2018-09-07T04:47Z 135 11 22 102 0 1 44 9982
 2018-09-07T04:52Z 90 8 22 105 0 1 40 9982
 2018-09-07T04:57Z 90 16 27 106 0 1 39 9980
 2018-09-07T05:02Z 45 6 31 104 0 0 41 9978
 2018-09-07T05:07Z 135 13 31 102 0 0 43 9977
 2018-09-07T05:12Z 135 7 27 101 0 0 45 9977
 2018-09-07T05:18Z 45 5 18 100 0 0 47 9974
 2018-09-07T05:23Z 45 9 22 100 0 0 46 9974
 2018-09-07T05:28Z 180 9 22 99 0 0 48 9973
 2018-09-07T05:33Z 135 15 25 99 0 0 48 9972
 2018-09-07T05:38Z 90 7 25 100 0 0 48 9969
 2018-09-07T05:43Z 45 5 20 103 0 0 43 9970
 2018-09-07T05:48Z 45 15 44 103 0 0 43 9970
 2018-09-07T05:53Z 45 10 44 98 0 0 49 9971
 2018-09-07T05:58Z 45 12 31 94 0 0 54 9967
 2018-09-07T06:03Z 45 6 35 91 0 0 57 9967
 2018-09-07T06:08Z 45 9 35 88 0 0 60 9966
 2018-09-07T06:13Z 45 14 27 85 2 2 56 9962
 2018-09-07T06:18Z 45 12 35 82 9 9 38 9962
 2018-09-07T06:23Z 45 9 35 81 13 13 36 9961
 2018-09-07T06:28Z 45 8 18 80 13 13 33 9962
 2018-09-07T06:33Z 45 12 18 81 13 13 35 9962
 2018-09-07T06:39Z 45 3 18 81 13 13 34 9960
 2018-09-07T06:44Z 45 6 16 81 13 13 35 9959
 2018-09-07T06:49Z 45 3 12 82 13 13 33 9957
 2018-09-07T06:54Z 45 2 12 82 13 13 32 9959
 2018-09-07T06:59Z 45 6 15 82 13 13 33 9956
 2018-09-07T07:04Z 45 5 15 82 13 13 32 9959
 2018-09-07T07:09Z 45 3 13 82 11 13 31 9961
 2018-09-07T07:14Z 45 6 15 82 9 13 32 9958
 2018-09-07T07:19Z 45 3 15 82 2 13 31 9955
 2018-09-07T07:24Z 45 1 12 81 0 13 31 9952
 2018-09-07T07:29Z 45 3 9 82 0 13 32 9951
 2018-09-07T07:34Z 90 5 12 82 0 13 32 9950
 2018-09-07T07:39Z 135 2 12 82 0 13 32 9951
 2018-09-07T07:44Z 45 2 11 82 0 13 32 9950
 2018-09-07T07:49Z 45 1 8 82 0 13 32 9951
 2018-09-07T07:54Z 45 3 9 82 0 13 33 9951
 2018-09-07T08:00Z 45 4 11 82 0 13 35 9951
 2018-09-07T08:05Z 45 3 11 82 0 13 36 9951
 2018-09-07T08:10Z 45 3 11 82 0 13 35 9949
 2018-09-07T08:15Z 45 3 9 82 0 13 36 9948
 2018-09-07T08:20Z 45 0 9 83 0 13 36 9951
 2018-09-07T08:25Z 45 1 6 83 0 13 37 9953
 2018-09-07T08:30Z 45 1 6 83 0 13 37 9953
 2018-09-07T08:35Z 45 2 14 85 0 13 38 9948
 2018-09-07T08:40Z 45 2 7 86 0 13 44 9952
 2018-09-07T08:45Z 45 2 7 86 0 13 44 9952
 2018-09-07T08:50Z 45 0 6 88 0 13 47 9954
 2018-09-07T08:55Z 135 8 18 89 0 13 53 9956
 2018-09-07T09:00Z 135 3 18 88 0 13 51 9957
 2018-09-07T09:05Z 135 5 12 87 0 13 50 9955
 2018-09-07T09:10Z 45 5 18 86 0 13 47 9951
 2018-09-07T09:15Z 180 4 18 86 0 13 45 9953
 2018-09-07T09:21Z 45 0 13 85 0 13 44 9954
 2018-09-07T09:26Z 45 8 15 85 0 13 42 9956
 2018-09-07T09:31Z 45 11 21 84 0 13 39 9957
 2018-09-07T09:36Z 45 8 24 84 0 13 39 9957
 2018-09-07T09:41Z 45 7 24 83 0 13 37 9960
 2018-09-07T09:46Z 45 13 21 82 0 13 45 9960
 2018-09-07T09:51Z 135 9 21 81 0 13 41 9961
 2018-09-07T09:56Z 45 8 20 81 0 13 39 9959
 2018-09-07T10:01Z 45 4 20 81 0 13 37 9961
 2018-09-07T10:06Z 180 6 19 81 0 13 37 9960
 2018-09-07T10:11Z 180 3 13 81 0 13 37 9958
 2018-09-07T10:16Z 90 4 12 81 0 13 39 9957
 2018-09-07T10:21Z 45 10 18 81 0 13 36 9958
 2018-09-07T10:26Z 45 4 18 81 0 13 35 9957
 2018-09-07T10:31Z 135 5 12 81 0 13 34 9956
 2018-09-07T10:37Z 45 9 16 80 0 13 33 9957
 2018-09-07T10:42Z 45 9 19 80 0 13 32 9956
 2018-09-07T10:47Z 45 4 19 80 0 13 31 9954
 2018-09-07T10:52Z 45 4 11 79 0 13 31 9956
 2018-09-07T10:57Z 180 3 11 79 0 13 31 9957
 2018-09-07T11:02Z 180 9 15 78 0 13 34 9957
 2018-09-07T11:07Z 90 11 15 78 0 13 33 9958
 2018-09-07T11:12Z 180 6 15 78 0 13 32 9959
 2018-09-07T11:17Z 180 6 15 78 0 13 33 9964
 2018-09-07T11:22Z 135 4 15 78 0 13 33 9966
 2018-09-07T11:27Z 180 5 15 78 0 13 34 9970
 2018-09-07T11:32Z 90 1 14 77 0 13 34 9971
 2018-09-07T11:37Z 45 0 7 77 0 13 33 9973
 2018-09-07T11:42Z 45 0 3 77 0 13 33 9974
 2018-09-07T11:47Z 180 9 14 78 0 13 33 9976
 2018-09-07T11:52Z 45 3 14 78 0 13 33 9977
 2018-09-07T11:58Z 45 1 13 78 0 13 34 9978
 2018-09-07T12:03Z 180 2 6 78 0 13 33 9981
 2018-09-07T12:08Z 135 0 6 78 0 13 33 9982
 2018-09-07T12:13Z 135 0 6 78 0 13 33 9981
 2018-09-07T12:18Z 180 0 3 78 0 13 34 9982
 2018-09-07T12:23Z 135 0 3 78 0 13 33 9982
 2018-09-07T12:28Z 45 0 3 78 0 13 34 9982
 2018-09-07T12:33Z 45 3 6 78 0 13 33 9983
 2018-09-07T12:38Z 90 9 16 78 0 13 32 9988
 2018-09-07T12:43Z 90 4 16 78 0 13 32 9989
 2018-09-07T12:48Z 45 7 15 78 0 13 31 9991
 2018-09-07T12:53Z 45 4 15 78 0 13 31 9991
 2018-09-07T12:58Z 45 7 16 78 1 14 31 9991
 2018-09-07T13:03Z 45 6 16 78 1 14 31 9991
 2018-09-07T13:08Z 90 5 14 78 1 14 31 9993
 2018-09-07T13:13Z 135 3 11 77 1 14 32 9995
 2018-09-07T13:19Z 45 6 11 77 2 15 32 9992
 2018-09-07T13:24Z 90 6 14 77 5 18 32 9992
 2018-09-07T13:29Z 45 3 14 76 6 19 31 9992
 2018-09-07T13:34Z 90 3 9 76 6 19 31 9995
 2018-09-07T13:39Z 45 3 7 76 6 19 32 9998
 2018-09-07T13:44Z 45 4 10 76 6 19 32 10002
 2018-09-07T13:49Z 45 5 10 76 6 19 32 10005
 2018-09-07T13:54Z 45 8 15 77 6 19 32 10005
 2018-09-07T13:59Z 45 6 15 77 5 19 32 10007
 2018-09-07T14:04Z 90 9 18 77 7 22 32 10008
 2018-09-07T14:09Z 45 9 30 76 7 22 32 10011
 2018-09-07T14:14Z 45 11 30 76 9 23 32 10012
 2018-09-07T14:19Z 45 14 30 75 6 23 32 10012
 2018-09-07T14:24Z 45 6 30 75 5 23 32 10013
 2018-09-07T14:29Z 45 5 18 75 6 26 33 10015
 2018-09-07T14:34Z 45 6 21 75 7 27 33 10016
 2018-09-07T14:40Z 45 5 21 75 14 33 33 10016
 2018-09-07T14:45Z 45 2 12 75 23 42 34 10014
 2018-09-07T14:50Z 45 0 6 74 27 46 34 10012
 2018-09-07T14:55Z 45 0 5 74 29 49 34 10012
 2018-09-07T15:00Z 135 0 3 74 36 55 34 10009
 2018-09-07T15:05Z 45 2 6 74 39 61 34 10004
 2018-09-07T15:10Z 45 9 15 74 41 63 34 10003
 2018-09-07T15:15Z 45 3 15 74 40 63 34 10004
 2018-09-07T15:20Z 45 1 14 75 40 63 34 10005
 2018-09-07T15:25Z 45 5 12 75 39 63 34 10004
 2018-09-07T15:30Z 90 7 14 75 37 63 34 10004
 2018-09-07T15:35Z 45 6 17 75 37 65 34 10006
 2018-09-07T15:40Z 45 3 17 75 31 65 34 10006
 2018-09-07T15:45Z 45 3 11 75 20 65 34 10008
 2018-09-07T15:50Z 45 3 9 75 18 65 34 10008
 2018-09-07T15:56Z 45 3 11 75 14 65 34 10009
 2018-09-07T16:01Z 45 2 11 75 9 66 34 10008
 2018-09-07T16:06Z 45 2 7 74 3 66 34 10005
 2018-09-07T16:11Z 45 1 7 74 3 67 34 10004
 2018-09-07T16:16Z 45 1 6 74 5 68 34 10002
 2018-09-07T16:21Z 45 1 8 74 7 71 34 10001
 2018-09-07T16:26Z 45 0 8 74 7 71 34 10000
 2018-09-07T16:31Z 180 0 7 74 7 72 34 10000
 2018-09-07T16:36Z 180 0 3 74 7 72 34 9998
 2018-09-07T16:41Z 180 0 3 74 7 72 34 9998
 2018-09-07T16:46Z 180 0 3 74 7 72 34 9997
 2018-09-07T16:51Z 180 0 3 75 9 74 34 9996
 2018-09-07T16:56Z 180 0 4 75 9 74 34 9995
 2018-09-07T17:01Z 135 0 5 74 7 74 34 9993
 2018-09-07T17:06Z 45 0 5 74 6 74 34 9994
 2018-09-07T17:11Z 225 0 3 74 5 74 34 9992
 2018-09-07T17:17Z 225 0 0 74 3 74 34 9993
 2018-09-07T17:22Z 225 0 0 74 2 74 34 9993
 2018-09-07T17:27Z 0 0 0 74 3 75 34 9992
 2018-09-07T17:32Z 225 0 0 74 2 75 34 9989
 2018-09-07T17:37Z 225 0 0 74 2 75 34 9989
 2018-09-07T17:42Z 180 0 2 75 2 75 34 9988
 2018-09-07T17:47Z 180 0 2 75 2 75 34 9988
 2018-09-07T17:52Z 45 1 4 75 1 75 34 9986
 2018-09-07T17:57Z 45 0 4 75 1 75 34 9984
 2018-09-07T18:02Z 135 0 4 74 1 75 34 9983
 2018-09-07T18:07Z 225 0 2 74 1 75 35 9983
 2018-09-07T18:12Z 225 0 2 75 1 75 35 9982
 2018-09-07T18:17Z 180 0 4 75 1 75 35 9982
 2018-09-07T18:22Z 225 3 6 75 1 75 35 9982
 2018-09-07T18:27Z 45 1 6 75 0 75 35 9983
 2018-09-07T18:32Z 135 3 6 75 0 75 35 9982
 2018-09-07T18:38Z 135 4 9 75 0 75 35 9981
 2018-09-07T18:43Z 90 3 9 75 0 75 35 9980
 2018-09-07T18:48Z 45 3 9 75 0 75 35 9980
 2018-09-07T18:53Z 45 3 9 75 0 75 35 9980
 2018-09-07T18:58Z 135 1 9 75 0 75 34 9979
 2018-09-07T19:03Z 45 2 7 75 0 75 34 9978
 2018-09-07T19:08Z 45 3 9 75 0 75 34 9978
 2018-09-07T19:13Z 45 1 9 75 0 75 35 9977
 2018-09-07T19:18Z 45 0 9 75 0 75 35 9977
 2018-09-07T19:23Z 180 0 3 75 0 75 35 9976
 2018-09-07T19:28Z 180 0 3 75 0 75 35 9976
 2018-09-07T19:33Z 180 0 2 75 0 75 35 9976
 2018-09-07T19:38Z 135 0 3 75 0 75 35 9975
 2018-09-07T19:43Z 45 0 3 75 0 75 35 9976
 2018-09-07T19:48Z 45 0 5 75 0 75 35 9975
 2018-09-07T19:53Z 45 0 5 75 0 75 35 9977
 2018-09-07T19:59Z 45 1 6 75 0 75 35 9977
 2018-09-07T20:04Z 45 0 6 75 0 75 35 9979
 2018-09-07T20:09Z 45 0 3 74 0 75 35 9979
 2018-09-07T20:14Z 45 0 3 74 0 75 35 9979
 2018-09-07T20:19Z 45 0 3 74 0 75 35 9979
 2018-09-07T20:24Z 45 0 3 75 0 75 36 9979
 2018-09-07T20:29Z 135 0 3 75 0 75 36 9978
 2018-09-07T20:34Z 225 0 3 75 0 75 36 9979
 2018-09-07T20:39Z 270 0 2 75 0 75 36 9981
 2018-09-07T20:44Z 45 0 2 75 0 75 36 9979
 2018-09-07T20:49Z 180 0 2 75 0 75 36 9982
 2018-09-07T20:54Z 90 0 3 75 0 75 36 9982
 2018-09-07T20:59Z 45 2 6 75 0 75 36 9983
 2018-09-07T21:04Z 90 1 6 75 0 75 36 9983
 2018-09-07T21:09Z 90 0 6 75 0 75 36 9983
 2018-09-07T21:14Z 45 0 5 75 0 75 36 9983
 2018-09-07T21:20Z 225 0 5 75 0 75 35 9982
 2018-09-07T21:25Z 0 0 0 75 0 75 35 9982
 2018-09-07T21:30Z 135 0 3 75 0 75 35 9983
 2018-09-07T21:35Z 45 0 3 75 0 75 35 9982
 2018-09-07T21:40Z 45 0 3 75 0 75 35 9982
 2018-09-07T21:45Z 45 0 2 75 0 75 35 9980
 2018-09-07T21:50Z 45 0 2 75 0 75 35 9978
 2018-09-07T21:55Z 315 0 2 74 0 75 35 9980
 2018-09-07T22:00Z 315 0 2 74 0 75 35 9980
 2018-09-07T22:05Z 225 0 1 74 0 75 35 9979
 2018-09-07T22:10Z 180 0 3 74 0 75 35 9978
 2018-09-07T22:15Z 45 0 3 74 0 75 35 9979
 2018-09-07T22:20Z 45 0 5 74 0 75 36 9979
 2018-09-07T22:25Z 90 0 5 74 0 75 36 9977
 2018-09-07T22:30Z 45 0 2 74 0 75 36 9978
 2018-09-07T22:36Z 45 0 4 75 0 75 35 9979
 2018-09-07T22:41Z 45 0 4 75 0 75 36 9980
 2018-09-07T22:46Z 45 0 2 75 0 75 35 9981
 2018-09-07T22:51Z 135 0 2 75 0 75 36 9981
 2018-09-07T22:56Z 90 0 2 75 0 75 36 9981
 2018-09-07T23:01Z 225 0 0 75 0 75 36 9982
 2018-09-07T23:06Z 135 0 2 75 0 75 36 9982
 2018-09-07T23:11Z 45 0 4 75 0 75 35 9982
 2018-09-07T23:16Z 45 0 4 75 0 75 35 9983
 2018-09-07T23:21Z 45 0 4 75 0 75 35 9983
 2018-09-07T23:26Z 45 0 3 76 0 75 35 9984
 2018-09-07T23:31Z 45 0 3 76 0 75 35 9984
 2018-09-07T23:36Z 45 0 3 76 0 75 35 9984
 2018-09-07T23:41Z 45 0 0 77 0 75 35 9984
 2018-09-07T23:46Z 45 0 0 77 0 75 35 9984
 2018-09-07T23:51Z 45 0 5 77 0 75 35 9985
 2018-09-07T23:57Z 90 0 5 77 0 75 35 9985
 2018-09-08T00:02Z 135 1 3 77 0 75 35 9987
 2018-09-08T00:07Z 45 0 6 77 0 75 34 9989
 2018-09-08T00:12Z 45 2 6 78 0 75 34 9989
 2018-09-08T00:17Z 45 0 5 78 0 75 34 9990
 2018-09-08T00:22Z 45 0 6 78 0 75 33 9990
 2018-09-08T00:27Z 45 0 6 79 0 75 33 9991
 2018-09-08T00:32Z 45 0 5 81 0 75 32 9992
 2018-09-08T00:37Z 45 0 5 81 0 75 31 9993
 2018-09-08T00:42Z 45 0 5 82 0 75 30 9994
 2018-09-08T00:47Z 45 0 4 83 0 75 30 9995
 2018-09-08T00:52Z 45 1 6 85 0 75 29 9995
 2018-09-08T00:57Z 45 1 6 85 0 75 32 9997
 2018-09-08T01:02Z 45 0 6 85 0 75 34 9997
 2018-09-08T01:07Z 45 1 5 85 0 75 38 9998
 2018-09-08T01:12Z 45 0 5 85 0 75 36 9999
 2018-09-08T01:18Z 45 0 5 85 0 75 36 10001
 2018-09-08T01:23Z 45 0 4 86 0 75 36 10002
 2018-09-08T01:28Z 135 0 4 87 0 75 34 10003
 2018-09-08T01:33Z 45 0 6 89 1 76 37 10003
 2018-09-08T01:38Z 45 0 6 90 1 76 51 10006
 2018-09-08T01:43Z 45 0 6 90 1 76 52 10006
 2018-09-08T01:48Z 45 0 5 90 1 76 56 10006
 2018-09-08T01:53Z 45 0 5 90 1 76 53 10008
 2018-09-08T01:58Z 45 1 6 93 1 76 57 10008
 2018-09-08T02:03Z 45 1 10 96 1 76 57 10009
 2018-09-08T02:08Z 45 1 10 96 1 76 57 10009
 2018-09-08T02:13Z 45 1 10 96 1 76 57 10009
 2018-09-08T02:18Z 45 4 12 102 1 76 47 10011
 2018-09-08T02:23Z 135 1 12 102 1 76 46 10012
 2018-09-08T02:28Z 45 4 14 100 1 76 47 10012
 2018-09-08T02:33Z 45 3 14 98 0 76 50 10012
 2018-09-08T02:39Z 45 3 9 97 0 76 52 10011
 2018-09-08T02:44Z 45 3 9 97 0 76 51 10012
 2018-09-08T02:49Z 45 1 9 100 0 76 50 10010
 2018-09-08T02:54Z 45 3 11 103 0 76 45 10010
 2018-09-08T02:59Z 45 2 11 107 0 76 41 10011
 2018-09-08T03:04Z 45 1 9 108 0 76 39 10010
 2018-09-08T03:09Z 45 2 9 108 0 76 40 10009
 2018-09-08T03:14Z 135 2 9 109 0 76 38 10009
 2018-09-08T03:19Z 45 1 11 109 0 76 38 10010
 2018-09-08T03:24Z 90 1 12 109 0 76 37 10009
 2018-09-08T03:29Z 45 3 12 106 0 76 40 10010
 2018-09-08T03:34Z 45 5 12 104 0 76 42 10009
 2018-09-08T03:39Z 45 4 12 104 0 76 43 10009
 2018-09-08T03:44Z 45 4 13 106 0 76 41 10010
 2018-09-08T03:49Z 45 5 13 110 0 76 37 10009
 2018-09-08T03:55Z 45 3 13 112 0 76 35 10008
 2018-09-08T04:00Z 45 1 13 112 0 76 34 10009
 2018-09-08T04:05Z 45 2 13 113 0 76 33 10007
 2018-09-08T04:10Z 45 2 7 113 0 76 34 10007
 2018-09-08T04:15Z 45 1 7 113 0 76 34 10005
 2018-09-08T04:20Z 45 3 12 114 0 76 32 10004
 2018-09-08T04:25Z 45 2 12 112 0 76 33 10003
 2018-09-08T04:30Z 45 0 9 110 0 76 34 10002
 2018-09-08T04:35Z 225 0 9 107 0 76 37 10002
 2018-09-08T04:40Z 0 0 5 105 0 76 40 10000
 2018-09-08T04:45Z 45 3 9 103 0 76 42 9999
 2018-09-08T04:50Z 90 0 9 101 0 76 44 9999
 2018-09-08T04:55Z 180 3 9 100 0 76 46 9996
 2018-09-08T05:00Z 180 0 9 100 0 76 46 9995
 2018-09-08T05:05Z 45 1 5 103 0 76 43 9995
 2018-09-08T05:10Z 45 5 14 108 0 76 38 9993
 2018-09-08T05:16Z 45 3 14 110 0 76 35 9992
 2018-09-08T05:21Z 45 2 12 108 0 76 37 9991
 2018-09-08T05:26Z 45 7 15 105 0 76 38 9992
 2018-09-08T05:31Z 90 5 18 100 0 76 41 9992
 2018-09-08T05:36Z 45 5 18 96 0 76 46 9990
 2018-09-08T05:41Z 45 6 14 93 0 76 54 9988
 2018-09-08T05:46Z 135 8 14 90 13 89 56 9989
 2018-09-08T05:51Z 45 9 22 87 15 92 59 9986
 2018-09-08T05:56Z 135 8 22 88 15 92 60 9986
 2018-09-08T06:01Z 180 6 21 89 15 92 60 9986
 2018-09-08T06:06Z 90 6 14 90 15 91 60 9984
 2018-09-08T06:11Z 135 8 14 91 15 87 59 9980
 2018-09-08T06:16Z 135 6 15 93 15 80 58 9979
 2018-09-08T06:21Z 180 5 15 97 15 79 53 9979
 2018-09-08T06:26Z 135 5 10 101 15 79 48 9979
 2018-09-08T06:31Z 90 5 14 104 15 79 45 9977
 2018-09-08T06:37Z 135 6 14 106 15 79 42 9979
 2018-09-08T06:42Z 135 14 23 103 15 79 43 9979
 2018-09-08T06:47Z 135 15 25 98 0 79 50 9978
 2018-09-08T06:52Z 180 17 36 93 0 79 57 9978
 2018-09-08T06:57Z 45 17 36 90 0 79 60 9978
 2018-09-08T07:02Z 135 15 37 87 0 79 60 9980
 2018-09-08T07:07Z 135 6 37 84 5 84 47 9983
 2018-09-08T07:12Z 45 26 60 81 22 101 51 9983
 2018-09-08T07:17Z 90 10 60 78 32 111 40 9977
 2018-09-08T07:22Z 180 13 36 77 36 115 35 9977
 2018-09-08T07:27Z 90 9 29 76 50 130 35 9971
 2018-09-08T07:32Z 135 2 29 76 53 132 33 9973
 2018-09-08T07:37Z 90 1 15 76 54 133 32 9975
 2018-09-08T07:42Z 45 0 15 76 54 133 32 9977
 2018-09-08T07:47Z 180 0 7 76 54 133 32 9976
 2018-09-08T07:52Z 45 1 8 76 55 135 32 9976
 2018-09-08T07:58Z 45 0 8 76 67 146 32 9976
 2018-09-08T08:03Z 180 0 8 77 71 152 32 9976
 2018-09-08T08:08Z 45 2 8 77 72 157 32 9977
 2018-09-08T08:13Z 45 0 8 77 57 162 32 9978
 2018-09-08T08:18Z 45 9 26 77 52 165 32 9978
 2018-09-08T08:23Z 45 15 37 76 49 167 32 9974
