2018-09-10T00:13Z 45 0 7 86 0 0 31 10041
2018-09-10T00:18Z 180 2 7 87 0 0 45 10041
2018-09-10T00:23Z 135 4 12 87 0 0 47 10041
2018-09-10T00:28Z 45 3 12 87 0 0 49 10042
2018-09-10T00:33Z 45 0 12 89 0 0 48 10043
2018-09-10T00:38Z 90 0 11 91 0 0 47 10044
2018-09-10T00:43Z 180 1 9 92 0 0 58 10045
2018-09-10T00:48Z 45 2 9 92 0 0 58 10044
2018-09-10T00:53Z 45 3 9 93 0 0 58 10045
2018-09-10T00:58Z 90 0 12 94 0 0 58 10045
2018-09-10T01:03Z 45 3 12 94 0 0 56 10046
2018-09-10T01:09Z 45 3 10 94 0 0 56 10047
2018-09-10T01:14Z 135 4 13 95 0 0 55 10048
2018-09-10T01:19Z 45 2 13 96 0 0 54 10049
2018-09-10T01:24Z 45 3 10 98 0 0 51 10050
2018-09-10T01:29Z 45 2 10 100 0 0 48 10050
2018-09-10T01:34Z 90 0 9 102 0 0 46 10050
2018-09-10T01:39Z 45 6 13 102 0 0 42 10049
2018-09-10T01:44Z 45 8 18 102 0 0 43 10050
2018-09-10T01:49Z 45 6 18 101 0 0 43 10049
2018-09-10T01:54Z 45 6 18 101 0 0 44 10049
2018-09-10T01:59Z 45 8 18 102 0 0 43 10048
2018-09-10T02:04Z 45 6 18 103 0 0 42 10048
2018-09-10T02:09Z 45 3 14 105 0 0 41 10049
2018-09-10T02:14Z 45 6 18 104 0 0 39 10048
2018-09-10T02:19Z 45 6 21 105 0 0 39 10048
2018-09-10T02:24Z 45 9 21 106 0 0 37 10049
2018-09-10T02:30Z 45 4 18 108 0 0 36 10050
2018-09-10T02:35Z 45 3 18 109 0 0 35 10048
2018-09-10T02:40Z 45 3 18 110 0 0 34 10050
2018-09-10T02:45Z 45 7 22 111 0 0 33 10049
2018-09-10T02:50Z 45 3 22 110 0 0 34 10047
2018-09-10T02:55Z 45 2 13 112 0 0 33 10048
2018-09-10T03:00Z 45 7 20 110 0 0 33 10046
2018-09-10T03:05Z 45 5 20 108 0 0 35 10048
2018-09-10T03:10Z 45 3 25 109 0 0 35 10047
2018-09-10T03:15Z 45 3 25 110 0 0 34 10047
2018-09-10T03:20Z 45 3 11 112 0 0 32 10047
2018-09-10T03:25Z 45 4 13 114 0 0 31 10047
2018-09-10T03:30Z 45 2 13 114 0 0 30 10047
2018-09-10T03:35Z 45 3 11 115 0 0 30 10046
2018-09-10T03:40Z 45 4 14 114 0 0 29 10046
2018-09-10T03:45Z 45 3 14 113 0 0 31 10046
2018-09-10T03:51Z 45 7 25 111 0 0 32 10046
2018-09-10T03:56Z 45 12 25 106 0 0 35 10044
2018-09-10T04:01Z 45 7 25 103 0 0 39 10045
2018-09-10T04:06Z 45 8 22 101 0 0 42 10045
2018-09-10T04:11Z 45 8 20 99 0 0 44 10045
2018-09-10T04:16Z 45 12 24 97 0 0 47 10043
2018-09-10T04:21Z 45 3 26 98 0 0 47 10042
2018-09-10T04:26Z 45 7 25 101 0 0 44 10044
2018-09-10T04:31Z 45 0 25 102 0 0 41 10042
2018-09-10T04:36Z 45 3 11 104 0 0 40 10042
2018-09-10T04:41Z 90 6 15 105 0 0 38 10042
2018-09-10T04:46Z 90 9 31 103 0 0 39 10040
2018-09-10T04:51Z 45 5 31 104 0 0 39 10039
2018-09-10T04:56Z 45 0 15 106 0 0 37 10038
2018-09-10T05:01Z 45 10 31 104 0 0 38 10037
2018-09-10T05:07Z 45 9 31 105 0 0 38 10035
2018-09-10T05:12Z 45 3 29 109 0 0 34 10036
2018-09-10T05:17Z 45 12 22 113 0 0 31 10034
2018-09-10T05:22Z 45 7 22 114 0 0 30 10035
2018-09-10T05:27Z 45 6 26 113 0 0 28 10031
2018-09-10T05:32Z 45 6 26 114 0 0 29 10031
2018-09-10T05:37Z 45 3 19 115 0 0 28 10030
2018-09-10T05:42Z 45 4 18 116 0 0 28 10030
2018-09-10T05:47Z 45 8 22 115 0 0 28 10028
2018-09-10T05:52Z 45 3 22 115 0 0 28 10028
2018-09-10T05:57Z 45 5 15 115 0 0 27 10029
2018-09-10T06:02Z 45 10 18 117 0 0 25 10029
2018-09-10T06:07Z 45 11 22 117 0 0 25 10027
2018-09-10T06:12Z 45 6 22 115 0 0 27 10026
2018-09-10T06:17Z 45 6 18 114 0 0 28 10026
2018-09-10T06:22Z 45 3 18 113 0 0 29 10024
2018-09-10T06:28Z 45 9 18 113 0 0 29 10022
2018-09-10T06:33Z 45 8 18 114 0 0 28 10023
2018-09-10T06:38Z 45 8 22 113 0 0 29 10023
2018-09-10T06:43Z 45 5 26 111 0 0 31 10021
2018-09-10T06:48Z 45 7 26 112 0 0 29 10019
2018-09-10T06:53Z 45 7 17 115 0 0 27 10020
2018-09-10T06:58Z 45 6 18 114 0 0 28 10019
2018-09-10T07:03Z 45 3 18 112 0 0 30 10017
2018-09-10T07:08Z 135 6 18 110 0 0 31 10015
2018-09-10T07:13Z 45 7 18 110 0 0 31 10015
2018-09-10T07:18Z 90 9 20 110 0 0 32 10014
2018-09-10T07:23Z 45 8 27 106 0 0 35 10013
2018-09-10T07:28Z 90 10 31 105 0 0 35 10012
2018-09-10T07:33Z 45 13 31 105 0 0 35 10011
2018-09-10T07:38Z 45 6 31 104 0 0 36 10010
2018-09-10T07:43Z 45 9 22 106 0 0 35 10010
2018-09-10T07:49Z 45 9 22 108 0 0 33 10009
2018-09-10T07:54Z 45 7 22 109 0 0 32 10009
2018-09-10T07:59Z 45 10 25 110 0 0 31 10008
2018-09-10T08:04Z 45 1 25 112 0 0 31 10007
2018-09-10T08:09Z 90 8 19 112 0 0 29 10006
2018-09-10T08:14Z 45 5 19 110 0 0 31 10007
2018-09-10T08:19Z 45 6 19 109 0 0 31 10007
2018-09-10T08:24Z 45 9 25 107 0 0 34 10005
2018-09-10T08:29Z 45 4 25 107 0 0 34 10007
2018-09-10T08:34Z 45 8 15 107 0 0 34 10006
2018-09-10T08:39Z 45 5 15 106 0 0 34 10005
2018-09-10T08:44Z 45 7 18 105 0 0 35 10004
2018-09-10T08:49Z 90 6 18 104 0 0 36 10004
2018-09-10T08:54Z 90 7 18 102 0 0 38 10002
2018-09-10T08:59Z 45 12 23 103 0 0 38 10002
2018-09-10T09:04Z 45 6 23 103 0 0 37 10002
2018-09-10T09:10Z 45 6 18 104 0 0 39 10002
2018-09-10T09:15Z 90 9 18 103 0 0 39 10002
2018-09-10T09:20Z 45 8 18 103 0 0 38 10002
2018-09-10T09:25Z 45 8 18 102 0 0 39 10001
2018-09-10T09:30Z 45 7 18 101 0 0 40 10002
2018-09-10T09:35Z 45 6 16 100 0 0 42 10003
2018-09-10T09:40Z 135 4 16 100 0 0 43 10002
2018-09-10T09:45Z 90 6 15 100 0 0 44 10004
2018-09-10T09:50Z 45 6 14 100 0 0 42 10004
2018-09-10T09:55Z 45 3 15 100 0 0 44 10003
2018-09-10T10:00Z 90 6 15 99 0 0 44 10002
2018-09-10T10:05Z 45 8 22 98 0 0 46 10003
2018-09-10T10:10Z 135 3 22 96 0 0 47 10003
2018-09-10T10:15Z 135 3 14 96 0 0 48 10006
2018-09-10T10:20Z 45 5 13 96 0 0 48 10008
2018-09-10T10:26Z 45 11 40 95 0 0 54 10006
2018-09-10T10:31Z 45 12 41 93 0 0 59 10008
2018-09-10T10:36Z 45 12 41 90 0 0 60 10007
2018-09-10T10:41Z 45 10 40 89 0 0 61 10011
2018-09-10T10:46Z 45 12 40 88 0 0 60 10010
2018-09-10T10:51Z 45 9 35 87 0 0 58 10013
2018-09-10T10:56Z 45 8 22 86 0 0 57 10011
2018-09-10T11:01Z 45 8 28 85 0 0 56 10010
2018-09-10T11:06Z 45 5 28 85 0 0 56 10011
2018-09-10T11:11Z 45 6 22 85 0 0 54 10014
2018-09-10T11:16Z 45 6 22 84 0 0 53 10012
2018-09-10T11:21Z 45 3 18 84 0 0 53 10010
2018-09-10T11:26Z 45 5 14 84 0 0 52 10012
2018-09-10T11:31Z 45 5 14 84 0 0 50 10016
2018-09-10T11:36Z 45 5 17 84 0 0 50 10014
2018-09-10T11:41Z 45 4 17 84 0 0 49 10014
2018-09-10T11:47Z 45 2 13 84 0 0 47 10015
2018-09-10T11:52Z 45 3 13 84 0 0 46 10018
2018-09-10T11:57Z 45 2 13 84 0 0 45 10020
2018-09-10T12:02Z 45 0 11 84 0 0 44 10020
2018-09-10T12:07Z 45 0 8 83 0 0 44 10020
2018-09-10T12:12Z 180 0 4 83 0 0 44 10022
2018-09-10T12:17Z 45 0 9 83 0 0 42 10022
2018-09-10T12:22Z 45 0 9 83 0 0 43 10022
2018-09-10T12:27Z 45 0 9 83 0 0 42 10022
2018-09-10T12:32Z 45 1 9 83 0 0 41 10022
2018-09-10T12:37Z 45 3 13 83 0 0 41 10023
2018-09-10T12:42Z 45 2 13 83 0 0 41 10023
2018-09-10T12:47Z 45 3 9 83 0 0 40 10024
2018-09-10T12:52Z 270 1 9 83 0 0 39 10024
2018-09-10T12:57Z 45 1 5 83 0 0 40 10025
2018-09-10T13:02Z 45 1 9 83 0 0 38 10027
2018-09-10T13:08Z 90 0 9 83 0 0 38 10028
2018-09-10T13:13Z 45 0 8 82 0 0 38 10029
2018-09-10T13:18Z 45 0 4 82 0 0 38 10032
2018-09-10T13:23Z 45 0 4 82 0 0 37 10030
2018-09-10T13:28Z 45 0 8 82 0 0 37 10029
2018-09-10T13:33Z 135 0 8 83 0 0 37 10030
2018-09-10T13:38Z 135 0 4 82 0 0 37 10033
2018-09-10T13:43Z 135 2 9 82 0 0 36 10032
2018-09-10T13:48Z 45 1 9 83 0 0 35 10033
2018-09-10T13:53Z 45 0 9 83 0 0 35 10033
2018-09-10T13:58Z 45 0 12 83 0 0 35 10034
2018-09-10T14:03Z 45 2 12 82 0 0 34 10035
2018-09-10T14:08Z 45 1 9 82 0 0 34 10037
2018-09-10T14:13Z 135 3 12 82 0 0 36 10037
2018-09-10T14:18Z 45 5 13 82 0 0 41 10038
2018-09-10T14:23Z 180 2 13 82 0 0 43 10038
2018-09-10T14:29Z 135 3 8 82 0 0 43 10039
2018-09-10T14:34Z 90 1 8 82 0 0 43 10040
2018-09-10T14:39Z 135 5 10 82 0 0 43 10038
2018-09-10T14:44Z 180 3 10 82 0 0 43 10038
2018-09-10T14:49Z 180 4 11 82 0 0 43 10039
2018-09-10T14:54Z 135 4 13 82 0 0 43 10039
2018-09-10T14:59Z 90 6 17 82 0 0 43 10040
2018-09-10T15:04Z 45 9 17 82 0 0 43 10038
2018-09-10T15:09Z 45 6 17 82 0 0 42 10039
2018-09-10T15:14Z 180 6 18 82 0 0 41 10040
2018-09-10T15:19Z 45 6 18 82 0 0 41 10040
2018-09-10T15:24Z 45 3 12 82 0 0 40 10042
2018-09-10T15:29Z 45 6 15 82 0 0 39 10040
2018-09-10T15:34Z 90 4 15 82 0 0 39 10043
2018-09-10T15:39Z 45 5 19 82 0 0 38 10043
2018-09-10T15:45Z 45 6 19 82 0 0 38 10042
2018-09-10T15:50Z 135 7 17 82 0 0 38 10041
2018-09-10T15:55Z 135 8 17 82 0 0 37 10041
2018-09-10T16:00Z 135 6 17 82 0 0 37 10038
2018-09-10T16:05Z 180 10 18 82 0 0 37 10036
2018-09-10T16:10Z 45 10 18 82 0 0 36 10038
2018-09-10T16:15Z 135 9 18 82 0 0 36 10038
2018-09-10T16:20Z 135 6 17 82 0 0 36 10037
2018-09-10T16:25Z 135 5 14 81 0 0 36 10038
2018-09-10T16:30Z 180 2 14 81 0 0 36 10037
2018-09-10T16:35Z 45 4 12 81 0 0 35 10038
2018-09-10T16:40Z 135 3 12 81 0 0 35 10037
2018-09-10T16:45Z 135 2 12 81 0 0 35 10037
2018-09-10T16:50Z 135 1 8 81 0 0 35 10038
2018-09-10T16:55Z 45 3 8 81 0 0 35 10038
2018-09-10T17:00Z 45 4 9 81 0 0 34 10039
2018-09-10T17:06Z 45 1 9 81 0 0 35 10040
2018-09-10T17:11Z 45 2 8 81 0 0 35 10037
2018-09-10T17:16Z 180 4 8 82 0 0 35 10036
2018-09-10T17:21Z 45 3 8 82 0 0 35 10035
2018-09-10T17:26Z 135 4 12 82 0 0 35 10036
2018-09-10T17:31Z 180 3 12 82 0 0 35 10036
2018-09-10T17:36Z 135 4 12 82 0 0 35 10034
2018-09-10T17:41Z 90 4 12 82 0 0 35 10033
2018-09-10T17:46Z 45 7 15 82 0 0 35 10033
2018-09-10T17:51Z 135 6 15 82 0 0 35 10030
2018-09-10T17:56Z 90 9 18 81 0 0 34 10030
2018-09-10T18:01Z 135 9 18 81 0 0 34 10029
2018-09-10T18:06Z 180 6 18 81 0 0 34 10030
2018-09-10T18:11Z 45 9 23 81 0 0 34 10028
2018-09-10T18:16Z 45 5 23 81 0 0 34 10027
2018-09-10T18:21Z 45 6 18 81 0 0 34 10027
2018-09-10T18:27Z 45 5 18 81 0 0 34 10026
2018-09-10T18:32Z 90 0 12 81 0 0 34 10026
2018-09-10T18:37Z 180 3 12 81 0 0 33 10025
2018-09-10T18:42Z 135 3 13 81 0 0 33 10026
2018-09-10T18:47Z 90 3 13 81 0 0 32 10026
2018-09-10T18:52Z 180 4 12 80 0 0 32 10025
2018-09-10T18:57Z 180 0 9 80 0 0 32 10024
2018-09-10T19:02Z 180 1 6 80 0 0 32 10025
2018-09-10T19:07Z 180 2 7 80 0 0 32 10025
2018-09-10T19:12Z 180 2 7 80 0 0 32 10025
2018-09-10T19:17Z 225 1 7 80 0 0 32 10023
2018-09-10T19:22Z 180 4 7 80 0 0 32 10022
2018-09-10T19:27Z 180 5 8 80 0 0 32 10020
2018-09-10T19:32Z 180 6 12 80 0 0 31 10020
2018-09-10T19:37Z 180 4 12 80 0 0 31 10020
2018-09-10T19:42Z 135 2 11 80 0 0 31 10020
2018-09-10T19:48Z 45 1 9 80 0 0 31 10020
2018-09-10T19:53Z 45 5 10 80 0 0 31 10019
2018-09-10T19:58Z 45 2 14 80 0 0 31 10019
2018-09-10T20:03Z 180 3 13 80 0 0 31 10020
2018-09-10T20:08Z 180 1 7 80 0 0 31 10020
2018-09-10T20:13Z 45 2 7 80 0 0 31 10019
2018-09-10T20:18Z 180 3 7 79 0 0 31 10019
2018-09-10T20:23Z 135 1 7 79 0 0 31 10021
2018-09-10T20:28Z 135 3 7 79 0 0 31 10022
2018-09-10T20:33Z 45 2 7 79 0 0 31 10022
2018-09-10T20:38Z 90 3 8 79 0 0 31 10022
2018-09-10T20:43Z 180 3 8 79 0 0 31 10020
2018-09-10T20:48Z 225 3 7 79 0 0 31 10020
2018-09-10T20:53Z 90 5 11 80 0 0 31 10019
2018-09-10T20:58Z 180 2 11 80 0 0 31 10019
2018-09-10T21:04Z 180 0 7 79 0 0 31 10019
2018-09-10T21:09Z 180 0 7 79 0 0 31 10019
2018-09-10T21:14Z 225 0 4 79 0 0 31 10019
2018-09-10T21:19Z 225 0 3 79 0 0 31 10019
2018-09-10T21:24Z 270 0 4 79 0 0 32 10019
2018-09-10T21:29Z 180 0 5 79 0 0 31 10021
2018-09-10T21:34Z 180 0 5 79 0 0 31 10022
2018-09-10T21:39Z 180 0 5 79 0 0 31 10021
2018-09-10T21:44Z 180 0 6 79 0 0 31 10019
2018-09-10T21:49Z 225 0 6 79 0 0 31 10020
2018-09-10T21:54Z 180 0 5 79 0 0 31 10020
2018-09-10T21:59Z 225 0 5 79 0 0 31 10021
2018-09-10T22:04Z 180 0 5 79 0 0 31 10021
2018-09-10T22:09Z 225 0 5 79 0 0 31 10020
2018-09-10T22:14Z 225 0 0 79 0 0 32 10022
2018-09-10T22:19Z 225 0 0 79 0 0 32 10021
2018-09-10T22:25Z 180 0 0 78 0 0 32 10022
2018-09-10T22:30Z 225 0 0 78 0 0 32 10020
2018-09-10T22:35Z 45 0 3 78 0 0 32 10021
2018-09-10T22:40Z 90 0 6 78 0 0 32 10021
2018-09-10T22:45Z 180 0 6 78 0 0 32 10023
2018-09-10T22:50Z 45 0 4 78 0 0 32 10022
2018-09-10T22:55Z 225 0 4 78 0 0 32 10022
2018-09-10T23:00Z 135 0 4 78 0 0 32 10022
2018-09-10T23:05Z 180 0 4 79 0 0 32 10021
2018-09-10T23:10Z 225 0 4 79 0 0 31 10022
2018-09-10T23:15Z 135 0 4 79 0 0 31 10023
2018-09-10T23:20Z 180 0 5 79 0 0 31 10025
2018-09-10T23:25Z 90 2 6 80 0 0 31 10025
2018-09-10T23:30Z 45 1 6 80 0 0 31 10026
2018-09-10T23:35Z 45 1 7 81 0 0 31 10028
2018-09-10T23:40Z 45 0 7 81 0 0 31 10026
2018-09-10T23:46Z 45 0 6 82 0 0 31 10027
2018-09-10T23:51Z 45 0 5 83 0 0 29 10027
2018-09-10T23:56Z 45 0 3 84 0 0 29 10028
2018-09-11T00:01Z 45 0 3 85 0 0 32 10027
2018-09-11T00:06Z 180 0 2 87 0 0 32 10028
2018-09-11T00:11Z 135 0 0 88 0 0 35 10028
2018-09-11T00:16Z 135 0 3 89 0 0 39 10027
2018-09-11T00:21Z 45 0 4 90 0 0 49 10028
2018-09-11T00:26Z 45 0 4 91 0 0 51 10029
2018-09-11T00:31Z 45 0 9 91 0 0 52 10029
2018-09-11T00:36Z 180 0 9 92 0 0 54 10031
2018-09-11T00:41Z 45 0 3 92 0 0 55 10033
2018-09-11T00:46Z 45 3 9 92 0 0 57 10032
2018-09-11T00:51Z 45 2 9 93 0 0 57 10033
2018-09-11T00:56Z 45 2 9 94 0 0 57 10035
2018-09-11T01:01Z 45 3 14 94 0 0 57 10036
2018-09-11T01:07Z 45 3 14 94 0 0 57 10036
2018-09-11T01:12Z 45 2 9 95 0 0 57 10037
2018-09-11T01:17Z 45 3 12 95 0 0 56 10036
2018-09-11T01:22Z 45 2 12 96 0 0 54 10036
2018-09-11T01:27Z 45 3 10 96 0 0 53 10037
2018-09-11T01:32Z 90 6 15 95 0 0 53 10037
2018-09-11T01:37Z 180 3 17 93 0 0 56 10036
2018-09-11T01:42Z 90 3 17 93 0 0 57 10036
2018-09-11T01:47Z 45 2 13 94 0 0 56 10037
2018-09-11T01:52Z 135 6 15 94 0 0 54 10037
2018-09-11T01:57Z 45 3 15 96 0 0 52 10036
2018-09-11T02:02Z 135 7 13 98 0 0 50 10037
2018-09-11T02:07Z 45 4 17 97 0 0 50 10036
2018-09-11T02:12Z 45 5 17 95 0 0 53 10037
2018-09-11T02:17Z 90 7 17 94 0 0 55 10036
2018-09-11T02:23Z 90 6 16 92 0 0 56 10036
2018-09-11T02:28Z 45 7 16 91 0 0 59 10037
2018-09-11T02:33Z 135 5 15 91 0 0 59 10036
2018-09-11T02:38Z 45 9 20 93 0 0 56 10036
2018-09-11T02:43Z 135 3 20 94 0 0 55 10038
2018-09-11T02:48Z 90 4 19 95 0 0 54 10036
2018-09-11T02:53Z 45 5 12 95 0 0 53 10037
2018-09-11T02:58Z 90 5 11 96 0 0 52 10035
2018-09-11T03:03Z 90 9 18 96 0 0 50 10035
2018-09-11T03:08Z 45 5 18 96 0 0 53 10034
2018-09-11T03:13Z 45 5 15 98 0 0 49 10035
2018-09-11T03:18Z 90 3 15 100 0 0 47 10035
2018-09-11T03:23Z 45 6 12 98 0 0 49 10035
2018-09-11T03:28Z 45 5 12 97 0 0 49 10034
2018-09-11T03:33Z 45 9 25 94 7 7 55 10035
2018-09-11T03:38Z 90 15 26 91 7 7 59 10035
2018-09-11T03:44Z 270 12 26 89 7 7 61 10034
2018-09-11T03:49Z 270 11 25 88 7 7 61 10033
2018-09-11T03:54Z 45 1 25 88 7 7 61 10033
2018-09-11T03:59Z 180 6 14 89 7 7 61 10034
2018-09-11T04:04Z 225 6 14 89 7 7 61 10031
2018-09-11T04:09Z 45 3 12 90 7 7 61 10030
2018-09-11T04:14Z 45 2 22 91 7 7 60 10030
2018-09-11T04:19Z 90 6 22 92 7 7 57 10028
2018-09-11T04:24Z 45 3 15 94 7 7 56 10028
2018-09-11T04:29Z 45 4 11 95 7 7 52 10027
2018-09-11T04:34Z 45 3 11 96 0 7 52 10027
2018-09-11T04:39Z 45 2 10 96 0 7 52 10026
2018-09-11T04:44Z 45 1 8 97 0 7 51 10024
2018-09-11T04:49Z 45 0 8 99 0 7 50 10021
2018-09-11T04:54Z 45 3 12 102 0 7 45 10020
2018-09-11T04:59Z 45 8 17 102 0 7 42 10019
2018-09-11T05:05Z 45 3 17 100 0 7 46 10019
2018-09-11T05:10Z 90 4 17 98 0 7 49 10018
2018-09-11T05:15Z 45 3 12 96 0 7 52 10017
2018-09-11T05:20Z 45 3 12 97 0 7 51 10016
2018-09-11T05:25Z 45 6 20 96 0 7 51 10015
2018-09-11T05:30Z 45 7 20 96 0 7 52 10017
2018-09-11T05:35Z 45 5 15 96 0 7 53 10014
2018-09-11T05:40Z 45 3 14 98 0 7 50 10011
2018-09-11T05:45Z 45 3 14 98 0 7 50 10011
2018-09-11T05:50Z 45 4 14 105 0 7 40 10009
2018-09-11T05:55Z 45 3 14 105 0 7 40 10008
2018-09-11T06:00Z 45 4 12 103 0 7 41 10006
2018-09-11T06:05Z 45 4 12 103 0 7 41 10006
2018-09-11T06:10Z 45 4 12 103 0 7 41 10006
2018-09-11T06:15Z 45 2 12 100 0 7 47 10006
2018-09-11T06:20Z 45 1 12 98 0 7 48 10006
2018-09-11T06:26Z 45 0 9 96 0 7 50 10004
2018-09-11T06:31Z 45 1 6 95 0 7 52 10004
2018-09-11T06:36Z 45 4 11 93 0 7 55 10003
2018-09-11T06:41Z 45 4 17 91 0 7 60 10005
2018-09-11T06:46Z 45 3 17 89 0 7 61 10003
2018-09-11T06:51Z 45 1 13 88 0 7 62 10004
2018-09-11T06:56Z 45 0 6 88 0 7 62 10002
2018-09-11T07:01Z 45 1 5 89 0 7 62 10001
2018-09-11T07:06Z 45 0 5 89 0 7 62 10001
2018-09-11T07:11Z 270 0 4 90 0 7 62 10000
2018-09-11T07:16Z 45 0 4 91 0 7 62 9999
2018-09-11T07:21Z 45 2 6 91 0 7 61 9999
2018-09-11T07:26Z 45 6 15 90 0 7 62 9996
2018-09-11T07:31Z 45 4 25 89 0 7 63 9997
2018-09-11T07:36Z 45 8 25 88 0 7 61 9997
2018-09-11T07:42Z 45 3 21 87 0 7 60 9996
2018-09-11T07:47Z 45 3 12 88 0 7 58 9996
2018-09-11T07:52Z 45 2 9 88 0 7 58 9996
2018-09-11T07:57Z 45 3 9 88 0 7 58 9995
2018-09-11T08:02Z 45 3 15 88 0 7 58 9994
2018-09-11T08:07Z 45 0 15 88 29 37 58 9993
2018-09-11T08:12Z 45 0 9 89 29 37 60 9992
2018-09-11T08:17Z 45 0 4 91 29 37 61 9991
2018-09-11T08:22Z 45 1 4 92 29 37 61 9991
2018-09-11T08:27Z 90 1 5 93 29 37 60 9991
2018-09-11T08:32Z 45 0 5 93 29 37 60 9991
2018-09-11T08:37Z 45 2 4 93 29 37 59 9992
2018-09-11T08:42Z 45 0 4 93 29 37 59 9992
2018-09-11T08:47Z 45 2 24 93 31 39 60 9993
2018-09-11T08:52Z 45 0 24 92 31 39 61 9993
2018-09-11T08:57Z 45 1 5 92 31 39 61 9992
2018-09-11T09:03Z 45 0 5 91 31 39 61 9991
2018-09-11T09:08Z 45 0 5 91 31 39 61 9991
2018-09-11T09:13Z 45 2 7 91 1 39 62 9995
2018-09-11T09:18Z 45 0 9 90 1 39 62 9995
2018-09-11T09:23Z 135 1 9 90 1 39 62 9995
2018-09-11T09:28Z 270 1 6 90 1 39 62 9993
2018-09-11T09:33Z 225 2 5 89 1 39 63 9992
2018-09-11T09:38Z 225 2 5 89 1 39 63 9992
2018-09-11T09:43Z 45 6 15 87 1 39 63 9992
2018-09-11T09:48Z 135 3 15 86 0 39 63 9994
2018-09-11T09:53Z 45 5 23 85 0 39 63 9998
2018-09-11T09:58Z 45 5 23 84 0 39 63 9998
2018-09-11T10:03Z 45 6 15 84 0 39 60 10000
2018-09-11T10:08Z 45 5 15 83 0 39 56 10001
2018-09-11T10:13Z 45 5 13 83 0 39 54 10001
2018-09-11T10:18Z 45 5 14 82 0 39 50 9999
2018-09-11T10:24Z 45 6 15 81 0 39 48 10000
2018-09-11T10:29Z 90 4 15 81 0 39 43 10001
2018-09-11T10:34Z 45 6 13 80 0 39 42 10001
2018-09-11T10:39Z 90 6 17 79 0 39 38 10000
2018-09-11T10:44Z 45 4 17 79 0 39 36 10002
2018-09-11T10:49Z 45 6 15 79 0 39 35 10001
2018-09-11T10:54Z 45 6 14 79 0 39 34 10001
2018-09-11T10:59Z 45 5 13 78 1 40 34 10002
2018-09-11T11:04Z 90 6 15 78 1 40 33 10001
2018-09-11T11:09Z 45 4 15 78 1 40 34 10002
2018-09-11T11:14Z 45 5 15 78 1 40 33 10004
2018-09-11T11:19Z 45 6 15 77 1 40 33 10006
2018-09-11T11:24Z 90 5 15 78 1 40 33 10008
2018-09-11T11:29Z 45 5 12 78 1 40 33 10009
2018-09-11T11:34Z 45 8 18 77 1 40 33 10010
2018-09-11T11:39Z 45 6 18 77 1 40 33 10010
2018-09-11T11:45Z 45 5 18 77 1 40 32 10011
2018-09-11T11:50Z 45 8 15 77 1 40 32 10010
2018-09-11T11:55Z 90 6 15 77 1 40 33 10010
2018-09-11T12:00Z 45 9 25 77 0 40 33 10009
2018-09-11T12:05Z 135 6 25 78 0 40 33 10010
2018-09-11T12:10Z 225 11 27 78 0 40 33 10008
2018-09-11T12:15Z 180 7 27 78 0 40 33 10009
2018-09-11T12:20Z 45 5 19 78 0 40 33 10008
2018-09-11T12:25Z 45 6 12 78 0 40 33 10009
2018-09-11T12:30Z 45 5 14 78 0 40 33 10010
2018-09-11T12:35Z 45 6 14 78 0 40 33 10010
2018-09-11T12:40Z 45 5 13 78 0 40 32 10009
2018-09-11T12:45Z 45 6 16 78 0 40 32 10011
2018-09-11T12:50Z 45 4 18 78 0 40 32 10012
2018-09-11T12:55Z 45 4 18 78 0 40 32 10013
2018-09-11T13:01Z 45 4 11 78 0 40 32 10013
2018-09-11T13:06Z 45 3 10 78 0 40 32 10015
2018-09-11T13:11Z 45 2 12 78 0 40 32 10018
2018-09-11T13:16Z 45 3 12 78 0 40 32 10017
2018-09-11T13:21Z 45 2 10 78 0 40 32 10021
2018-09-11T13:26Z 45 0 9 78 0 40 32 10021
2018-09-11T13:31Z 45 0 8 78 0 40 32 10022
2018-09-11T13:36Z 225 0 5 78 0 40 32 10023
2018-09-11T13:41Z 45 0 5 78 0 40 32 10024
2018-09-11T13:46Z 45 0 5 79 0 40 32 10024
2018-09-11T13:51Z 180 0 4 79 0 40 32 10025
2018-09-11T13:56Z 135 0 6 79 0 40 31 10025
2018-09-11T14:01Z 45 3 7 79 0 40 32 10026
2018-09-11T14:06Z 45 3 13 79 0 40 32 10025
2018-09-11T14:11Z 45 3 13 79 0 40 32 10024
2018-09-11T14:16Z 45 3 10 79 0 40 32 10025
2018-09-11T14:22Z 45 3 9 79 0 40 32 10026
2018-09-11T14:27Z 45 2 7 79 0 40 32 10027
2018-09-11T14:32Z 45 2 9 79 0 40 32 10027
2018-09-11T14:37Z 90 0 9 78 0 40 32 10026
2018-09-11T14:42Z 45 2 8 78 0 40 33 10026
2018-09-11T14:47Z 45 0 8 78 0 40 33 10025
2018-09-11T14:52Z 90 0 5 78 0 40 33 10028
2018-09-11T14:57Z 135 0 4 78 0 40 34 10028
2018-09-11T15:02Z 45 0 8 78 0 40 34 10027
2018-09-11T15:07Z 45 0 8 78 0 40 34 10027
2018-09-11T15:12Z 45 0 5 78 0 40 34 10026
2018-09-11T15:17Z 45 0 3 78 0 40 34 10026
2018-09-11T15:22Z 45 0 3 78 0 40 34 10026
2018-09-11T15:27Z 90 0 3 78 0 40 34 10027
2018-09-11T15:32Z 135 0 3 78 0 40 34 10026
2018-09-11T15:37Z 45 0 4 78 0 40 34 10024
2018-09-11T15:43Z 45 1 8 78 0 40 34 10023
2018-09-11T15:48Z 45 0 8 78 0 40 34 10024
2018-09-11T15:53Z 45 0 5 78 0 40 34 10024
2018-09-11T15:58Z 270 0 5 78 0 40 34 10024
2018-09-11T16:03Z 45 0 5 78 0 40 34 10024
2018-09-11T16:08Z 180 0 5 78 0 40 34 10023
2018-09-11T16:13Z 225 0 0 78 0 40 34 10024
2018-09-11T16:18Z 135 0 2 78 0 40 34 10022
2018-09-11T16:23Z 135 0 2 78 0 40 34 10023
2018-09-11T16:28Z 135 0 3 78 0 40 34 10024
2018-09-11T16:33Z 180 0 3 78 0 40 34 10023
2018-09-11T16:38Z 180 0 3 78 0 40 34 10023
2018-09-11T16:43Z 180 0 3 78 0 40 34 10021
2018-09-11T16:48Z 180 0 3 78 0 40 34 10021
2018-09-11T16:53Z 270 0 0 78 0 40 34 10020
2018-09-11T16:58Z 270 0 0 78 0 40 34 10019
2018-09-11T17:04Z 270 0 0 78 0 40 34 10019
2018-09-11T17:09Z 270 0 0 78 0 40 34 10017
2018-09-11T17:14Z 270 0 0 78 0 40 34 10017
2018-09-11T17:19Z 135 0 3 78 0 40 34 10017
2018-09-11T17:24Z 135 0 4 78 0 40 34 10017
2018-09-11T17:29Z 270 0 4 78 0 40 33 10016
2018-09-11T17:34Z 45 0 3 78 0 40 33 10016
2018-09-11T17:39Z 45 2 4 78 0 40 33 10016
2018-09-11T17:44Z 45 2 9 78 0 40 33 10015
2018-09-11T17:49Z 225 0 9 78 0 40 33 10012
2018-09-11T17:54Z 225 0 5 78 0 40 33 10013
2018-09-11T17:59Z 90 2 5 78 0 40 33 10012
2018-09-11T18:04Z 45 0 6 78 0 40 32 10011
2018-09-11T18:09Z 45 3 8 78 0 40 32 10012
2018-09-11T18:14Z 45 2 8 78 0 40 32 10010
2018-09-11T18:20Z 135 0 8 78 0 40 32 10009
2018-09-11T18:25Z 45 0 4 78 0 40 32 10009
2018-09-11T18:30Z 45 0 4 78 0 40 32 10009
2018-09-11T18:35Z 180 0 5 78 0 40 32 10009
2018-09-11T18:40Z 45 0 5 78 0 40 32 10010
2018-09-11T18:45Z 45 0 4 78 0 40 32 10010
2018-09-11T18:50Z 45 0 6 78 0 40 32 10011
2018-09-11T18:55Z 90 0 6 78 0 40 32 10009
2018-09-11T19:00Z 180 0 5 78 0 40 32 10009
2018-09-11T19:05Z 45 0 4 78 0 40 32 10009
2018-09-11T19:10Z 45 0 4 78 0 40 32 10008
2018-09-11T19:15Z 180 0 4 78 0 40 32 10009
2018-09-11T19:20Z 180 0 3 78 0 40 32 10009
2018-09-11T19:25Z 45 0 3 78 0 40 32 10009
2018-09-11T19:30Z 90 0 6 78 0 40 32 10009
2018-09-11T19:35Z 90 0 6 78 0 40 32 10009
2018-09-11T19:41Z 225 0 4 79 0 40 32 10008
2018-09-11T19:46Z 135 0 4 79 0 40 31 10008
2018-09-11T19:51Z 135 0 4 79 0 40 31 10007
2018-09-11T19:56Z 45 0 9 79 0 40 31 10006
2018-09-11T20:01Z 45 1 9 79 0 40 31 10007
2018-09-11T20:06Z 45 1 5 79 0 40 31 10005
2018-09-11T20:11Z 45 0 5 79 0 40 31 10005
2018-09-11T20:16Z 45 0 4 79 0 40 31 10005
2018-09-11T20:21Z 45 0 4 79 0 40 31 10002
2018-09-11T20:26Z 90 0 4 79 0 40 31 10003
2018-09-11T20:31Z 45 0 4 79 0 40 31 10002
2018-09-11T20:36Z 45 0 4 79 0 40 31 10003
2018-09-11T20:41Z 45 0 4 79 0 40 31 10003
2018-09-11T20:46Z 45 0 8 79 0 40 31 10001
2018-09-11T20:51Z 45 2 11 80 0 40 31 10001
2018-09-11T20:56Z 45 2 11 80 0 40 31 10002
2018-09-11T21:02Z 45 2 10 80 0 40 31 10001
2018-09-11T21:07Z 45 3 12 80 0 40 31 10003
2018-09-11T21:12Z 45 3 9 80 0 40 31 10004
2018-09-11T21:17Z 45 4 10 80 0 40 31 10003
2018-09-11T21:22Z 45 4 16 80 0 40 31 10003
2018-09-11T21:27Z 45 3 12 80 0 40 31 10003
2018-09-11T21:32Z 45 3 12 80 0 40 31 10004
2018-09-11T21:37Z 45 3 11 80 0 40 31 10003
2018-09-11T21:42Z 45 2 12 80 0 40 31 10005
2018-09-11T21:47Z 45 3 12 80 0 40 31 10005
2018-09-11T21:52Z 45 3 11 80 0 40 31 10005
2018-09-11T21:57Z 45 11 20 80 0 40 31 10006
2018-09-11T22:02Z 225 24 35 79 0 40 40 10004
2018-09-11T22:07Z 180 15 35 79 0 40 39 10005
2018-09-11T22:12Z 135 9 33 78 0 40 38 10005
2018-09-11T22:17Z 180 12 28 78 0 40 36 10005
2018-09-11T22:23Z 225 9 25 77 0 40 35 10003
2018-09-11T22:28Z 270 9 18 77 1 41 34 10004
2018-09-11T22:33Z 90 6 18 77 1 41 33 10003
2018-09-11T22:38Z 225 0 16 76 1 41 33 10002
2018-09-11T22:43Z 225 2 7 76 2 42 33 10000
2018-09-11T22:48Z 270 1 7 76 2 42 33 10002
2018-09-11T22:53Z 225 0 4 76 3 44 33 10003
2018-09-11T22:58Z 45 2 6 76 3 44 33 10004
2018-09-11T23:03Z 45 1 7 76 3 44 33 10005
2018-09-11T23:08Z 45 0 7 76 3 44 33 10006
2018-09-11T23:13Z 45 1 3 76 3 44 33 10006
2018-09-11T23:18Z 270 0 3 76 3 44 33 10006
2018-09-11T23:23Z 270 0 3 76 3 44 33 10005
2018-09-11T23:28Z 225 0 3 76 2 44 33 10006
2018-09-11T23:33Z 45 0 3 76 2 44 33 10006
2018-09-11T23:38Z 45 0 3 76 2 45 32 10005
2018-09-11T23:44Z 225 0 3 77 2 45 33 10006
2018-09-11T23:49Z 225 0 3 77 2 45 32 10006
2018-09-11T23:54Z 270 0 3 77 1 45 32 10007
2018-09-11T23:59Z 135 0 3 77 1 45 32 10006
2018-09-12T00:04Z 270 0 0 77 1 45 32 10007
2018-09-12T00:09Z 180 0 0 77 1 45 32 10008
2018-09-12T00:14Z 180 0 0 77 1 45 32 10008
2018-09-12T00:19Z 90 0 3 77 1 45 32 10009
2018-09-12T00:24Z 45 3 6 77 1 45 32 10011
2018-09-12T00:29Z 90 3 8 77 1 45 32 10011
2018-09-12T00:34Z 90 6 10 77 2 46 32 10012
2018-09-12T00:39Z 45 5 12 76 1 46 33 10013
2018-09-12T00:44Z 45 0 10 76 1 46 33 10014
2018-09-12T00:49Z 45 1 9 77 1 46 33 10014
2018-09-12T00:54Z 45 3 6 77 1 46 33 10015
2018-09-12T01:00Z 45 0 9 77 2 48 33 10016
2018-09-12T01:05Z 45 3 9 77 2 48 33 10016
2018-09-12T01:10Z 45 5 10 77 2 48 33 10016
2018-09-12T01:15Z 45 2 10 77 2 48 33 10015
2018-09-12T01:20Z 45 0 9 77 2 48 33 10015
2018-09-12T01:25Z 45 0 3 78 2 48 33 10015
2018-09-12T01:30Z 180 0 3 79 2 48 32 10016
2018-09-12T01:35Z 225 0 3 79 1 48 31 10016
2018-09-12T01:40Z 225 0 3 80 1 48 31 10015
2018-09-12T01:45Z 225 0 3 81 1 48 31 10016
2018-09-12T01:50Z 45 1 6 82 1 48 31 10017
2018-09-12T01:55Z 90 2 6 83 1 48 32 10015
2018-09-12T02:00Z 225 3 8 83 0 48 33 10016
2018-09-12T02:05Z 45 1 9 84 0 48 31 10015
2018-09-12T02:10Z 45 4 13 85 0 48 36 10017
2018-09-12T02:15Z 180 1 14 85 0 48 33 10016
2018-09-12T02:21Z 135 2 14 86 0 48 34 10016
2018-09-12T02:26Z 45 5 14 87 0 48 40 10015
2018-09-12T02:31Z 45 7 18 88 0 48 44 10014
2018-09-12T02:36Z 45 9 18 88 0 48 47 10013
2018-09-12T02:41Z 45 9 18 88 0 48 47 10015
2018-09-12T02:46Z 45 3 18 88 0 48 47 10013
2018-09-12T02:51Z 45 6 18 89 0 48 51 10014
2018-09-12T02:56Z 45 4 18 90 0 48 51 10013
2018-09-12T03:01Z 45 6 16 90 0 48 53 10014
2018-09-12T03:06Z 45 3 16 91 0 48 52 10015
2018-09-12T03:11Z 45 3 14 92 0 48 55 10014
2018-09-12T03:16Z 45 4 14 94 0 48 57 10013
2018-09-12T03:21Z 45 8 18 96 0 48 56 10014
2018-09-12T03:26Z 45 11 22 98 0 48 53 10012
2018-09-12T03:31Z 45 5 22 99 0 40 53 10013
2018-09-12T03:36Z 45 8 22 98 0 40 52 10013
2018-09-12T03:42Z 45 15 31 95 0 40 55 10012
2018-09-12T03:47Z 45 9 31 93 0 40 57 10011
2018-09-12T03:52Z 45 9 31 93 0 40 57 10011
2018-09-12T03:57Z 45 5 18 98 0 40 53 10013
2018-09-12T04:02Z 45 3 18 100 0 40 50 10010
2018-09-12T04:07Z 45 5 9 101 0 40 48 10010
2018-09-12T04:12Z 45 7 18 100 0 40 48 10008
2018-09-12T04:17Z 45 7 27 97 0 40 52 10006
2018-09-12T04:22Z 45 8 27 99 0 40 49 10005
2018-09-12T04:27Z 45 8 18 98 0 40 49 10004
2018-09-12T04:32Z 45 6 18 97 0 40 51 10004
2018-09-12T04:37Z 45 6 18 97 0 40 51 10004
2018-09-12T04:42Z 45 6 18 97 0 40 51 10004
2018-09-12T04:47Z 45 6 18 97 0 40 51 10004
2018-09-12T04:52Z 45 6 18 105 0 40 41 9999
2018-09-12T04:57Z 45 5 18 105 0 40 41 9999
2018-09-12T05:03Z 45 5 18 105 0 40 41 9999
2018-09-12T05:07Z 45 5 18 105 0 40 41 9999
2018-09-12T05:13Z 45 6 22 99 0 40 46 9999
2018-09-12T05:18Z 45 30 53 94 0 40 54 10000
2018-09-12T05:23Z 45 32 58 89 0 40 60 9999
2018-09-12T05:28Z 90 29 58 85 0 40 61 10003
2018-09-12T05:33Z 45 24 63 83 0 40 53 9999
2018-09-12T05:38Z 180 32 63 80 1 41 38 10004
2018-09-12T05:43Z 180 23 58 78 2 42 33 10004
2018-09-12T05:48Z 180 28 48 77 6 46 33 10004
2018-09-12T05:53Z 225 31 48 76 9 49 32 10000
2018-09-12T05:58Z 225 21 48 76 9 49 33 10001
2018-09-12T06:03Z 225 21 36 76 10 50 33 9998
2018-09-12T06:08Z 270 15 27 77 10 50 32 9995
2018-09-12T06:13Z 225 18 27 77 10 50 32 9994
2018-09-12T06:19Z 135 12 31 77 10 50 32 9993
2018-09-12T06:24Z 45 8 31 77 10 50 32 9994
2018-09-12T06:29Z 225 9 18 78 10 50 32 9993
2018-09-12T06:34Z 225 9 18 78 10 50 32 9991
2018-09-12T06:39Z 225 12 22 78 9 50 31 9988
2018-09-12T06:44Z 225 11 22 78 6 50 31 9988
2018-09-12T06:49Z 270 12 18 79 2 50 31 9988
2018-09-12T06:54Z 270 12 21 79 1 50 31 9987
2018-09-12T06:59Z 270 8 21 79 0 50 31 9988
2018-09-12T07:04Z 270 6 15 79 0 50 31 9988
2018-09-12T07:09Z 270 6 13 80 0 50 31 9988
2018-09-12T07:14Z 225 10 17 80 0 50 31 9986
2018-09-12T07:19Z 225 9 17 80 0 50 31 9985
2018-09-12T07:24Z 225 6 16 81 0 50 31 9985
2018-09-12T07:29Z 270 4 13 81 0 50 31 9984
2018-09-12T07:34Z 45 1 12 82 0 50 31 9980
2018-09-12T07:40Z 45 0 6 82 0 50 30 9978
2018-09-12T07:45Z 45 0 7 83 1 52 31 9979
2018-09-12T07:50Z 45 2 7 84 1 52 32 9978
2018-09-12T07:55Z 45 1 6 84 1 52 34 9979
2018-09-12T08:00Z 45 3 7 85 1 22 35 9978
2018-09-12T08:05Z 45 3 7 85 1 22 36 9978
2018-09-12T08:10Z 45 5 18 86 1 22 38 9977
2018-09-12T08:15Z 45 4 18 86 1 22 39 9978
2018-09-12T08:20Z 45 4 15 86 1 22 40 9978
2018-09-12T08:25Z 45 9 18 85 1 22 50 9980
2018-09-12T08:30Z 45 6 19 85 1 22 51 9980
2018-09-12T08:35Z 45 6 17 85 1 22 51 9979
2018-09-12T08:40Z 45 6 21 85 1 22 51 9978
2018-09-12T08:45Z 45 9 23 85 0 20 51 9979
2018-09-12T08:50Z 45 6 23 85 0 20 51 9979
2018-09-12T08:55Z 45 6 19 85 0 20 50 9980
2018-09-12T09:01Z 90 12 24 84 0 20 46 9982
2018-09-12T09:06Z 45 9 24 83 0 20 43 9982
2018-09-12T09:11Z 225 11 22 83 0 20 41 9982
2018-09-12T09:16Z 135 8 22 82 0 20 39 9983
2018-09-12T09:21Z 225 11 22 82 0 20 38 9982
2018-09-12T09:26Z 225 8 22 82 0 20 36 9985
2018-09-12T09:31Z 225 9 18 82 0 20 36 9988
2018-09-12T09:36Z 225 6 18 82 0 20 35 9987
2018-09-12T09:41Z 45 3 14 82 0 20 35 9987
2018-09-12T09:46Z 225 7 14 82 0 20 35 9988
2018-09-12T09:51Z 225 6 17 82 0 20 36 9989
2018-09-12T09:56Z 135 6 17 81 0 20 36 9988
2018-09-12T10:01Z 90 6 16 81 0 20 36 9989
2018-09-12T10:06Z 90 6 16 81 0 20 36 9989
2018-09-12T10:10Z 90 6 16 81 0 20 36 9989
2018-09-12T10:15Z 180 12 21 80 0 20 33 9992
2018-09-12T10:21Z 180 12 25 80 1 22 32 9991
2018-09-12T10:26Z 135 17 31 80 1 22 31 9991
2018-09-12T10:31Z 90 16 31 79 9 29 31 9990
2018-09-12T10:36Z 90 16 31 79 9 29 31 9990
2018-09-12T10:41Z 90 16 31 79 9 29 31 9990
2018-09-12T10:46Z 90 16 31 79 9 29 31 9990
2018-09-12T10:51Z 90 16 31 79 9 29 31 9990
2018-09-12T10:56Z 90 16 31 79 9 29 31 9990
2018-09-12T11:01Z 90 16 31 79 9 29 31 9990
2018-09-12T11:06Z 45 11 22 77 9 28 32 9994
2018-09-12T11:12Z 45 11 22 77 9 28 32 9994
2018-09-12T11:17Z 45 11 22 77 9 28 32 9994
2018-09-12T11:22Z 45 11 22 77 9 28 32 9994
2018-09-12T11:27Z 45 11 22 77 9 28 32 9994
2018-09-12T11:32Z 45 11 22 77 9 28 32 9994
2018-09-12T11:37Z 45 11 22 77 9 28 32 9994
2018-09-12T11:42Z 45 11 22 77 9 28 32 9994
2018-09-12T11:47Z 45 11 22 77 9 28 32 9994
2018-09-12T11:52Z 45 11 22 77 9 28 32 9994
2018-09-12T11:57Z 45 11 22 77 9 28 32 9994
2018-09-12T12:02Z 45 9 18 77 0 28 32 10004
2018-09-12T12:07Z 45 9 18 77 0 28 32 10005
2018-09-12T12:12Z 45 9 18 77 0 28 32 10005
2018-09-12T12:17Z 45 6 12 76 0 28 32 10006
2018-09-12T12:22Z 45 4 12 76 0 28 32 10005
2018-09-12T12:27Z 45 3 12 76 0 28 32 10008
2018-09-12T12:32Z 90 3 12 76 0 28 33 10009
2018-09-12T12:37Z 45 4 12 76 0 28 33 10010
2018-09-12T12:42Z 45 3 12 76 0 28 33 10011
2018-09-12T12:47Z 135 3 9 76 0 28 33 10013
2018-09-12T12:52Z 45 3 9 76 0 28 33 10013
2018-09-12T12:57Z 45 1 9 76 0 28 33 10015
2018-09-12T13:03Z 45 2 6 76 0 28 33 10015
2018-09-12T13:08Z 45 2 6 76 0 28 33 10015
2018-09-12T13:13Z 45 3 7 76 0 28 33 10015
2018-09-12T13:18Z 45 3 7 76 0 28 33 10015
2018-09-12T13:23Z 45 2 7 75 0 28 33 10014
2018-09-12T13:28Z 45 3 9 75 0 28 33 10013
2018-09-12T13:33Z 45 3 9 75 0 28 33 10013
2018-09-12T13:38Z 45 3 9 75 0 28 33 10014
2018-09-12T13:43Z 45 3 9 75 0 28 33 10015
2018-09-12T13:48Z 45 2 11 75 0 28 33 10015
2018-09-12T13:53Z 45 4 12 75 0 28 33 10016
2018-09-12T13:58Z 45 3 12 75 0 28 33 10016
2018-09-12T14:03Z 45 2 10 75 0 28 33 10014
2018-09-12T14:08Z 45 3 11 75 0 28 33 10015
2018-09-12T14:13Z 45 5 15 75 0 28 33 10013
2018-09-12T14:18Z 45 6 15 75 0 28 33 10013
2018-09-12T14:24Z 45 6 15 75 0 28 33 10014
2018-09-12T14:29Z 45 4 15 75 0 28 33 10013
2018-09-12T14:34Z 45 6 15 75 0 28 33 10013
2018-09-12T14:39Z 45 4 12 75 0 28 33 10012
2018-09-12T14:44Z 45 3 12 75 0 28 33 10011
2018-09-12T14:49Z 45 5 9 75 0 28 33 10012
2018-09-12T14:54Z 45 3 10 75 0 28 33 10011
2018-09-12T14:59Z 45 3 10 75 0 28 33 10012
2018-09-12T15:04Z 45 3 8 75 0 28 33 10012
2018-09-12T15:09Z 45 5 9 75 0 28 34 10009
2018-09-12T15:14Z 45 5 11 75 0 28 34 10009
2018-09-12T15:19Z 45 3 11 75 0 28 34 10009
2018-09-12T15:24Z 45 3 11 75 0 28 34 10009
2018-09-12T15:29Z 45 0 8 74 0 28 34 10008
2018-09-12T15:34Z 180 0 3 74 0 28 34 10009
2018-09-12T15:39Z 45 0 3 74 0 28 34 10007
2018-09-12T15:45Z 45 2 6 74 0 28 34 10008
2018-09-12T15:50Z 45 0 6 74 0 28 34 10006
2018-09-12T15:55Z 45 2 7 74 0 28 34 10006
2018-09-12T16:00Z 180 0 7 74 0 28 34 10005
2018-09-12T16:05Z 180 0 7 74 0 28 34 10004
2018-09-12T16:10Z 180 0 4 74 0 28 34 10003
2018-09-12T16:15Z 180 0 3 74 0 28 34 10002
2018-09-12T16:20Z 270 0 3 74 0 28 34 10001
2018-09-12T16:25Z 270 0 3 74 0 28 34 10001
2018-09-12T16:30Z 45 0 3 74 0 28 34 10000
2018-09-12T16:35Z 45 0 3 74 0 28 34 10000
2018-09-12T16:40Z 45 0 3 74 0 28 34 10000
2018-09-12T16:45Z 45 0 3 74 0 28 34 10000
2018-09-12T16:50Z 45 0 3 74 0 28 34 10000
2018-09-12T16:55Z 270 0 0 74 0 28 34 9999
2018-09-12T17:00Z 270 0 0 74 0 28 34 10001
2018-09-12T17:05Z 270 0 0 74 0 28 34 9998
2018-09-12T17:10Z 270 0 0 74 0 28 34 9999
2018-09-12T17:15Z 270 0 0 74 0 28 34 9999
2018-09-12T17:20Z 180 0 3 74 0 28 34 9998
2018-09-12T17:26Z 180 0 3 74 0 28 34 9997
2018-09-12T17:31Z 45 0 3 74 0 28 34 9996
2018-09-12T17:36Z 45 1 3 74 0 28 34 9995
2018-09-12T17:41Z 45 0 3 74 0 28 34 9994
2018-09-12T17:46Z 45 0 3 74 0 28 34 9994
2018-09-12T17:51Z 225 0 0 74 0 28 34 9992
2018-09-12T17:56Z 135 0 0 74 0 28 34 9991
2018-09-12T18:01Z 45 0 3 74 0 28 34 9991
2018-09-12T18:06Z 45 2 5 74 0 28 34 9991
2018-09-12T18:11Z 45 4 6 74 0 28 34 9991
2018-09-12T18:16Z 45 6 11 74 0 28 35 9990
2018-09-12T18:21Z 45 4 14 74 0 28 34 9990
2018-09-12T18:26Z 45 3 14 74 0 28 34 9989
2018-09-12T18:31Z 45 3 7 74 0 28 34 9989
2018-09-12T18:36Z 45 3 7 74 0 28 34 9990
2018-09-12T18:41Z 45 3 7 74 0 28 34 9989
2018-09-12T18:47Z 45 3 7 74 0 28 34 9990
2018-09-12T18:52Z 45 1 7 74 0 28 34 9990
2018-09-12T18:57Z 45 1 6 74 0 28 35 9991
2018-09-12T19:02Z 45 0 7 74 0 28 35 9990
2018-09-12T19:07Z 45 1 7 74 0 28 35 9989
2018-09-12T19:12Z 45 3 6 74 0 28 35 9989
2018-09-12T19:17Z 45 3 9 74 0 28 35 9989
2018-09-12T19:22Z 45 3 9 74 0 28 34 9990
2018-09-12T19:27Z 45 3 6 74 0 28 34 9989
2018-09-12T19:32Z 45 1 8 74 0 28 34 9990
2018-09-12T19:37Z 45 1 8 74 0 28 34 9989
2018-09-12T19:42Z 45 0 7 74 0 28 34 9988
2018-09-12T19:47Z 45 0 7 74 0 28 34 9989
2018-09-12T19:52Z 45 2 6 74 0 28 34 9990
2018-09-12T19:57Z 45 0 6 74 0 28 34 9990
2018-09-12T20:02Z 180 0 3 74 0 28 35 9991
2018-09-12T20:08Z 45 0 3 74 0 28 35 9991
2018-09-12T20:13Z 45 0 5 74 0 28 35 9991
2018-09-12T20:18Z 45 0 5 74 0 28 35 9991
2018-09-12T20:23Z 45 0 3 74 0 28 35 9991
2018-09-12T20:28Z 315 0 3 74 0 28 35 9991
2018-09-12T20:33Z 45 1 6 74 0 28 35 9990
2018-09-12T20:38Z 45 1 6 74 0 28 35 9990
2018-09-12T20:43Z 45 0 5 74 0 28 35 9991
2018-09-12T20:48Z 45 1 5 73 0 28 35 9990
2018-09-12T20:53Z 45 0 4 73 0 28 35 9990
2018-09-12T20:58Z 45 0 3 73 0 28 35 9991
2018-09-12T21:03Z 45 0 3 73 0 28 35 9990
2018-09-12T21:08Z 45 1 3 73 0 28 35 9991
2018-09-12T21:13Z 45 0 4 73 0 28 35 9992
2018-09-12T21:18Z 45 0 4 73 0 28 35 9991
2018-09-12T21:23Z 45 0 3 73 0 28 35 9991
2018-09-12T21:29Z 45 1 6 73 0 28 35 9991
2018-09-12T21:34Z 45 0 6 73 0 28 35 9990
2018-09-12T21:39Z 45 0 6 73 0 28 35 9992
2018-09-12T21:44Z 45 0 3 73 0 28 35 9992
2018-09-12T21:49Z 45 0 3 73 0 28 35 9991
2018-09-12T21:54Z 45 0 6 73 0 28 35 9990
2018-09-12T21:59Z 45 2 6 73 0 28 36 9989
2018-09-12T22:04Z 45 0 6 73 0 28 36 9989
2018-09-12T22:09Z 45 1 6 73 0 28 36 9989
2018-09-12T22:14Z 90 1 6 73 0 28 36 9990
2018-09-12T22:19Z 45 1 6 73 0 28 35 9991
2018-09-12T22:24Z 45 0 6 73 0 27 35 9990
2018-09-12T22:29Z 135 2 6 73 0 27 35 9991
2018-09-12T22:34Z 135 3 9 73 0 27 35 9990
2018-09-12T22:39Z 90 3 9 73 0 26 35 9990
2018-09-12T22:45Z 90 1 6 74 0 26 35 9989
2018-09-12T22:50Z 135 1 6 74 0 24 35 9989
2018-09-12T22:55Z 90 5 11 74 0 24 35 9989
2018-09-12T23:00Z 135 4 11 74 0 24 35 9990
2018-09-12T23:05Z 135 1 11 74 0 24 35 9991
2018-09-12T23:10Z 45 1 9 74 0 24 35 9991
2018-09-12T23:15Z 45 2 8 75 0 24 34 9991
2018-09-12T23:20Z 45 3 8 75 0 24 34 9992
2018-09-12T23:25Z 45 0 8 76 0 24 34 9992
2018-09-12T23:30Z 45 1 8 76 0 24 34 9994
2018-09-12T23:35Z 45 2 8 76 0 23 33 9994
2018-09-12T23:40Z 45 2 8 76 0 23 33 9994
2018-09-12T23:45Z 0 0 7 77 0 23 33 9994
2018-09-12T23:50Z 0 0 4 78 0 23 33 9995
2018-09-12T23:55Z 0 0 3 78 0 23 33 9995
2018-09-13T00:00Z 0 0 3 79 0 23 33 9996
2018-09-13T00:06Z 45 1 6 80 0 23 35 9996
2018-09-13T00:11Z 45 1 6 80 0 23 33 9997
2018-09-13T00:16Z 270 0 6 81 0 23 37 9999
2018-09-13T00:21Z 270 0 6 81 0 23 37 9999
2018-09-13T00:26Z 45 2 9 82 0 23 39 10002
2018-09-13T00:31Z 45 1 9 83 0 22 42 10003
2018-09-13T00:36Z 45 2 9 83 0 22 45 10002
2018-09-13T00:41Z 45 1 9 83 0 22 42 10002
2018-09-13T00:46Z 45 1 8 84 0 22 45 10003
2018-09-13T00:51Z 45 2 9 84 0 22 46 10003
2018-09-13T00:56Z 45 1 9 84 0 20 43 10003
2018-09-13T01:01Z 45 0 5 85 0 20 45 10003
2018-09-13T01:06Z 225 0 4 86 0 20 50 10002
2018-09-13T01:11Z 45 1 4 87 0 20 52 10004
2018-09-13T01:16Z 45 1 4 88 0 20 52 10003
2018-09-13T01:21Z 135 2 9 89 0 20 57 10004
2018-09-13T01:27Z 225 0 9 90 0 20 58 10004
2018-09-13T01:32Z 90 0 9 91 0 20 58 10004
2018-09-13T01:37Z 225 0 4 93 0 20 58 10003
2018-09-13T01:42Z 225 0 4 93 0 20 58 10003
2018-09-13T01:47Z 225 0 4 93 0 20 58 10003
2018-09-13T01:52Z 45 0 7 99 0 20 52 10005
2018-09-13T01:57Z 45 0 7 99 0 20 52 10005
2018-09-13T02:02Z 45 0 7 99 0 20 52 10005
2018-09-13T02:07Z 45 0 7 99 0 20 52 10005
2018-09-13T02:12Z 45 0 7 99 0 20 52 10005
2018-09-13T02:17Z 45 0 7 99 0 20 52 10005
2018-09-13T02:22Z 45 0 7 99 0 20 52 10005
2018-09-13T02:27Z 45 0 7 99 0 20 52 10005
2018-09-13T02:32Z 45 0 7 99 0 20 52 10005
2018-09-13T02:37Z 45 0 7 99 0 20 52 10005
2018-09-13T02:42Z 45 0 7 99 0 20 52 10005
2018-09-13T02:47Z 45 4 13 110 0 20 35 10004
2018-09-13T02:52Z 45 8 18 109 0 20 35 10005
2018-09-13T02:57Z 45 4 31 108 0 20 36 10005
2018-09-13T03:02Z 45 6 31 108 0 20 37 10004
2018-09-13T03:07Z 45 6 31 108 0 20 37 10004
2018-09-13T03:12Z 45 6 22 106 0 20 39 10005
2018-09-13T03:18Z 45 6 22 106 0 20 39 10005
2018-09-13T03:23Z 45 6 22 106 0 20 39 10005
2018-09-13T03:28Z 90 3 15 100 0 20 46 10005
2018-09-13T03:33Z 90 3 15 100 0 20 46 10005
2018-09-13T03:38Z 90 3 15 100 0 20 46 10005
2018-09-13T03:43Z 90 3 15 100 0 20 46 10005
2018-09-13T03:48Z 90 3 15 100 0 20 46 10005
2018-09-13T03:53Z 90 3 15 100 0 20 46 10005
2018-09-13T03:58Z 90 3 15 100 0 20 46 10005
2018-09-13T04:03Z 90 3 15 100 0 20 46 10005
2018-09-13T04:08Z 90 3 15 100 0 20 46 10005
2018-09-13T04:13Z 135 5 18 101 0 20 45 9997
2018-09-13T04:18Z 135 5 18 101 0 20 45 9997
2018-09-13T04:23Z 135 5 18 101 0 20 45 9997
2018-09-13T04:28Z 135 12 32 104 0 20 41 9998
2018-09-13T04:33Z 45 12 32 106 0 20 38 9998
2018-09-13T04:38Z 45 9 25 107 0 20 36 9996
2018-09-13T04:43Z 45 9 25 107 0 20 36 9996
2018-09-13T04:48Z 45 9 25 107 0 20 36 9996
2018-09-13T04:54Z 45 11 31 105 0 20 39 9993
2018-09-13T04:59Z 45 9 31 105 0 20 38 9992
2018-09-13T05:04Z 45 8 22 106 0 20 37 9989
2018-09-13T05:08Z 45 8 22 106 0 20 37 9989
2018-09-13T05:13Z 45 8 22 106 0 20 37 9989
2018-09-13T05:17Z 45 8 22 106 0 20 37 9989
2018-09-13T05:22Z 45 8 22 106 0 20 37 9989
2018-09-13T05:27Z 90 19 40 107 0 20 35 9989
2018-09-13T05:32Z 180 19 40 105 0 20 37 9987
2018-09-13T05:37Z 45 4 31 105 0 18 38 9988
2018-09-13T05:42Z 45 6 31 107 0 15 37 9986
2018-09-13T05:47Z 45 10 27 110 0 11 33 9984
2018-09-13T05:52Z 45 6 27 114 0 11 30 9983
2018-09-13T05:57Z 45 4 19 115 0 10 29 9984
2018-09-13T06:02Z 45 6 19 113 0 10 31 9982
2018-09-13T06:07Z 45 9 22 108 0 10 37 9979
2018-09-13T06:13Z 45 12 27 102 0 10 42 9978
2018-09-13T06:18Z 45 9 27 98 0 10 48 9978
2018-09-13T06:23Z 45 12 31 95 0 10 52 9975
2018-09-13T06:28Z 45 13 31 94 0 10 53 9977
2018-09-13T06:33Z 45 9 36 92 0 10 58 9976
2018-09-13T06:38Z 45 9 27 91 0 10 60 9976
2018-09-13T06:43Z 45 11 27 90 0 10 61 9976
2018-09-13T06:48Z 45 8 27 91 0 10 61 9975
2018-09-13T06:53Z 45 12 26 91 0 10 60 9976
2018-09-13T06:58Z 45 12 31 93 0 10 59 9975
2018-09-13T07:03Z 45 12 31 93 0 10 58 9973
2018-09-13T07:08Z 45 12 32 91 0 10 59 9976
2018-09-13T07:13Z 45 19 36 90 0 10 61 9977
2018-09-13T07:18Z 45 10 36 89 0 10 62 9975
2018-09-13T07:23Z 45 10 34 87 0 10 58 9975
2018-09-13T07:28Z 45 11 34 86 2 13 49 9973
2018-09-13T07:34Z 45 16 31 84 2 13 41 9969
2018-09-13T07:39Z 45 16 31 84 2 13 41 9969
2018-09-13T07:44Z 45 16 31 84 2 13 41 9969
2018-09-13T07:49Z 45 16 31 84 2 13 41 9969
2018-09-13T07:54Z 45 16 31 84 2 13 41 9969
2018-09-13T07:59Z 45 16 31 84 2 13 41 9969
2018-09-13T08:04Z 45 16 31 84 2 13 41 9969
2018-09-13T08:09Z 45 6 18 81 3 13 33 9976
2018-09-13T08:14Z 45 7 18 81 3 13 33 9976
2018-09-13T08:19Z 45 4 18 81 3 13 33 9973
2018-09-13T08:24Z 45 3 13 81 3 13 32 9973
2018-09-13T08:29Z 45 4 12 81 1 13 32 9970
2018-09-13T08:34Z 45 4 45 81 1 13 31 9971
2018-09-13T08:39Z 45 3 45 81 0 13 31 9970
2018-09-13T08:44Z 45 3 13 81 0 13 31 9971
2018-09-13T08:49Z 45 5 13 81 0 13 32 9974
2018-09-13T08:55Z 45 3 9 81 0 13 32 9975
2018-09-13T09:00Z 45 3 18 81 0 13 32 9974
2018-09-13T09:05Z 45 6 14 81 0 13 32 9973
2018-09-13T09:10Z 45 4 21 81 0 13 32 9973
2018-09-13T09:15Z 45 9 21 81 0 13 33 9973
2018-09-13T09:20Z 45 7 22 81 0 13 33 9972
2018-09-13T09:25Z 45 11 22 81 0 13 34 9972
2018-09-13T09:30Z 45 12 25 81 0 13 35 9972
2018-09-13T09:35Z 45 9 25 81 0 13 35 9973
2018-09-13T09:40Z 45 7 25 81 0 13 35 9974
2018-09-13T09:45Z 45 6 18 81 0 13 34 9975
2018-09-13T09:50Z 225 7 21 81 0 13 34 9976
2018-09-13T09:55Z 225 6 21 81 0 13 33 9977
2018-09-13T10:00Z 135 6 13 81 0 13 32 9978
2018-09-13T10:05Z 135 6 18 81 0 13 32 9978
2018-09-13T10:10Z 45 8 18 81 0 13 33 9978
2018-09-13T10:16Z 45 6 18 81 0 11 33 9979
2018-09-13T10:21Z 45 6 13 81 0 11 33 9980
2018-09-13T10:26Z 45 6 18 81 0 3 33 9980
2018-09-13T10:31Z 45 9 30 81 0 3 34 9980
2018-09-13T10:36Z 90 10 30 81 0 3 34 9982
2018-09-13T10:41Z 45 13 22 81 0 3 34 9984
2018-09-13T10:46Z 45 13 27 81 0 3 35 9984
2018-09-13T10:51Z 45 16 27 81 0 3 35 9984
2018-09-13T10:56Z 45 13 27 80 0 3 35 9985
2018-09-13T11:01Z 225 10 26 80 0 3 34 9986
2018-09-13T11:06Z 45 10 27 80 0 3 33 9986
2018-09-13T11:11Z 180 11 27 80 0 3 33 9987
2018-09-13T11:16Z 45 9 26 80 0 3 32 9987
2018-09-13T11:21Z 90 9 22 80 1 5 32 9988
2018-09-13T11:26Z 45 12 22 79 1 5 32 9988
2018-09-13T11:32Z 45 9 22 79 1 5 31 9988
2018-09-13T11:37Z 45 11 22 79 1 5 32 9987
2018-09-13T11:42Z 45 8 22 79 1 5 31 9989
2018-09-13T11:47Z 90 6 22 79 1 5 31 9989
2018-09-13T11:52Z 45 6 20 79 1 5 32 9990
2018-09-13T11:57Z 45 9 22 79 1 5 31 9991
2018-09-13T12:02Z 45 9 22 79 2 6 32 9991
2018-09-13T12:07Z 225 6 21 79 2 6 32 9991
2018-09-13T12:12Z 45 8 18 79 2 6 32 9992
2018-09-13T12:17Z 225 8 18 79 3 7 32 9993
2018-09-13T12:22Z 45 9 18 79 2 7 32 9993
2018-09-13T12:27Z 225 12 21 79 2 7 32 9994
2018-09-13T12:32Z 45 6 21 78 2 7 32 9995
2018-09-13T12:37Z 45 8 17 78 2 7 32 9996
2018-09-13T12:42Z 180 7 17 78 3 9 32 9997
2018-09-13T12:47Z 45 6 15 78 3 9 32 9997
2018-09-13T12:53Z 45 4 12 78 3 9 32 9997
2018-09-13T12:58Z 45 5 12 78 5 10 32 9999
2018-09-13T13:03Z 45 6 12 78 3 10 32 10001
2018-09-13T13:08Z 180 6 12 78 3 10 32 10003
2018-09-13T13:13Z 45 7 17 78 5 11 32 10002
2018-09-13T13:18Z 45 7 17 78 3 11 32 10003
2018-09-13T13:23Z 45 7 17 78 3 11 32 10003
2018-09-13T13:28Z 45 7 17 78 3 11 32 10003
2018-09-13T13:33Z 45 7 17 78 3 11 32 10003
2018-09-13T13:38Z 45 7 17 78 3 11 32 10003
2018-09-13T13:43Z 45 7 17 78 3 11 32 10003
2018-09-13T13:48Z 45 7 17 78 3 11 32 10003
2018-09-13T13:53Z 45 7 17 78 3 11 32 10003
2018-09-13T13:58Z 45 7 17 78 3 11 32 10003
2018-09-13T14:03Z 45 7 17 78 3 11 32 10003
2018-09-13T14:08Z 45 7 17 78 3 11 32 10003
2018-09-13T14:13Z 45 7 17 78 3 11 32 10003
2018-09-13T14:18Z 45 7 17 78 3 11 32 10003
2018-09-13T14:23Z 45 7 17 78 3 11 32 10003
2018-09-13T14:28Z 45 7 17 78 3 11 32 10003
2018-09-13T14:33Z 45 7 17 78 3 11 32 10003
2018-09-13T14:38Z 45 7 17 78 3 11 32 10003
2018-09-13T14:43Z 45 7 17 78 3 11 32 10003
2018-09-13T14:48Z 45 7 17 78 3 11 32 10003
2018-09-13T14:53Z 45 7 17 78 3 11 32 10003
2018-09-13T14:58Z 45 7 17 78 3 11 32 10003
2018-09-13T15:03Z 45 7 17 78 3 11 32 10003
2018-09-13T15:08Z 45 7 17 78 3 11 32 10003
2018-09-13T15:13Z 45 7 17 78 3 11 32 10003
2018-09-13T15:18Z 45 7 17 78 3 11 32 10003
2018-09-13T15:23Z 45 7 17 78 3 11 32 10003
2018-09-13T15:28Z 45 7 17 78 3 11 32 10003
2018-09-13T15:33Z 45 7 17 78 3 11 32 10003
2018-09-13T15:38Z 45 7 17 78 3 11 32 10003
2018-09-13T15:43Z 45 7 17 78 3 11 32 10003
2018-09-13T15:48Z 45 7 17 78 3 11 32 10003
2018-09-13T15:53Z 45 7 17 78 3 11 32 10003
2018-09-13T15:58Z 45 7 17 78 3 11 32 10003
2018-09-13T16:03Z 45 7 17 78 3 11 32 10003
2018-09-13T16:08Z 45 7 17 78 3 11 32 10003
2018-09-13T16:13Z 45 7 17 78 3 11 32 10003
2018-09-13T16:18Z 45 7 17 78 3 11 32 10003
2018-09-13T16:23Z 45 7 17 78 3 11 32 10003
2018-09-13T16:28Z 45 7 17 78 3 11 32 10003
2018-09-13T16:33Z 45 7 17 78 3 11 32 10003
2018-09-13T16:38Z 45 7 17 78 3 11 32 10003
2018-09-13T16:43Z 45 7 17 78 3 11 32 10003
2018-09-13T16:48Z 45 7 17 78 3 11 32 10003
2018-09-13T16:53Z 45 7 17 78 3 11 32 10003
2018-09-13T16:58Z 45 7 17 78 3 11 32 10003
2018-09-13T17:03Z 180 4 9 77 0 16 33 10006
2018-09-13T17:07Z 180 4 9 77 0 16 33 10006
2018-09-13T17:11Z 180 4 9 77 0 16 33 10006
2018-09-13T17:16Z 225 4 9 77 0 16 33 10004
2018-09-13T17:21Z 45 1 9 77 0 16 33 10004
2018-09-13T17:26Z 45 1 9 77 0 16 33 10004
2018-09-13T17:31Z 45 5 10 77 0 16 33 10001
2018-09-13T17:36Z 45 5 10 77 0 16 33 10000
2018-09-13T17:41Z 90 5 14 77 0 16 33 10001
2018-09-13T17:46Z 45 6 14 77 0 16 33 9998
2018-09-13T17:51Z 90 6 10 77 0 16 33 9998
2018-09-13T17:56Z 45 6 10 77 0 16 33 9997
2018-09-13T18:01Z 45 3 9 77 0 16 33 9997
2018-09-13T18:06Z 45 3 11 77 0 16 33 9996
2018-09-13T18:12Z 45 5 11 77 0 16 33 9996
2018-09-13T18:17Z 45 3 11 77 0 16 33 9995
2018-09-13T18:22Z 45 3 10 77 0 16 33 9994
2018-09-13T18:27Z 90 3 10 77 0 16 33 9993
2018-09-13T18:32Z 90 3 9 77 0 16 33 9993
2018-09-13T18:37Z 45 4 10 77 0 16 33 9992
2018-09-13T18:42Z 45 3 10 77 0 16 33 9992
2018-09-13T18:47Z 45 1 7 77 0 16 33 9991
2018-09-13T18:52Z 45 1 7 77 0 16 33 9990
2018-09-13T18:57Z 45 1 7 77 0 16 33 9990
2018-09-13T19:02Z 45 0 7 77 0 16 33 9990
2018-09-13T19:07Z 45 0 6 77 0 16 33 9989
2018-09-13T19:12Z 45 3 9 77 0 16 33 9989
2018-09-13T19:17Z 45 3 9 77 0 16 33 9988
2018-09-13T19:22Z 45 1 9 77 0 16 33 9989
2018-09-13T19:27Z 45 1 7 77 0 16 33 9989
2018-09-13T19:33Z 45 1 4 77 0 16 33 9988
2018-09-13T19:38Z 45 1 5 77 0 16 33 9989
2018-09-13T19:43Z 45 3 6 77 0 16 33 9989
2018-09-13T19:48Z 45 3 9 77 0 16 33 9988
2018-09-13T19:53Z 45 3 9 77 0 16 33 9988
2018-09-13T19:58Z 45 3 9 77 0 16 33 9989
2018-09-13T20:03Z 45 3 9 77 0 16 33 9988
2018-09-13T20:08Z 45 5 12 77 0 16 33 9989
2018-09-13T20:13Z 45 5 12 77 0 16 33 9988
2018-09-13T20:18Z 45 4 12 77 0 16 33 9988
2018-09-13T20:23Z 45 3 12 77 0 16 33 9990
2018-09-13T20:28Z 45 3 9 77 0 16 33 9988
2018-09-13T20:33Z 45 6 12 77 0 16 33 9988
2018-09-13T20:38Z 45 6 12 77 0 16 33 9988
2018-09-13T20:43Z 45 3 12 77 0 16 33 9988
2018-09-13T20:48Z 45 3 12 77 0 16 33 9988
2018-09-13T20:54Z 45 4 12 77 0 16 33 9990
2018-09-13T20:59Z 45 3 11 77 0 16 33 9988
2018-09-13T21:04Z 45 4 18 77 0 16 33 9990
2018-09-13T21:09Z 45 5 18 77 0 16 33 9990
2018-09-13T21:14Z 45 5 12 77 0 16 33 9990
2018-09-13T21:19Z 45 4 12 77 0 16 33 9989
2018-09-13T21:24Z 45 6 12 77 0 16 33 9989
2018-09-13T21:29Z 45 6 12 77 0 16 33 9988
2018-09-13T21:34Z 45 6 12 77 0 16 33 9989
2018-09-13T21:39Z 45 5 15 77 0 16 33 9989
2018-09-13T21:44Z 45 7 16 77 0 16 33 9988
2018-09-13T21:49Z 45 6 16 77 0 16 33 9991
2018-09-13T21:54Z 45 6 16 77 0 16 33 9990
2018-09-13T21:59Z 45 6 16 77 0 16 33 9990
2018-09-13T22:04Z 45 5 12 77 0 16 33 9991
2018-09-13T22:10Z 45 5 13 77 0 16 33 9991
2018-09-13T22:15Z 45 5 13 77 0 16 33 9990
2018-09-13T22:20Z 45 3 12 77 0 16 33 9991
2018-09-13T22:25Z 45 6 11 77 0 16 33 9992
2018-09-13T22:30Z 45 6 14 77 0 16 33 9991
2018-09-13T22:35Z 225 6 14 77 0 16 33 9991
2018-09-13T22:40Z 90 5 14 77 0 16 33 9991
2018-09-13T22:45Z 45 6 14 77 0 16 33 9991
2018-09-13T22:50Z 45 5 14 77 0 16 33 9992
2018-09-13T22:55Z 45 7 15 77 0 16 33 9992
2018-09-13T23:00Z 45 6 19 77 0 16 33 9992
2018-09-13T23:05Z 45 6 19 77 0 16 33 9991
2018-09-13T23:10Z 135 6 17 77 0 16 33 9990
2018-09-13T23:15Z 45 6 17 77 0 16 33 9991
2018-09-13T23:20Z 45 3 13 77 0 16 33 9990
2018-09-13T23:25Z 45 4 13 77 0 16 33 9991
2018-09-13T23:31Z 45 5 13 77 0 16 33 9990
2018-09-13T23:36Z 45 6 15 78 0 16 33 9991
2018-09-13T23:41Z 45 6 15 78 0 16 33 9991
2018-09-13T23:46Z 45 8 15 78 0 16 33 9992
2018-09-13T23:51Z 90 4 15 79 0 16 33 9992
2018-09-13T23:56Z 45 6 12 79 0 16 33 9992
2018-09-14T00:01Z 45 3 15 79 0 16 34 9992
2018-09-14T00:06Z 45 5 13 80 0 16 34 9994
2018-09-14T00:11Z 45 5 15 80 0 16 34 9994
2018-09-14T00:16Z 45 6 19 81 0 16 35 9995
2018-09-14T00:21Z 45 6 19 81 0 16 35 9995
2018-09-14T00:26Z 45 6 19 81 0 16 35 9995
2018-09-14T00:31Z 45 6 19 81 0 16 35 9995
2018-09-14T00:36Z 45 6 19 81 0 16 35 9995
2018-09-14T00:41Z 45 6 19 81 0 16 35 9995
2018-09-14T00:46Z 45 6 19 81 0 16 35 9995
2018-09-14T00:51Z 45 6 19 81 0 16 35 9995
2018-09-14T00:56Z 45 9 21 87 0 16 55 9996
2018-09-14T01:01Z 45 9 21 87 0 16 55 9996
2018-09-14T01:06Z 45 9 21 87 0 16 55 9996
2018-09-14T01:11Z 45 6 18 89 0 16 58 10000
2018-09-14T01:16Z 45 3 13 90 0 16 58 10001
2018-09-14T01:22Z 45 6 18 91 0 16 58 10002
2018-09-14T01:27Z 45 6 18 91 0 16 58 10002
2018-09-14T01:32Z 45 6 18 91 0 16 58 10002
2018-09-14T01:37Z 45 6 18 91 0 16 58 10002
2018-09-14T01:42Z 90 3 22 93 0 16 56 10003
2018-09-14T01:47Z 45 15 22 92 0 16 56 10003
2018-09-14T01:52Z 45 15 22 92 0 16 56 10003
2018-09-14T01:57Z 45 6 18 93 0 16 55 10004
2018-09-14T02:02Z 225 3 18 95 0 16 53 10005
2018-09-14T02:07Z 225 3 18 95 0 16 53 10005
2018-09-14T02:12Z 225 3 18 95 0 16 53 10005
2018-09-14T02:17Z 225 3 18 95 0 16 53 10005
2018-09-14T02:22Z 225 3 18 95 0 16 53 10005
2018-09-14T02:27Z 225 3 18 95 0 16 53 10005
2018-09-14T02:32Z 45 4 22 98 0 16 48 10004
2018-09-14T02:37Z 45 4 14 100 0 16 46 10005
2018-09-14T02:42Z 45 9 22 101 0 16 44 10006
2018-09-14T02:47Z 45 8 22 101 0 16 45 10006
2018-09-14T02:52Z 45 5 18 102 0 16 43 10006
2018-09-14T02:57Z 45 5 18 104 0 16 42 10004
2018-09-14T03:02Z 45 3 18 106 0 16 40 10004
2018-09-14T03:08Z 45 5 18 105 0 16 40 10004
2018-09-14T03:13Z 45 3 18 105 0 16 40 10004
2018-09-14T03:18Z 45 5 18 106 0 16 39 10005
2018-09-14T03:23Z 45 8 14 105 0 16 40 10004
2018-09-14T03:28Z 45 7 18 107 0 16 38 10005
2018-09-14T03:33Z 45 4 18 107 0 16 38 10006
2018-09-14T03:38Z 45 10 21 107 0 16 38 10004
2018-09-14T03:43Z 225 12 24 103 0 16 42 10003
2018-09-14T03:48Z 225 16 27 99 0 16 46 10003
2018-09-14T03:53Z 225 15 29 98 0 16 48 10003
2018-09-14T03:58Z 90 19 34 98 0 16 47 10001
2018-09-14T04:03Z 45 11 34 100 0 16 45 10001
2018-09-14T04:08Z 90 7 27 102 0 16 44 10001
2018-09-14T04:13Z 45 8 22 105 0 16 40 9999
2018-09-14T04:18Z 45 14 27 105 0 16 39 10002
2018-09-14T04:23Z 45 9 27 103 0 16 41 10000
2018-09-14T04:29Z 45 9 27 102 0 16 41 9999
2018-09-14T04:34Z 180 10 27 100 0 16 45 9998
2018-09-14T04:39Z 45 8 22 101 0 16 44 9996
2018-09-14T04:44Z 90 7 22 100 0 16 45 9996
2018-09-14T04:49Z 45 6 22 100 0 16 45 9994
2018-09-14T04:54Z 45 9 18 101 0 16 43 9993
2018-09-14T04:59Z 45 6 18 102 0 16 42 9993
2018-09-14T05:04Z 45 12 22 105 0 16 38 9993
2018-09-14T05:09Z 45 6 22 104 0 16 40 9991
2018-09-14T05:14Z 45 6 15 103 0 16 41 9989
2018-09-14T05:19Z 45 6 15 103 0 16 41 9989
2018-09-14T05:24Z 45 10 23 105 0 16 40 9988
2018-09-14T05:29Z 45 9 23 107 0 16 37 9986
2018-09-14T05:34Z 45 9 21 108 0 16 35 9985
2018-09-14T05:39Z 45 7 21 108 0 16 35 9984
2018-09-14T05:45Z 45 7 21 108 0 16 36 9982
2018-09-14T05:50Z 45 6 18 108 0 16 35 9982
2018-09-14T05:55Z 45 3 18 108 0 16 35 9981
2018-09-14T06:00Z 45 3 18 108 0 16 35 9981
2018-09-14T06:05Z 45 4 18 110 0 16 35 9978
2018-09-14T06:10Z 45 6 23 111 0 16 32 9978
2018-09-14T06:15Z 45 6 23 113 0 16 31 9977
2018-09-14T06:20Z 45 8 22 112 0 16 32 9975
2018-09-14T06:25Z 180 6 22 112 0 16 33 9976
2018-09-14T06:30Z 45 3 22 114 0 16 30 9975
2018-09-14T06:35Z 45 3 12 113 0 16 30 9976
2018-09-14T06:40Z 90 6 18 108 0 16 34 9976
2018-09-14T06:45Z 90 10 19 103 0 16 41 9976
2018-09-14T06:50Z 45 7 19 99 0 16 47 9978
2018-09-14T06:55Z 45 6 18 96 0 16 51 9976
2018-09-14T07:00Z 45 7 18 94 0 16 55 9977
2018-09-14T07:06Z 45 10 22 93 0 16 56 9977
2018-09-14T07:11Z 45 8 22 92 0 16 57 9975
2018-09-14T07:16Z 45 9 22 92 0 16 58 9975
2018-09-14T07:21Z 45 14 27 92 0 16 58 9974
2018-09-14T07:26Z 135 12 27 91 0 14 60 9975
2018-09-14T07:31Z 45 25 54 88 0 14 59 9973
2018-09-14T07:36Z 90 21 54 87 0 13 61 9973
2018-09-14T07:41Z 135 18 44 86 0 13 62 9972
2018-09-14T07:46Z 45 18 53 85 0 13 63 9973
2018-09-14T07:51Z 135 16 53 84 0 13 62 9972
2018-09-14T07:56Z 45 16 31 84 0 13 60 9974
2018-09-14T08:01Z 135 17 31 83 0 13 53 9973
2018-09-14T08:06Z 135 16 31 82 0 13 47 9973
2018-09-14T08:11Z 135 16 31 82 0 13 47 9973
2018-09-14T08:16Z 135 12 27 82 0 13 45 9972
2018-09-14T08:21Z 135 7 22 82 0 13 45 9974
2018-09-14T08:27Z 45 11 22 82 0 13 48 9972
2018-09-14T08:32Z 135 12 22 82 0 13 48 9971
2018-09-14T08:37Z 135 7 18 82 0 13 47 9972
2018-09-14T08:42Z 180 6 18 82 0 13 46 9973
2018-09-14T08:47Z 225 8 14 83 0 13 47 9975
2018-09-14T08:52Z 225 10 18 83 0 13 49 9977
2018-09-14T08:57Z 90 6 18 83 0 13 49 9978
2018-09-14T09:02Z 90 6 18 83 0 13 49 9978
2018-09-14T09:07Z 45 11 27 83 0 13 52 9981
2018-09-14T09:12Z 45 15 31 83 0 13 52 9980
2018-09-14T09:17Z 180 17 31 83 0 13 50 9979
2018-09-14T09:22Z 45 9 29 83 0 13 48 9982
2018-09-14T09:27Z 45 3 22 83 0 13 45 9984
2018-09-14T09:32Z 45 8 22 82 0 13 42 9985
2018-09-14T09:37Z 45 13 28 81 0 13 40 9987
2018-09-14T09:42Z 45 11 28 81 0 13 39 9988
2018-09-14T09:48Z 45 3 25 80 0 13 37 9988
2018-09-14T09:53Z 45 12 22 80 0 13 38 9989
2018-09-14T09:58Z 45 9 22 80 0 13 37 9988
2018-09-14T10:03Z 45 6 22 79 0 13 36 9987
2018-09-14T10:08Z 45 5 14 79 0 13 35 9989
2018-09-14T10:13Z 45 6 13 79 0 13 34 9989
2018-09-14T10:18Z 45 4 13 79 0 13 34 9989
2018-09-14T10:23Z 45 5 14 79 0 13 33 9989
2018-09-14T10:28Z 45 3 14 79 0 13 32 9991
2018-09-14T10:33Z 45 0 9 79 0 13 32 9989
2018-09-14T10:38Z 45 2 13 79 0 13 32 9989
2018-09-14T10:43Z 45 4 13 79 0 13 32 9989
2018-09-14T10:48Z 45 8 18 79 0 13 32 9988
2018-09-14T10:53Z 45 6 18 78 0 13 32 9987
2018-09-14T10:58Z 45 6 18 78 0 13 32 9989
2018-09-14T11:04Z 45 3 14 78 0 13 32 9990
2018-09-14T11:09Z 45 3 9 78 0 13 32 9990
2018-09-14T11:14Z 45 2 9 78 0 13 32 9991
2018-09-14T11:19Z 180 4 13 78 0 11 32 9991
2018-09-14T11:24Z 45 6 13 78 0 11 32 9990
2018-09-14T11:29Z 45 5 13 78 0 11 32 9990
2018-09-14T11:34Z 45 5 12 78 1 13 32 9991
2018-09-14T11:39Z 45 4 12 78 1 13 32 9991
2018-09-14T11:44Z 90 3 12 78 1 13 32 9992
2018-09-14T11:49Z 45 4 13 78 1 13 32 9991
2018-09-14T11:54Z 45 6 13 78 1 13 32 9993
2018-09-14T11:59Z 45 6 13 78 1 11 32 9993
2018-09-14T12:04Z 45 3 13 78 1 11 32 9993
2018-09-14T12:09Z 45 2 9 78 1 11 32 9994
2018-09-14T12:14Z 45 5 13 78 2 11 32 9993
2018-09-14T12:19Z 45 5 13 78 2 11 32 9994
2018-09-14T12:25Z 45 5 13 78 2 11 32 9993
2018-09-14T12:30Z 45 3 13 78 2 11 32 9993
2018-09-14T12:35Z 45 3 13 78 1 11 32 9995
2018-09-14T12:40Z 45 3 13 78 1 10 32 9995
2018-09-14T12:45Z 45 5 14 78 1 10 32 9995
2018-09-14T12:50Z 45 3 14 78 1 10 32 9995
2018-09-14T12:55Z 45 4 13 78 1 9 32 9995
2018-09-14T13:00Z 45 5 9 78 1 9 32 9995
2018-09-14T13:05Z 45 4 9 77 1 9 32 9996
2018-09-14T13:10Z 45 4 9 77 0 7 32 9996
2018-09-14T13:15Z 45 3 9 77 0 7 32 9997
2018-09-14T13:20Z 45 5 12 77 0 6 32 9997
2018-09-14T13:25Z 90 2 12 77 0 6 32 9998
2018-09-14T13:30Z 135 2 9 77 0 6 32 9997
2018-09-14T13:35Z 45 3 12 77 0 5 32 9997
2018-09-14T13:40Z 225 3 12 77 0 5 32 9999
2018-09-14T13:46Z 45 3 9 77 1 6 32 9998
2018-09-14T13:51Z 225 6 13 77 1 5 32 9999
2018-09-14T13:56Z 45 3 13 77 1 5 32 10000
2018-09-14T14:01Z 45 3 11 77 1 5 32 9999
2018-09-14T14:06Z 45 4 9 77 1 5 32 10000
2018-09-14T14:11Z 45 6 12 77 1 5 32 10000
2018-09-14T14:16Z 45 4 12 77 1 5 32 10001
2018-09-14T14:21Z 45 2 9 77 1 5 32 10001
2018-09-14T14:26Z 45 3 9 77 1 5 32 10001
2018-09-14T14:31Z 90 2 9 77 1 5 32 10002
2018-09-14T14:36Z 45 0 8 77 1 3 32 10002
2018-09-14T14:41Z 45 0 8 77 0 3 32 10002
2018-09-14T14:46Z 45 1 8 77 0 3 32 10002
2018-09-14T14:51Z 45 1 8 77 0 3 32 10002
2018-09-14T14:56Z 45 1 8 77 0 3 32 10001
2018-09-14T15:01Z 45 3 9 77 0 3 32 10002
2018-09-14T15:07Z 45 0 9 77 0 3 32 10003
2018-09-14T15:12Z 45 0 4 77 0 3 32 10002
2018-09-14T15:17Z 90 0 7 77 0 3 33 10003
2018-09-14T15:22Z 45 0 7 77 0 3 33 10003
2018-09-14T15:27Z 270 0 4 77 0 3 33 10005
2018-09-14T15:32Z 45 1 4 77 0 3 33 10005
2018-09-14T15:37Z 45 0 4 77 0 3 33 10005
2018-09-14T15:42Z 225 0 4 77 0 3 33 10005
2018-09-14T15:47Z 45 1 4 77 0 3 33 10006
2018-09-14T15:52Z 45 2 8 77 0 3 33 10005
2018-09-14T15:57Z 45 0 8 77 0 3 33 10004
2018-09-14T16:02Z 270 0 8 77 0 3 33 10004
2018-09-14T16:07Z 45 0 4 77 0 3 33 10004
2018-09-14T16:12Z 45 1 7 77 0 3 33 10005
2018-09-14T16:17Z 45 0 7 77 0 3 33 10005
2018-09-14T16:23Z 45 0 4 77 0 3 33 10005
2018-09-14T16:28Z 45 2 8 77 0 3 33 10005
2018-09-14T16:33Z 45 3 8 77 0 3 33 10005
2018-09-14T16:38Z 45 3 11 77 0 3 33 10005
2018-09-14T16:43Z 45 2 11 77 0 3 33 10003
2018-09-14T16:48Z 45 1 8 77 0 3 33 10003
2018-09-14T16:53Z 45 0 7 77 0 3 33 10004
2018-09-14T16:58Z 45 1 7 77 0 3 33 10002
2018-09-14T17:03Z 45 0 4 77 0 3 33 10003
2018-09-14T17:08Z 45 1 6 77 0 3 33 10002
2018-09-14T17:13Z 45 0 6 77 0 3 33 10002
2018-09-14T17:18Z 45 1 7 77 0 3 34 10001
2018-09-14T17:23Z 45 0 7 77 0 3 34 10002
2018-09-14T17:28Z 45 0 7 77 0 3 34 10002
2018-09-14T17:33Z 225 0 4 77 1 5 34 10001
2018-09-14T17:38Z 180 0 4 77 1 5 34 10000
2018-09-14T17:44Z 45 0 4 77 1 5 34 9999
2018-09-14T17:49Z 45 0 3 77 1 5 34 9998
2018-09-14T17:54Z 45 0 3 77 1 5 34 9998
2018-09-14T17:59Z 45 0 0 77 1 5 34 9996
2018-09-14T18:04Z 45 0 0 77 1 5 34 9996
2018-09-14T18:09Z 45 0 0 77 1 5 34 9996
2018-09-14T18:14Z 45 0 0 77 1 5 34 9995
2018-09-14T18:19Z 45 0 0 77 1 5 34 9994
2018-09-14T18:24Z 45 0 0 77 1 5 34 9993
2018-09-14T18:29Z 45 0 3 77 1 5 34 9992
2018-09-14T18:34Z 45 0 3 77 0 5 34 9991
2018-09-14T18:39Z 225 0 3 77 0 5 34 9991
2018-09-14T18:44Z 270 0 3 77 0 5 34 9989
2018-09-14T18:49Z 45 0 3 77 0 5 34 9988
2018-09-14T18:54Z 45 0 3 77 0 5 34 9988
2018-09-14T18:59Z 45 0 3 77 0 5 34 9988
2018-09-14T19:05Z 45 1 7 77 0 5 34 9988
2018-09-14T19:10Z 45 2 7 77 0 5 34 9988
2018-09-14T19:15Z 45 3 7 77 0 5 34 9988
2018-09-14T19:20Z 45 1 7 77 0 5 34 9988
2018-09-14T19:25Z 45 3 7 77 0 5 34 9986
2018-09-14T19:30Z 45 3 7 77 0 5 34 9986
2018-09-14T19:35Z 45 3 7 77 0 5 34 9984
2018-09-14T19:40Z 45 3 11 77 0 5 34 9983
2018-09-14T19:45Z 45 3 11 77 0 5 34 9983
2018-09-14T19:50Z 45 5 10 77 0 5 34 9981
2018-09-14T19:55Z 45 4 13 77 0 5 34 9981
2018-09-14T20:00Z 45 7 16 77 0 5 34 9978
2018-09-14T20:05Z 45 4 16 77 0 5 34 9978
2018-09-14T20:10Z 45 5 16 77 0 5 34 9977
2018-09-14T20:15Z 45 6 16 77 0 5 34 9977
2018-09-14T20:20Z 45 4 14 77 0 5 34 9977
2018-09-14T20:26Z 45 3 12 77 0 5 34 9976
2018-09-14T20:31Z 45 4 12 77 0 5 34 9975
2018-09-14T20:36Z 45 2 13 77 0 5 34 9977
2018-09-14T20:41Z 45 5 13 77 0 5 34 9977
2018-09-14T20:46Z 45 5 14 77 0 5 34 9977
2018-09-14T20:51Z 45 2 14 77 0 5 34 9977
2018-09-14T20:56Z 45 3 7 77 0 5 34 9978
2018-09-14T21:01Z 45 2 10 77 0 5 34 9978
2018-09-14T21:06Z 45 3 10 77 0 5 34 9978
2018-09-14T21:11Z 45 3 9 77 0 5 34 9979
2018-09-14T21:16Z 45 5 10 77 0 5 34 9981
2018-09-14T21:21Z 45 4 11 77 0 5 34 9981
2018-09-14T21:26Z 45 3 11 77 0 5 34 9981
2018-09-14T21:31Z 45 3 6 77 0 5 34 9982
2018-09-14T21:36Z 45 3 9 77 0 5 34 9982
2018-09-14T21:42Z 90 3 9 77 0 5 34 9983
2018-09-14T21:47Z 45 2 7 77 0 5 34 9983
2018-09-14T21:52Z 225 3 6 77 0 5 34 9985
2018-09-14T21:57Z 225 1 7 77 0 5 34 9986
2018-09-14T22:02Z 225 0 7 77 0 5 33 9986
2018-09-14T22:07Z 225 1 6 77 0 5 33 9987
2018-09-14T22:12Z 225 0 6 77 0 5 33 9988
2018-09-14T22:17Z 225 0 3 77 0 5 33 9988
2018-09-14T22:22Z 270 1 6 77 0 5 33 9988
2018-09-14T22:27Z 270 1 6 77 0 5 33 9989
2018-09-14T22:32Z 45 0 6 77 0 5 33 9989
2018-09-14T22:37Z 225 2 6 77 0 5 33 9989
2018-09-14T22:42Z 135 2 6 77 0 5 33 9989
2018-09-14T22:47Z 45 1 7 77 0 5 33 9990
2018-09-14T22:52Z 45 2 7 77 0 5 33 9991
2018-09-14T22:57Z 45 1 6 77 0 5 33 9990
2018-09-14T23:03Z 90 0 6 77 0 5 33 9989
2018-09-14T23:08Z 225 1 6 78 0 5 33 9991
2018-09-14T23:13Z 225 2 6 78 0 5 33 9991
2018-09-14T23:18Z 225 1 6 78 0 5 33 9991
2018-09-14T23:23Z 225 3 6 78 0 5 33 9992
2018-09-14T23:28Z 225 2 7 78 0 5 33 9992
2018-09-14T23:33Z 45 2 7 78 0 5 33 9994
2018-09-14T23:38Z 45 1 7 78 0 5 33 9994
2018-09-14T23:43Z 45 1 7 79 0 5 33 9995
2018-09-14T23:48Z 225 1 6 79 0 5 32 9996
2018-09-14T23:53Z 225 2 6 80 0 5 32 9996
2018-09-14T23:58Z 225 1 6 81 0 5 32 9997
2018-09-15T00:03Z 45 1 7 81 0 5 32 9998
2018-09-15T00:08Z 45 1 8 81 0 5 33 10000
2018-09-15T00:13Z 90 1 7 81 0 5 32 9999
2018-09-15T00:18Z 45 3 9 81 0 5 33 10000
2018-09-15T00:24Z 45 2 9 80 0 5 32 10001
2018-09-15T00:29Z 45 1 8 80 0 5 32 10001
2018-09-15T00:34Z 45 3 9 81 0 5 33 10001
2018-09-15T00:39Z 45 3 11 81 0 5 33 10003
2018-09-15T00:44Z 45 5 12 82 0 5 34 10004
2018-09-15T00:49Z 45 3 12 82 0 5 33 10003
2018-09-15T00:54Z 45 4 13 82 0 5 34 10004
2018-09-15T00:59Z 90 3 13 82 0 5 36 10004
2018-09-15T01:04Z 45 0 9 82 0 5 35 10004
2018-09-15T01:09Z 45 4 9 83 0 5 35 10005
2018-09-15T01:14Z 45 6 9 83 0 5 36 10006
2018-09-15T01:19Z 45 3 16 83 0 5 37 10007
2018-09-15T01:24Z 45 2 16 83 0 5 37 10006
2018-09-15T01:29Z 45 7 14 84 0 5 39 10006
2018-09-15T01:34Z 90 6 18 84 0 5 41 10006
2018-09-15T01:39Z 45 10 18 85 1 6 44 10007
2018-09-15T01:45Z 90 5 18 85 1 6 45 10006
2018-09-15T01:50Z 45 3 18 86 1 6 45 10005
2018-09-15T01:55Z 45 6 13 87 1 6 50 10005
2018-09-15T02:00Z 45 1 13 88 1 6 50 10005
2018-09-15T02:05Z 45 4 10 89 1 6 56 10007
2018-09-15T02:10Z 180 6 18 89 1 6 58 10007
2018-09-15T02:15Z 45 6 18 89 1 6 58 10006
2018-09-15T02:20Z 135 11 22 88 1 6 59 10006
2018-09-15T02:25Z 135 11 22 88 1 6 59 10006
2018-09-15T02:30Z 135 11 22 88 1 6 59 10006
2018-09-15T02:35Z 45 9 21 89 1 6 60 10005
2018-09-15T02:40Z 45 7 18 90 0 6 60 10005
2018-09-15T02:45Z 45 5 18 92 0 6 59 10004
2018-09-15T02:50Z 180 10 18 93 0 6 57 10004
2018-09-15T02:55Z 45 6 22 95 0 6 54 10002
2018-09-15T03:00Z 45 5 22 97 0 6 52 10003
2018-09-15T03:06Z 225 6 18 97 0 6 51 10003
2018-09-15T03:11Z 45 4 18 97 0 6 51 10002
2018-09-15T03:16Z 45 10 18 96 0 6 53 10002
2018-09-15T03:21Z 45 10 23 95 0 6 54 10001
2018-09-15T03:26Z 45 6 23 95 0 6 54 10000
2018-09-15T03:31Z 45 8 22 94 0 6 57 10002
2018-09-15T03:36Z 45 6 22 91 0 6 60 10001
2018-09-15T03:41Z 45 5 17 88 0 6 61 10000
2018-09-15T03:46Z 45 3 13 87 0 6 59 9998
2018-09-15T03:51Z 45 3 13 87 0 6 59 9998
2018-09-15T03:56Z 180 5 13 86 0 6 57 9999
2018-09-15T04:01Z 180 9 13 86 0 6 54 9999
2018-09-15T04:06Z 225 8 14 86 0 6 56 9997
2018-09-15T04:11Z 225 4 14 87 0 6 56 9996
2018-09-15T04:16Z 180 5 13 88 0 6 57 9994
2018-09-15T04:22Z 45 4 22 91 0 6 60 9994
2018-09-15T04:27Z 45 5 22 93 0 6 60 9994
2018-09-15T04:32Z 45 11 19 96 0 6 54 9992
2018-09-15T04:37Z 90 13 31 94 0 6 54 9992
2018-09-15T04:42Z 90 13 31 94 0 6 54 9992
2018-09-15T04:47Z 90 13 31 94 0 6 54 9992
2018-09-15T04:52Z 90 13 31 94 0 6 54 9992
2018-09-15T04:57Z 90 13 31 94 0 6 54 9992
2018-09-15T05:02Z 90 13 31 94 0 6 54 9992
2018-09-15T05:07Z 90 13 31 94 0 6 54 9992
2018-09-15T05:12Z 90 13 31 94 0 6 54 9992
2018-09-15T05:17Z 90 13 31 94 0 6 54 9992
2018-09-15T05:22Z 90 13 31 94 0 6 54 9992
2018-09-15T05:27Z 90 13 31 94 0 6 54 9992
2018-09-15T05:32Z 90 13 31 94 0 6 54 9992
2018-09-15T05:37Z 90 13 31 94 0 6 54 9992
2018-09-15T05:42Z 90 13 31 94 0 6 54 9992
2018-09-15T05:47Z 90 13 31 94 0 6 54 9992
2018-09-15T05:52Z 90 13 31 94 0 6 54 9992
2018-09-15T05:57Z 90 13 31 94 0 6 54 9992
2018-09-15T06:02Z 90 13 31 94 0 6 54 9992
2018-09-15T06:07Z 90 13 31 94 0 6 54 9992
2018-09-15T06:12Z 90 13 31 94 0 6 54 9992
2018-09-15T06:17Z 90 13 31 94 0 6 54 9992
2018-09-15T06:22Z 90 13 31 94 0 6 54 9992
2018-09-15T06:28Z 45 2 12 91 0 27 57 9967
2018-09-15T06:33Z 180 2 12 93 0 27 58 9966
2018-09-15T06:38Z 45 1 12 94 0 27 58 9965
2018-09-15T06:43Z 45 2 14 96 0 27 57 9964
2018-09-15T06:48Z 45 8 16 98 0 27 51 9964
2018-09-15T06:53Z 45 10 22 101 0 27 46 9964
2018-09-15T06:58Z 45 16 28 101 0 27 45 9963
2018-09-15T07:04Z 45 11 28 101 0 27 44 9962
2018-09-15T07:09Z 225 20 27 99 0 27 47 9962
2018-09-15T07:14Z 180 16 35 98 0 27 49 9962
2018-09-15T07:19Z 90 11 35 97 0 27 49 9963
2018-09-15T07:24Z 45 14 25 98 0 27 48 9962
2018-09-15T07:29Z 45 14 27 96 0 27 50 9961
2018-09-15T07:34Z 45 8 27 95 0 27 53 9960
2018-09-15T07:39Z 45 10 22 97 0 27 49 9959
2018-09-15T07:44Z 90 7 19 97 0 27 50 9959
2018-09-15T07:49Z 180 7 19 96 0 27 51 9959
2018-09-15T07:54Z 45 9 18 96 0 27 51 9960
2018-09-15T07:59Z 45 17 28 95 0 27 51 9961
2018-09-15T08:04Z 45 30 54 92 0 27 56 9960
2018-09-15T08:09Z 45 22 54 88 0 27 60 9960
2018-09-15T08:14Z 45 19 44 87 0 27 61 9958
2018-09-15T08:20Z 45 23 48 86 0 27 61 9960
2018-09-15T08:25Z 45 22 48 85 0 27 58 9960
2018-09-15T08:30Z 45 13 47 83 1 28 49 9959
2018-09-15T08:35Z 45 10 40 82 1 28 44 9960
2018-09-15T08:40Z 45 6 30 82 1 28 44 9960
2018-09-15T08:45Z 45 6 22 82 1 28 44 9959
2018-09-15T08:50Z 45 8 22 82 1 28 44 9959
2018-09-15T08:55Z 45 9 23 82 1 28 45 9961
2018-09-15T09:00Z 45 9 24 83 1 28 47 9963
2018-09-15T09:05Z 45 10 22 83 1 28 47 9963
2018-09-15T09:10Z 45 11 22 84 1 28 49 9963
2018-09-15T09:15Z 45 7 22 84 1 28 50 9963
2018-09-15T09:20Z 45 2 16 85 1 28 50 9965
2018-09-15T09:25Z 45 6 18 85 1 28 51 9964
2018-09-15T09:30Z 45 8 18 84 0 28 50 9965
2018-09-15T09:35Z 45 8 18 84 0 28 48 9964
2018-09-15T09:41Z 135 7 16 84 0 28 47 9964
2018-09-15T09:46Z 45 2 16 83 0 28 46 9964
2018-09-15T09:51Z 45 3 15 83 0 28 44 9965
2018-09-15T09:56Z 45 2 12 83 0 28 43 9966
2018-09-15T10:01Z 45 2 10 83 0 28 43 9965
2018-09-15T10:06Z 90 8 16 82 0 28 45 9965
2018-09-15T10:11Z 45 4 16 82 0 28 44 9965
2018-09-15T10:16Z 45 7 19 82 0 28 45 9964
2018-09-15T10:21Z 45 8 19 82 0 28 44 9964
2018-09-15T10:26Z 45 8 19 82 0 28 44 9965
2018-09-15T10:31Z 45 6 19 82 0 28 43 9966
2018-09-15T10:36Z 45 7 18 82 0 28 43 9965
2018-09-15T10:41Z 45 10 20 82 0 28 43 9967
2018-09-15T10:46Z 45 10 20 82 0 28 43 9967
2018-09-15T10:51Z 45 12 25 82 0 28 43 9968
2018-09-15T10:56Z 45 8 25 81 0 28 42 9970
2018-09-15T11:02Z 45 6 17 81 0 28 42 9970
2018-09-15T11:07Z 45 4 17 81 0 28 41 9970
2018-09-15T11:12Z 180 3 17 81 0 28 40 9970
2018-09-15T11:17Z 45 3 9 81 0 28 40 9970
2018-09-15T11:22Z 45 3 9 81 0 28 39 9972
2018-09-15T11:27Z 45 4 9 81 0 28 39 9971
2018-09-15T11:32Z 45 3 8 81 0 27 38 9973
2018-09-15T11:37Z 45 3 8 81 0 27 38 9974
2018-09-15T11:42Z 45 3 10 81 0 27 38 9973
2018-09-15T11:47Z 45 6 10 80 0 27 38 9973
2018-09-15T11:52Z 45 6 10 80 0 27 38 9973
2018-09-15T11:57Z 45 3 14 80 0 27 38 9975
2018-09-15T12:02Z 45 1 10 80 0 27 38 9976
2018-09-15T12:07Z 45 5 10 80 0 26 37 9976
2018-09-15T12:12Z 45 5 10 80 0 26 38 9976
2018-09-15T12:17Z 225 4 11 80 0 26 37 9975
2018-09-15T12:23Z 180 4 11 80 0 26 37 9976
2018-09-15T12:28Z 180 3 10 80 0 26 37 9977
2018-09-15T12:33Z 45 3 9 80 0 26 37 9976
2018-09-15T12:38Z 135 3 10 80 0 26 37 9975
2018-09-15T12:43Z 135 3 10 80 0 26 36 9976
2018-09-15T12:48Z 225 2 6 80 0 26 36 9976
2018-09-15T12:53Z 225 2 6 80 0 26 36 9976
2018-09-15T12:58Z 225 3 6 80 0 26 35 9978
2018-09-15T13:03Z 45 0 6 80 0 26 35 9977
2018-09-15T13:08Z 225 0 6 80 0 26 35 9978
2018-09-15T13:13Z 45 1 6 80 0 26 35 9976
2018-09-15T13:18Z 225 0 3 79 0 26 34 9978
2018-09-15T13:23Z 225 0 3 79 0 26 34 9977
2018-09-15T13:28Z 225 0 6 79 0 26 34 9978
2018-09-15T13:33Z 45 0 6 79 0 26 34 9978
2018-09-15T13:38Z 225 0 3 79 0 24 33 9978
2018-09-15T13:44Z 45 1 6 79 0 24 33 9978
2018-09-15T13:49Z 45 0 6 79 0 24 33 9978
2018-09-15T13:54Z 45 0 3 79 0 24 33 9978
2018-09-15T13:59Z 45 1 6 79 0 24 33 9978
2018-09-15T14:04Z 45 2 6 79 0 24 33 9980
2018-09-15T14:09Z 45 2 6 79 0 24 33 9979
2018-09-15T14:14Z 45 3 9 79 0 24 34 9981
2018-09-15T14:19Z 45 1 9 79 0 24 34 9981
2018-09-15T14:24Z 45 2 9 79 0 24 34 9981
2018-09-15T14:29Z 45 4 9 80 0 24 34 9983
2018-09-15T14:34Z 45 3 15 80 0 24 34 9983
2018-09-15T14:39Z 45 3 15 80 0 24 35 9984
2018-09-15T14:44Z 45 4 15 80 0 24 35 9983
2018-09-15T14:49Z 45 4 12 80 0 24 35 9986
2018-09-15T14:54Z 45 3 9 80 0 24 35 9987
2018-09-15T15:00Z 45 2 12 80 0 24 35 9986
2018-09-15T15:05Z 45 2 12 80 0 24 35 9986
2018-09-15T15:10Z 45 1 6 80 0 24 35 9987
2018-09-15T15:15Z 45 4 11 80 0 24 35 9987
2018-09-15T15:20Z 45 2 11 79 0 24 34 9987
2018-09-15T15:25Z 45 3 6 79 0 24 34 9987
2018-09-15T15:30Z 45 3 9 79 0 24 34 9986
2018-09-15T15:35Z 45 3 9 79 0 24 34 9988
2018-09-15T15:40Z 45 2 9 79 0 24 34 9985
2018-09-15T15:45Z 45 2 9 79 0 24 34 9985
2018-09-15T15:50Z 45 2 9 79 0 24 34 9984
2018-09-15T15:55Z 45 1 9 79 0 24 34 9984
2018-09-15T16:00Z 45 0 6 79 0 24 34 9984
2018-09-15T16:05Z 45 0 6 79 0 24 34 9984
2018-09-15T16:10Z 45 2 6 79 0 24 34 9985
2018-09-15T16:15Z 45 0 6 79 0 24 34 9984
2018-09-15T16:21Z 45 0 6 79 0 24 34 9984
2018-09-15T16:26Z 45 0 9 79 0 24 34 9983
2018-09-15T16:31Z 45 0 9 79 0 24 34 9983
2018-09-15T16:36Z 45 1 6 79 0 24 34 9982
2018-09-15T16:41Z 45 1 7 79 0 24 33 9982
2018-09-15T16:46Z 45 2 7 79 0 24 33 9979
2018-09-15T16:51Z 45 1 9 79 0 24 33 9980
2018-09-15T16:56Z 45 1 9 79 0 24 33 9980
2018-09-15T17:01Z 45 1 6 79 0 24 33 9979
2018-09-15T17:06Z 45 3 8 79 0 24 33 9978
2018-09-15T17:11Z 45 0 8 79 0 24 33 9978
2018-09-15T17:16Z 45 1 6 79 0 24 33 9978
2018-09-15T17:21Z 45 1 6 79 0 24 33 9978
2018-09-15T17:26Z 45 1 6 79 0 24 33 9977
2018-09-15T17:31Z 45 2 6 79 0 23 33 9976
2018-09-15T17:36Z 45 3 6 79 0 23 33 9975
2018-09-15T17:42Z 45 3 9 79 0 23 33 9974
2018-09-15T17:47Z 45 1 9 79 0 23 33 9975
2018-09-15T17:52Z 45 3 9 79 0 23 33 9974
2018-09-15T17:57Z 45 2 9 79 0 23 33 9973
2018-09-15T18:02Z 45 3 9 79 0 23 33 9972
2018-09-15T18:07Z 45 3 9 79 0 23 33 9971
2018-09-15T18:12Z 45 3 9 79 0 23 33 9971
2018-09-15T18:17Z 45 3 9 79 0 23 33 9969
2018-09-15T18:22Z 45 2 8 79 0 23 33 9968
2018-09-15T18:27Z 45 3 9 79 0 23 33 9969
2018-09-15T18:32Z 45 4 9 79 0 23 33 9967
2018-09-15T18:37Z 45 2 9 79 0 23 33 9968
2018-09-15T18:42Z 45 3 9 79 0 23 33 9966
2018-09-15T18:47Z 45 3 9 79 0 23 34 9965
2018-09-15T18:52Z 45 3 9 79 0 23 33 9965
2018-09-15T18:57Z 45 2 9 79 0 23 33 9963
2018-09-15T19:03Z 45 3 9 78 0 23 33 9962
2018-09-15T19:08Z 45 4 12 78 0 23 33 9964
2018-09-15T19:13Z 45 4 12 78 0 23 33 9962
2018-09-15T19:18Z 45 2 12 78 0 23 33 9963
2018-09-15T19:23Z 45 3 9 78 0 23 33 9963
2018-09-15T19:28Z 45 3 12 78 0 23 33 9964
2018-09-15T19:33Z 45 3 12 78 0 23 33 9963
2018-09-15T19:38Z 45 2 9 78 0 23 33 9962
2018-09-15T19:43Z 45 0 9 78 0 23 33 9962
2018-09-15T19:48Z 135 0 9 78 0 23 33 9960
2018-09-15T19:53Z 45 2 9 78 0 23 33 9960
2018-09-15T19:58Z 45 1 6 78 0 23 33 9958
2018-09-15T20:03Z 45 2 12 78 0 23 33 9957
2018-09-15T20:08Z 45 3 12 78 0 23 33 9956
2018-09-15T20:13Z 45 2 9 78 0 23 33 9956
2018-09-15T20:19Z 45 2 9 78 0 23 33 9956
2018-09-15T20:24Z 45 3 9 78 0 23 33 9956
2018-09-15T20:29Z 45 1 9 78 0 23 33 9955
2018-09-15T20:34Z 45 3 6 78 0 23 33 9955
2018-09-15T20:39Z 45 1 6 78 0 23 33 9955
2018-09-15T20:44Z 45 1 6 78 0 23 33 9955
2018-09-15T20:49Z 45 1 6 78 0 23 33 9954
2018-09-15T20:54Z 45 0 8 78 0 23 33 9954
2018-09-15T20:59Z 45 0 8 78 0 23 33 9953
2018-09-15T21:04Z 45 1 6 78 0 23 33 9954
2018-09-15T21:09Z 45 1 6 78 0 23 33 9955
2018-09-15T21:14Z 45 0 6 78 0 23 33 9956
2018-09-15T21:19Z 45 0 6 78 0 23 33 9957
2018-09-15T21:24Z 45 0 6 78 0 23 33 9955
2018-09-15T21:29Z 45 0 6 78 0 23 33 9956
2018-09-15T21:34Z 45 4 12 78 0 23 33 9957
2018-09-15T21:40Z 45 0 12 78 0 23 33 9958
2018-09-15T21:45Z 45 3 6 78 0 23 33 9957
2018-09-15T21:50Z 45 5 9 78 0 23 33 9959
2018-09-15T21:55Z 45 3 9 78 0 23 33 9958
2018-09-15T22:00Z 45 3 12 78 0 23 33 9960
2018-09-15T22:05Z 45 3 12 78 0 23 33 9959
2018-09-15T22:10Z 45 3 12 78 0 23 33 9960
2018-09-15T22:15Z 45 1 12 78 0 23 32 9961
2018-09-15T22:20Z 45 3 9 78 0 23 32 9961
2018-09-15T22:25Z 45 1 6 78 0 23 32 9961
2018-09-15T22:30Z 45 0 6 78 0 23 32 9962
2018-09-15T22:35Z 45 2 6 78 0 23 32 9961
2018-09-15T22:40Z 45 1 6 78 0 23 32 9961
2018-09-15T22:45Z 45 3 12 78 0 23 32 9961
2018-09-15T22:50Z 45 4 12 78 0 23 32 9960
2018-09-15T22:55Z 45 3 12 78 0 23 32 9962
2018-09-15T23:01Z 45 2 9 79 0 23 32 9961
2018-09-15T23:06Z 45 2 9 79 0 23 32 9962
2018-09-15T23:11Z 45 3 9 79 0 23 32 9962
2018-09-15T23:16Z 45 0 9 79 0 23 32 9963
2018-09-15T23:21Z 45 2 9 79 0 23 32 9963
2018-09-15T23:26Z 45 3 9 80 0 23 32 9963
2018-09-15T23:31Z 45 2 9 80 0 23 32 9964
2018-09-15T23:36Z 45 3 9 80 0 23 32 9965
2018-09-15T23:41Z 45 3 9 80 0 23 33 9965
2018-09-15T23:46Z 45 1 9 80 0 23 33 9966
2018-09-15T23:51Z 45 5 12 81 0 23 33 9967
2018-09-15T23:56Z 45 5 15 82 0 23 34 9967
2018-09-16T00:01Z 45 4 15 82 0 23 36 9967
2018-09-16T00:06Z 45 1 12 83 0 23 37 9968
2018-09-16T00:11Z 45 5 13 85 0 23 42 9968
2018-09-16T00:16Z 45 4 13 85 0 23 45 9969
2018-09-16T00:22Z 45 6 14 86 0 23 48 9970
2018-09-16T00:27Z 45 5 14 86 0 23 49 9971
2018-09-16T00:32Z 45 9 22 86 0 23 50 9971
2018-09-16T00:37Z 45 14 25 85 0 23 50 9972
2018-09-16T00:42Z 45 12 26 85 0 23 49 9972
2018-09-16T00:47Z 180 12 26 85 0 23 49 9973
2018-09-16T00:52Z 45 11 23 85 0 23 48 9973
2018-09-16T00:57Z 45 9 22 85 0 23 48 9975
2018-09-16T01:02Z 45 7 22 86 0 23 50 9975
2018-09-16T01:07Z 45 5 17 86 0 23 51 9976
2018-09-16T01:12Z 45 10 24 86 0 23 53 9976
2018-09-16T01:17Z 45 6 24 86 0 23 53 9976
2018-09-16T01:22Z 45 12 25 86 0 23 55 9977
2018-09-16T01:27Z 45 8 25 87 0 23 55 9977
2018-09-16T01:32Z 45 15 31 87 0 23 56 9977
2018-09-16T01:38Z 135 15 31 87 0 22 56 9976
2018-09-16T01:43Z 90 9 31 87 0 22 56 9978
2018-09-16T01:48Z 45 13 27 88 0 22 57 9977
2018-09-16T01:53Z 90 12 27 89 0 22 57 9978
2018-09-16T01:58Z 45 20 40 88 0 22 58 9978
2018-09-16T02:03Z 45 16 40 87 0 22 58 9978
2018-09-16T02:08Z 45 14 39 88 0 22 58 9979
2018-09-16T02:13Z 45 9 35 89 0 22 58 9979
2018-09-16T02:18Z 180 16 35 89 0 22 59 9977
2018-09-16T02:23Z 45 10 34 89 0 22 59 9976
2018-09-16T02:28Z 90 9 31 90 0 22 59 9974
2018-09-16T02:33Z 45 15 31 90 0 22 59 9976
2018-09-16T02:38Z 45 19 38 91 0 22 58 9975
2018-09-16T02:43Z 45 22 40 91 0 22 59 9976
2018-09-16T02:48Z 45 15 40 91 0 22 58 9975
2018-09-16T02:53Z 135 18 37 91 0 22 58 9974
2018-09-16T02:59Z 45 10 37 90 0 22 59 9975
2018-09-16T03:04Z 45 18 34 90 0 22 59 9974
2018-09-16T03:09Z 45 17 34 92 0 22 58 9974
2018-09-16T03:14Z 45 18 35 93 0 22 56 9974
2018-09-16T03:19Z 45 18 40 94 0 22 55 9972
2018-09-16T03:24Z 45 18 40 93 0 22 55 9971
2018-09-16T03:29Z 45 18 39 92 0 22 58 9971
2018-09-16T03:34Z 45 14 39 89 1 23 60 9971
2018-09-16T03:39Z 45 12 36 88 1 23 59 9970
2018-09-16T03:44Z 45 16 30 88 1 23 59 9968
2018-09-16T03:49Z 45 7 30 91 1 23 60 9967
2018-09-16T03:54Z 45 11 33 94 1 23 56 9967
2018-09-16T03:59Z 90 18 45 92 1 23 58 9966
2018-09-16T04:04Z 90 22 48 89 1 23 60 9968
2018-09-16T04:09Z 135 12 48 88 1 23 61 9966
2018-09-16T04:14Z 135 14 28 90 1 23 61 9966
2018-09-16T04:20Z 45 11 28 94 1 23 57 9966
2018-09-16T04:25Z 45 19 34 96 1 23 53 9965
2018-09-16T04:30Z 45 18 36 97 1 23 51 9964
2018-09-16T04:35Z 135 18 40 94 0 23 55 9963
2018-09-16T04:40Z 45 18 45 92 0 7 57 9963
2018-09-16T04:45Z 45 14 45 93 0 6 57 9962
2018-09-16T04:50Z 45 14 39 94 0 3 55 9962
2018-09-16T04:55Z 45 18 37 97 0 3 51 9961
2018-09-16T05:00Z 45 18 37 98 0 3 49 9960
2018-09-16T05:05Z 45 15 40 97 0 2 50 9957
2018-09-16T05:10Z 45 15 40 98 0 2 49 9956
2018-09-16T05:15Z 90 20 40 98 0 2 49 9953
2018-09-16T05:20Z 45 20 44 96 0 2 52 9954
2018-09-16T05:25Z 225 24 54 91 0 2 60 9954
2018-09-16T05:30Z 225 21 54 86 1 3 61 9953
2018-09-16T05:35Z 225 13 37 85 1 3 57 9952
2018-09-16T05:41Z 180 14 33 88 1 3 59 9952
2018-09-16T05:46Z 45 2 27 90 1 3 61 9950
2018-09-16T05:51Z 45 1 18 91 1 3 61 9950
2018-09-16T05:56Z 45 3 9 93 1 3 60 9949
2018-09-16T06:01Z 135 15 31 92 2 5 60 9948
2018-09-16T06:06Z 45 16 37 90 2 5 62 9947
2018-09-16T06:11Z 90 23 49 89 2 5 62 9948
2018-09-16T06:16Z 90 23 49 86 2 5 62 9947
2018-09-16T06:21Z 45 17 46 84 5 7 50 9946
2018-09-16T06:26Z 45 14 46 85 5 7 43 9945
2018-09-16T06:31Z 45 14 46 85 5 7 43 9945
2018-09-16T06:36Z 45 11 36 88 3 7 56 9941
2018-09-16T06:41Z 45 13 47 86 6 10 53 9941
2018-09-16T06:46Z 45 13 47 84 10 14 42 9942
2018-09-16T06:51Z 45 12 37 83 10 14 39 9940
2018-09-16T06:56Z 45 12 37 83 10 14 39 9940
2018-09-16T07:01Z 45 12 37 83 10 14 39 9940
2018-09-16T07:06Z 45 12 37 83 10 14 39 9940
2018-09-16T07:12Z 45 14 34 83 9 14 37 9942
2018-09-16T07:17Z 45 14 34 83 9 14 37 9942
2018-09-16T07:22Z 45 14 34 83 9 14 37 9942
2018-09-16T07:27Z 45 14 34 83 9 14 37 9942
2018-09-16T07:32Z 45 14 34 83 9 14 37 9942
2018-09-16T07:37Z 45 14 34 83 9 14 37 9942
2018-09-16T07:42Z 45 14 34 83 9 14 37 9942
2018-09-16T07:47Z 45 14 34 83 9 14 37 9942
2018-09-16T07:52Z 45 14 34 83 9 14 37 9942
2018-09-16T07:57Z 45 14 34 83 9 14 37 9942
2018-09-16T08:02Z 45 14 34 83 9 14 37 9942
2018-09-16T08:07Z 45 14 34 83 9 14 37 9942
2018-09-16T08:12Z 45 14 34 83 9 14 37 9942
2018-09-16T08:17Z 45 14 34 83 9 14 37 9942
2018-09-16T08:23Z 45 10 31 85 1 14 42 9943
2018-09-16T08:28Z 45 15 34 82 15 28 38 9943
2018-09-16T08:33Z 45 7 34 80 16 29 33 9947
2018-09-16T08:38Z 45 6 22 80 16 29 32 9947
2018-09-16T08:43Z 45 7 22 79 16 29 32 9947
2018-09-16T08:48Z 45 8 19 79 18 31 32 9948
2018-09-16T08:53Z 45 7 17 79 18 31 33 9945
2018-09-16T08:58Z 45 8 18 79 18 31 33 9943
