2018-08-25T07:41Z 45 14 26 100 0 0 42 9974
2018-08-25T07:46Z 45 7 37 99 0 0 44 9973
2018-08-25T07:51Z 45 11 37 101 0 0 42 9974
2018-08-25T07:56Z 90 18 37 101 0 0 41 9971
2018-08-25T08:01Z 45 12 37 100 0 0 43 9971
2018-08-25T08:06Z 45 11 34 100 0 0 43 9973
2018-08-25T08:11Z 45 13 44 99 0 0 44 9972
2018-08-25T08:16Z 45 18 44 98 0 0 45 9973
2018-08-25T08:21Z 45 9 35 98 0 0 46 9973
2018-08-25T08:26Z 45 9 27 98 0 0 46 9973
2018-08-25T08:31Z 45 16 38 98 0 0 45 9975
2018-08-25T08:36Z 45 16 39 97 0 0 46 9973
2018-08-25T08:41Z 45 15 48 97 0 0 47 9974
2018-08-25T08:46Z 90 18 48 96 0 0 47 9974
2018-08-25T08:51Z 45 12 31 95 0 0 49 9975
2018-08-25T08:57Z 45 6 25 96 0 0 49 9975
2018-08-25T09:02Z 45 8 34 95 0 0 50 9975
2018-08-25T09:07Z 45 9 34 95 0 0 50 9975
2018-08-25T09:12Z 45 19 36 95 0 0 50 9975
2018-08-25T09:17Z 45 12 36 94 0 0 51 9975
2018-08-25T09:22Z 45 21 48 93 0 0 51 9974
2018-08-25T09:27Z 90 12 48 93 0 0 52 9974
2018-08-25T09:32Z 45 15 28 93 0 0 52 9973
2018-08-25T09:37Z 45 9 36 93 0 0 53 9973
2018-08-25T09:42Z 45 15 43 93 0 0 53 9972
2018-08-25T09:47Z 45 9 43 92 0 0 54 9973
2018-08-25T09:52Z 45 9 36 92 0 0 54 9971
2018-08-25T09:57Z 45 18 38 91 0 0 54 9973
2018-08-25T10:02Z 45 13 45 91 0 0 55 9972
2018-08-25T10:07Z 90 12 45 90 0 0 55 9974
2018-08-25T10:12Z 45 13 46 90 0 0 56 9975
2018-08-25T10:17Z 45 9 46 90 0 0 56 9975
2018-08-25T10:22Z 45 12 33 89 0 0 57 9976
2018-08-25T10:28Z 45 18 31 89 0 0 57 9976
2018-08-25T10:33Z 45 8 31 88 0 0 57 9978
2018-08-25T10:38Z 45 9 28 88 0 0 57 9979
2018-08-25T10:43Z 45 8 18 88 0 0 57 9980
2018-08-25T10:48Z 45 9 19 88 0 0 57 9981
2018-08-25T10:53Z 90 7 22 87 0 0 57 9981
2018-08-25T10:58Z 90 9 25 87 0 0 57 9983
2018-08-25T11:03Z 135 15 31 87 0 0 58 9983
2018-08-25T11:08Z 45 12 33 86 0 0 57 9983
2018-08-25T11:13Z 180 9 27 86 0 0 57 9984
2018-08-25T11:18Z 180 18 32 86 0 0 57 9985
2018-08-25T11:23Z 45 13 32 86 0 0 57 9985
2018-08-25T11:28Z 90 12 31 86 0 0 57 9986
2018-08-25T11:33Z 45 8 31 86 0 0 57 9986
2018-08-25T11:38Z 90 9 27 86 0 0 56 9987
2018-08-25T11:43Z 45 12 23 85 0 0 56 9987
2018-08-25T11:48Z 45 14 23 85 0 0 55 9987
2018-08-25T11:53Z 135 15 27 85 0 0 53 9986
2018-08-25T11:59Z 45 9 29 85 0 0 52 9988
2018-08-25T12:04Z 45 10 29 85 0 0 52 9988
2018-08-25T12:09Z 90 17 31 85 0 0 51 9989
2018-08-25T12:14Z 45 18 40 85 0 0 52 9991
2018-08-25T12:19Z 45 12 40 85 0 0 52 9988
2018-08-25T12:24Z 90 13 38 85 0 0 52 9990
2018-08-25T12:29Z 45 10 38 84 0 0 52 9989
2018-08-25T12:34Z 45 18 30 84 0 0 52 9991
2018-08-25T12:39Z 45 7 30 84 0 0 51 9992
2018-08-25T12:44Z 45 12 22 84 0 0 50 9992
2018-08-25T12:49Z 90 12 22 84 0 0 49 9992
2018-08-25T12:54Z 45 15 31 84 0 0 48 9991
2018-08-25T12:59Z 45 13 31 84 0 0 46 9992
2018-08-25T13:04Z 180 17 28 84 0 0 45 9993
2018-08-25T13:09Z 45 15 32 84 0 0 45 9995
2018-08-25T13:14Z 135 17 35 84 0 0 45 9995
2018-08-25T13:19Z 45 11 35 84 0 0 45 9996
2018-08-25T13:24Z 45 18 34 84 0 0 45 9997
2018-08-25T13:30Z 45 11 34 83 0 0 45 9997
2018-08-25T13:35Z 45 9 28 83 0 0 45 9998
2018-08-25T13:40Z 45 12 25 83 0 0 45 10000
2018-08-25T13:45Z 90 12 28 83 0 0 44 10000
2018-08-25T13:50Z 90 9 28 83 0 0 43 10001
2018-08-25T13:55Z 90 12 24 83 0 0 41 10001
2018-08-25T14:00Z 90 9 23 83 0 0 40 10003
2018-08-25T14:05Z 45 13 24 83 0 0 39 10003
2018-08-25T14:10Z 45 9 24 83 0 0 38 10005
2018-08-25T14:15Z 45 12 31 83 0 0 38 10005
2018-08-25T14:20Z 45 12 31 83 0 0 37 10004
2018-08-25T14:25Z 135 11 24 83 0 0 36 10005
2018-08-25T14:30Z 45 6 22 83 0 0 35 10006
2018-08-25T14:35Z 45 12 23 82 0 0 34 10006
2018-08-25T14:40Z 45 16 33 82 0 0 33 10006
2018-08-25T14:45Z 45 12 33 82 0 0 32 10006
2018-08-25T14:50Z 45 13 28 82 0 0 32 10006
2018-08-25T14:55Z 90 11 28 82 0 0 31 10006
2018-08-25T15:01Z 135 5 24 82 0 0 31 10008
2018-08-25T15:06Z 45 9 28 82 0 0 32 10007
2018-08-25T15:11Z 90 8 28 82 0 0 31 10008
2018-08-25T15:16Z 135 8 20 82 0 0 31 10007
2018-08-25T15:21Z 135 8 18 82 0 0 31 10008
2018-08-25T15:26Z 45 7 21 82 0 0 31 10008
2018-08-25T15:31Z 135 9 21 81 0 0 31 10006
2018-08-25T15:36Z 135 9 19 81 0 0 30 10006
2018-08-25T15:41Z 180 12 28 81 0 0 30 10005
2018-08-25T15:46Z 45 14 28 81 0 0 30 10004
2018-08-25T15:51Z 45 8 28 81 0 0 31 10005
2018-08-25T15:56Z 45 9 27 81 0 0 30 10007
2018-08-25T16:01Z 45 12 30 81 0 0 30 10007
2018-08-25T16:06Z 45 10 30 81 0 0 30 10006
2018-08-25T16:11Z 45 8 25 81 0 0 30 10006
2018-08-25T16:16Z 135 9 24 81 0 0 30 10006
2018-08-25T16:21Z 45 6 18 81 0 0 30 10006
2018-08-25T16:26Z 135 6 15 81 0 0 29 10005
2018-08-25T16:32Z 90 7 16 81 0 0 29 10004
2018-08-25T16:37Z 180 7 18 80 0 0 29 10002
2018-08-25T16:42Z 135 6 18 80 0 0 29 10002
2018-08-25T16:47Z 135 8 18 80 0 0 29 10002
2018-08-25T16:52Z 135 9 18 80 0 0 29 10001
2018-08-25T16:57Z 45 6 22 80 0 0 29 10001
2018-08-25T17:02Z 45 8 22 80 0 0 29 9998
2018-08-25T17:07Z 90 10 18 80 0 0 30 9998
2018-08-25T17:12Z 135 7 18 80 0 0 29 9997
2018-08-25T17:17Z 135 9 18 80 0 0 29 9997
2018-08-25T17:22Z 90 9 18 80 0 0 29 9996
2018-08-25T17:27Z 45 12 25 80 0 0 29 9996
2018-08-25T17:32Z 90 12 25 80 0 0 29 9994
2018-08-25T17:37Z 45 12 27 80 0 0 29 9994
2018-08-25T17:42Z 45 12 27 80 0 0 29 9993
2018-08-25T17:47Z 90 11 26 80 0 0 29 9991
2018-08-25T17:52Z 135 9 23 80 0 0 29 9992
2018-08-25T17:57Z 180 10 20 80 0 0 29 9991
2018-08-25T18:03Z 90 7 20 80 0 0 29 9992
2018-08-25T18:08Z 45 8 18 80 0 0 29 9991
2018-08-25T18:13Z 45 7 16 80 0 0 29 9990
2018-08-25T18:18Z 90 6 15 80 0 0 29 9990
2018-08-25T18:23Z 225 9 17 80 0 0 29 9991
2018-08-25T18:28Z 45 10 19 80 0 0 30 9989
2018-08-25T18:33Z 90 11 19 80 0 0 30 9989
2018-08-25T18:38Z 90 6 18 80 0 0 30 9987
2018-08-25T18:43Z 180 9 18 80 0 0 30 9986
2018-08-25T18:48Z 180 9 18 80 0 0 30 9986
2018-08-25T18:53Z 45 9 18 80 0 0 31 9984
2018-08-25T18:58Z 45 9 19 80 0 0 31 9984
2018-08-25T19:03Z 45 10 24 80 0 0 31 9984
2018-08-25T19:08Z 135 11 24 80 0 0 31 9984
2018-08-25T19:13Z 135 6 21 80 0 0 31 9982
2018-08-25T19:18Z 45 6 15 80 0 0 31 9982
2018-08-25T19:23Z 45 6 15 80 0 0 31 9982
2018-08-25T19:28Z 45 8 18 80 0 0 31 9982
2018-08-25T19:34Z 45 6 18 80 0 0 31 9980
2018-08-25T19:39Z 180 6 15 80 0 0 31 9980
2018-08-25T19:44Z 45 7 22 80 0 0 31 9979
2018-08-25T19:49Z 45 6 22 80 0 0 30 9979
2018-08-25T19:54Z 45 8 15 80 0 0 30 9978
2018-08-25T19:59Z 135 8 19 80 0 0 30 9979
2018-08-25T20:04Z 135 10 20 80 0 0 30 9978
2018-08-25T20:09Z 45 4 20 80 0 0 30 9977
2018-08-25T20:14Z 90 7 18 80 0 0 30 9978
2018-08-25T20:19Z 45 3 17 80 0 0 30 9978
2018-08-25T20:24Z 45 5 15 80 0 0 30 9978
2018-08-25T20:29Z 90 7 15 80 0 0 30 9979
2018-08-25T20:34Z 45 8 22 80 0 0 29 9980
2018-08-25T20:39Z 45 6 22 80 0 0 29 9981
2018-08-25T20:44Z 45 6 16 80 0 0 29 9980
2018-08-25T20:49Z 90 11 18 80 0 0 29 9979
2018-08-25T20:54Z 45 9 18 80 0 0 29 9981
2018-08-25T20:59Z 45 12 25 80 0 0 29 9981
2018-08-25T21:05Z 45 9 25 80 0 0 29 9981
2018-08-25T21:10Z 45 9 25 81 0 0 29 9982
2018-08-25T21:15Z 90 6 25 81 0 0 29 9982
2018-08-25T21:20Z 135 6 15 80 0 0 29 9982
2018-08-25T21:25Z 45 4 17 80 0 0 29 9983
2018-08-25T21:30Z 45 8 17 81 0 0 29 9982
2018-08-25T21:35Z 90 8 21 81 0 0 29 9983
2018-08-25T21:40Z 45 5 21 80 0 0 28 9984
2018-08-25T21:45Z 45 6 18 80 0 0 28 9984
2018-08-25T21:50Z 45 4 15 80 0 0 28 9986
2018-08-25T21:55Z 45 8 17 80 0 0 28 9987
2018-08-25T22:00Z 45 8 17 80 0 0 28 9986
2018-08-25T22:05Z 90 6 15 80 0 0 28 9986
2018-08-25T22:10Z 45 6 17 80 0 0 28 9986
2018-08-25T22:15Z 45 8 17 80 0 0 28 9987
2018-08-25T22:20Z 45 8 18 81 0 0 28 9987
2018-08-25T22:25Z 90 3 18 81 0 0 28 9988
2018-08-25T22:30Z 90 6 12 80 0 0 28 9989
2018-08-25T22:35Z 45 6 12 80 0 0 28 9987
2018-08-25T22:41Z 135 6 16 80 0 0 28 9988
2018-08-25T22:46Z 45 7 16 80 0 0 28 9988
2018-08-25T22:51Z 45 7 18 81 0 0 28 9989
2018-08-25T22:56Z 45 9 18 81 0 0 28 9989
2018-08-25T23:01Z 45 6 18 81 0 0 28 9990
2018-08-25T23:06Z 45 9 18 81 0 0 28 9990
2018-08-25T23:11Z 45 8 22 81 0 0 28 9991
2018-08-25T23:16Z 45 8 22 81 0 0 28 9992
2018-08-25T23:21Z 45 9 18 81 0 0 28 9991
2018-08-25T23:26Z 45 12 20 81 0 0 28 9992
2018-08-25T23:31Z 90 6 20 82 0 0 28 9994
2018-08-25T23:36Z 45 5 16 82 0 0 29 9993
2018-08-25T23:41Z 45 5 15 82 0 0 29 9996
2018-08-25T23:46Z 45 3 12 82 0 0 29 9997
2018-08-25T23:51Z 45 6 15 83 0 0 30 9996
2018-08-25T23:56Z 180 9 19 83 0 0 30 9998
2018-08-26T00:01Z 45 12 27 83 0 0 30 9999
2018-08-26T00:06Z 45 8 27 83 0 0 30 9998
2018-08-26T00:12Z 45 14 25 83 0 0 31 10001
2018-08-26T00:17Z 90 6 25 83 0 0 31 10000
2018-08-26T00:22Z 45 10 30 83 0 0 31 10000
2018-08-26T00:27Z 45 9 31 83 0 0 33 10002
2018-08-26T00:32Z 135 16 31 83 0 0 36 10004
2018-08-26T00:37Z 135 17 31 83 0 0 35 10002
2018-08-26T00:42Z 135 10 31 83 0 0 33 10003
2018-08-26T00:47Z 90 19 35 82 0 0 35 10001
2018-08-26T00:52Z 45 20 35 81 0 0 33 10001
2018-08-26T00:57Z 45 9 34 81 0 0 32 10001
2018-08-26T01:02Z 45 9 27 81 0 0 32 10002
2018-08-26T01:07Z 135 12 27 81 0 0 35 10001
2018-08-26T01:12Z 45 5 27 82 0 0 35 10001
2018-08-26T01:17Z 45 4 15 82 0 0 36 10001
2018-08-26T01:22Z 90 5 15 83 0 0 38 10002
2018-08-26T01:27Z 45 7 19 84 0 0 42 10002
2018-08-26T01:32Z 90 8 19 85 0 0 45 10002
2018-08-26T01:37Z 90 6 16 86 0 0 49 10002
2018-08-26T01:43Z 90 5 15 89 0 0 50 10002
2018-08-26T01:48Z 135 6 25 91 0 0 53 10002
2018-08-26T01:53Z 45 5 25 93 0 0 53 10002
2018-08-26T01:58Z 45 5 16 97 0 0 52 10002
2018-08-26T02:03Z 45 12 30 97 0 0 49 10000
2018-08-26T02:08Z 180 11 30 96 0 0 50 10002
2018-08-26T02:13Z 45 12 30 96 0 0 51 10003
2018-08-26T02:18Z 45 11 30 96 0 0 51 10001
2018-08-26T02:23Z 90 14 29 96 0 0 51 10001
2018-08-26T02:28Z 45 6 29 98 0 0 51 10001
2018-08-26T02:33Z 45 12 33 100 0 0 46 10001
2018-08-26T02:38Z 45 17 33 100 0 0 46 9999
2018-08-26T02:43Z 90 14 32 99 0 0 46 9997
2018-08-26T02:48Z 90 25 44 99 0 0 46 9999
2018-08-26T02:53Z 45 13 44 98 0 0 48 9999
2018-08-26T02:58Z 45 12 42 98 0 0 48 9999
2018-08-26T03:03Z 45 15 36 100 0 0 46 9998
2018-08-26T03:08Z 45 9 40 100 0 0 44 9999
2018-08-26T03:14Z 45 12 40 101 0 0 44 9999
2018-08-26T03:19Z 45 27 44 100 0 0 46 9998
2018-08-26T03:24Z 45 24 44 98 0 0 48 9997
2018-08-26T03:29Z 45 15 40 98 0 0 49 9998
2018-08-26T03:34Z 45 5 38 99 0 0 46 9998
2018-08-26T03:39Z 45 13 34 100 0 0 45 9998
2018-08-26T03:44Z 45 10 31 99 0 0 45 9997
2018-08-26T03:49Z 45 10 31 99 0 0 46 9996
2018-08-26T03:54Z 135 8 30 99 0 0 46 9996
2018-08-26T03:59Z 45 7 30 100 0 0 45 9996
2018-08-26T04:04Z 45 15 31 100 0 0 44 9994
2018-08-26T04:09Z 45 9 31 99 0 0 45 9993
2018-08-26T04:14Z 45 9 29 100 0 0 45 9993
2018-08-26T04:19Z 90 9 29 101 0 0 42 9991
2018-08-26T04:24Z 45 10 29 101 0 0 42 9991
2018-08-26T04:29Z 45 12 24 102 0 0 42 9990
2018-08-26T04:34Z 45 9 22 101 0 0 42 9991
2018-08-26T04:39Z 45 5 21 100 0 0 45 9989
2018-08-26T04:45Z 90 8 17 98 0 0 47 9989
2018-08-26T04:50Z 135 4 17 98 0 0 49 9987
2018-08-26T04:55Z 45 6 21 100 0 0 46 9986
2018-08-26T05:00Z 90 6 21 102 0 0 43 9986
2018-08-26T05:05Z 45 10 19 102 0 0 42 9983
2018-08-26T05:10Z 45 7 20 102 0 0 42 9983
2018-08-26T05:15Z 45 8 20 100 0 0 43 9983
2018-08-26T05:20Z 45 9 20 101 0 0 45 9982
2018-08-26T05:25Z 45 15 27 100 0 0 44 9980
2018-08-26T05:30Z 90 12 27 100 0 0 46 9979
2018-08-26T05:35Z 90 10 31 100 0 0 45 9978
2018-08-26T05:40Z 45 11 31 101 0 0 43 9977
2018-08-26T05:45Z 90 9 25 102 0 0 42 9977
2018-08-26T05:50Z 90 13 21 102 0 0 43 9976
2018-08-26T05:55Z 45 7 21 103 0 0 42 9975
2018-08-26T06:00Z 45 3 21 103 0 0 42 9974
2018-08-26T06:05Z 90 6 18 103 0 0 42 9974
2018-08-26T06:10Z 45 8 23 103 0 0 42 9975
2018-08-26T06:16Z 45 7 23 103 0 0 43 9974
2018-08-26T06:21Z 45 8 21 103 0 0 42 9974
2018-08-26T06:26Z 45 7 19 105 0 0 40 9973
2018-08-26T06:31Z 90 7 24 102 0 0 43 9972
2018-08-26T06:36Z 135 9 24 101 0 0 44 9971
2018-08-26T06:41Z 45 6 16 101 0 0 44 9971
2018-08-26T06:46Z 45 3 18 101 0 0 44 9972
2018-08-26T06:51Z 45 9 18 102 0 0 41 9970
2018-08-26T06:56Z 45 8 23 102 0 0 41 9972
2018-08-26T07:01Z 45 8 29 101 0 0 41 9971
2018-08-26T07:06Z 45 11 29 99 0 0 42 9970
2018-08-26T07:11Z 45 8 28 99 0 0 44 9969
2018-08-26T07:16Z 45 10 22 99 0 0 43 9969
2018-08-26T07:21Z 45 9 29 98 0 0 46 9970
2018-08-26T07:26Z 45 9 29 98 0 0 45 9970
2018-08-26T07:31Z 45 8 25 98 0 0 45 9970
2018-08-26T07:36Z 90 12 31 98 0 0 45 9970
2018-08-26T07:41Z 90 12 31 98 0 0 46 9969
2018-08-26T07:47Z 90 15 40 95 0 0 48 9969
2018-08-26T07:52Z 90 7 40 94 0 0 50 9968
2018-08-26T07:57Z 45 6 24 94 0 0 50 9967
2018-08-26T08:02Z 90 8 24 94 0 0 50 9967
2018-08-26T08:07Z 45 12 29 94 0 0 50 9967
2018-08-26T08:12Z 45 9 29 94 0 0 50 9967
2018-08-26T08:17Z 45 7 25 95 0 0 50 9966
2018-08-26T08:22Z 45 7 24 95 0 0 49 9967
2018-08-26T08:27Z 45 8 24 95 0 0 49 9965
2018-08-26T08:32Z 90 16 29 95 0 0 49 9966
2018-08-26T08:37Z 90 15 37 93 0 0 51 9966
2018-08-26T08:42Z 45 9 37 93 0 0 52 9966
2018-08-26T08:47Z 45 9 32 93 0 0 52 9966
2018-08-26T08:52Z 90 5 32 93 0 0 51 9967
2018-08-26T08:57Z 90 14 33 92 0 0 52 9967
2018-08-26T09:02Z 45 7 33 92 0 0 53 9967
2018-08-26T09:07Z 45 9 24 91 0 0 54 9966
2018-08-26T09:12Z 45 7 24 91 0 0 55 9967
2018-08-26T09:18Z 45 5 22 90 0 0 55 9967
2018-08-26T09:23Z 45 4 18 90 0 0 55 9966
2018-08-26T09:28Z 45 6 12 90 0 0 56 9966
2018-08-26T09:33Z 45 7 17 89 0 0 56 9966
2018-08-26T09:38Z 45 6 17 89 0 0 56 9967
2018-08-26T09:43Z 45 7 16 89 0 0 56 9968
2018-08-26T09:48Z 45 9 16 88 0 0 56 9967
2018-08-26T09:53Z 45 8 16 88 0 0 55 9966
2018-08-26T09:58Z 45 9 17 88 0 0 54 9966
2018-08-26T10:03Z 45 9 18 87 0 0 54 9968
2018-08-26T10:08Z 45 10 18 87 0 0 53 9968
2018-08-26T10:13Z 90 10 18 86 0 0 52 9967
2018-08-26T10:18Z 45 8 22 86 0 0 51 9967
2018-08-26T10:23Z 45 3 22 86 0 0 51 9967
2018-08-26T10:28Z 45 6 16 86 0 0 51 9968
2018-08-26T10:33Z 45 6 16 86 0 0 50 9969
2018-08-26T10:38Z 135 6 13 86 0 0 50 9969
2018-08-26T10:43Z 135 3 13 85 0 0 49 9970
2018-08-26T10:49Z 45 4 13 85 0 0 48 9971
2018-08-26T10:54Z 180 4 14 85 0 0 47 9971
2018-08-26T10:59Z 45 3 14 85 0 0 47 9975
2018-08-26T11:04Z 45 4 13 85 0 0 46 9974
2018-08-26T11:09Z 45 2 9 85 0 0 45 9975
2018-08-26T11:14Z 135 3 11 84 0 0 45 9975
2018-08-26T11:19Z 135 3 11 84 0 0 44 9974
2018-08-26T11:24Z 45 2 7 84 0 0 44 9975
2018-08-26T11:29Z 45 2 7 84 0 0 44 9975
2018-08-26T11:34Z 45 3 7 84 0 0 44 9975
2018-08-26T11:39Z 90 6 13 84 0 0 44 9975
2018-08-26T11:44Z 90 3 13 84 0 0 43 9975
2018-08-26T11:49Z 90 5 18 84 0 0 41 9976
2018-08-26T11:54Z 45 6 18 83 0 0 39 9976
2018-08-26T11:59Z 135 6 15 83 0 0 36 9978
2018-08-26T12:04Z 90 6 15 82 0 0 35 9978
2018-08-26T12:09Z 45 3 15 82 0 0 34 9978
2018-08-26T12:14Z 90 6 12 82 0 0 33 9981
2018-08-26T12:20Z 45 6 13 82 0 0 33 9980
2018-08-26T12:25Z 135 7 21 82 0 0 33 9980
2018-08-26T12:30Z 45 8 22 82 0 0 33 9982
2018-08-26T12:35Z 45 16 30 83 0 0 40 9983
2018-08-26T12:40Z 135 13 37 82 0 0 39 9983
2018-08-26T12:45Z 45 15 36 81 0 0 35 9985
2018-08-26T12:50Z 45 11 24 79 0 0 34 9987
2018-08-26T12:55Z 45 7 18 79 0 0 32 9987
2018-08-26T13:00Z 45 6 16 78 0 0 31 9986
2018-08-26T13:05Z 90 5 13 78 0 0 31 9986
2018-08-26T13:10Z 90 3 13 78 0 0 31 9985
2018-08-26T13:15Z 45 4 9 78 0 0 31 9985
2018-08-26T13:20Z 45 2 9 78 0 0 31 9985
2018-08-26T13:25Z 90 1 8 78 0 0 31 9987
2018-08-26T13:30Z 135 1 6 78 0 0 30 9987
2018-08-26T13:35Z 45 2 7 78 0 0 30 9988
2018-08-26T13:40Z 45 4 11 78 0 0 30 9990
2018-08-26T13:45Z 180 3 11 79 0 0 30 9991
2018-08-26T13:51Z 45 2 8 79 0 0 30 9992
2018-08-26T13:56Z 180 3 6 79 0 0 30 9993
2018-08-26T14:01Z 45 2 6 79 0 0 30 9993
2018-08-26T14:06Z 45 3 6 79 0 0 29 9996
2018-08-26T14:11Z 45 4 11 79 0 0 29 9996
2018-08-26T14:16Z 45 1 11 79 0 0 29 9997
2018-08-26T14:21Z 45 0 7 79 0 0 29 9998
2018-08-26T14:26Z 90 3 7 79 0 0 29 9999
2018-08-26T14:31Z 90 1 7 79 0 0 29 9999
2018-08-26T14:36Z 45 1 7 79 0 0 29 10000
2018-08-26T14:41Z 45 0 7 79 0 0 29 10000
2018-08-26T14:46Z 45 0 3 79 0 0 29 10002
2018-08-26T14:51Z 45 1 4 79 0 0 29 10003
2018-08-26T14:56Z 45 0 7 79 0 0 29 10003
2018-08-26T15:01Z 45 1 9 79 0 0 28 10003
2018-08-26T15:06Z 45 1 9 80 0 0 28 10004
2018-08-26T15:11Z 45 3 9 80 0 0 28 10004
2018-08-26T15:16Z 45 2 8 80 0 0 28 10004
2018-08-26T15:21Z 45 3 12 80 0 0 28 10005
2018-08-26T15:27Z 45 0 12 80 0 0 28 10005
2018-08-26T15:32Z 45 3 11 80 0 0 28 10005
2018-08-26T15:37Z 45 3 11 80 0 0 28 10002
2018-08-26T15:42Z 45 3 10 80 0 0 28 10001
2018-08-26T15:47Z 45 3 10 80 0 0 28 10001
2018-08-26T15:52Z 45 3 9 80 0 0 28 10001
2018-08-26T15:57Z 45 4 9 81 0 0 28 9999
2018-08-26T16:02Z 45 2 10 81 0 0 28 9998
2018-08-26T16:07Z 45 3 9 81 0 0 28 9998
2018-08-26T16:12Z 45 5 12 81 0 0 28 9997
2018-08-26T16:17Z 45 6 18 81 0 0 28 9996
2018-08-26T16:22Z 45 6 24 81 0 0 28 9997
2018-08-26T16:27Z 45 6 24 81 0 0 28 9995
2018-08-26T16:32Z 45 7 16 81 0 0 28 9994
2018-08-26T16:37Z 45 3 16 81 0 0 28 9994
2018-08-26T16:42Z 45 4 12 81 0 0 28 9993
2018-08-26T16:47Z 45 6 12 81 0 0 28 9991
2018-08-26T16:52Z 45 4 12 81 0 0 28 9994
2018-08-26T16:58Z 45 9 24 81 0 0 28 9993
2018-08-26T17:03Z 45 6 24 81 0 0 28 9993
2018-08-26T17:08Z 45 4 17 81 0 0 28 9991
2018-08-26T17:13Z 45 6 18 80 0 0 28 9993
2018-08-26T17:18Z 45 11 21 80 0 0 28 9992
2018-08-26T17:23Z 90 12 22 81 0 0 28 9991
2018-08-26T17:28Z 45 7 22 81 0 0 28 9992
2018-08-26T17:33Z 45 11 21 80 0 0 28 9991
2018-08-26T17:38Z 45 10 21 80 0 0 28 9992
2018-08-26T17:43Z 135 9 21 80 0 0 28 9992
2018-08-26T17:48Z 90 10 24 80 0 0 28 9991
2018-08-26T17:53Z 90 12 24 80 0 0 27 9991
2018-08-26T17:58Z 90 7 21 80 0 0 27 9988
2018-08-26T18:03Z 45 6 18 80 0 0 27 9989
2018-08-26T18:08Z 45 6 18 80 0 0 27 9989
2018-08-26T18:13Z 45 5 18 80 0 0 27 9989
2018-08-26T18:18Z 45 3 15 80 0 0 27 9988
2018-08-26T18:23Z 90 6 12 80 0 0 27 9988
2018-08-26T18:29Z 45 6 14 80 0 0 27 9987
2018-08-26T18:34Z 45 8 14 80 0 0 27 9988
2018-08-26T18:39Z 45 10 18 80 0 0 27 9988
2018-08-26T18:44Z 45 9 18 80 0 0 27 9989
2018-08-26T18:49Z 45 7 16 80 0 0 27 9988
2018-08-26T18:54Z 45 9 16 80 0 0 27 9988
2018-08-26T18:59Z 45 6 17 80 0 0 27 9988
2018-08-26T19:04Z 45 7 17 80 0 0 27 9987
2018-08-26T19:09Z 45 9 15 80 0 0 27 9986
2018-08-26T19:14Z 90 6 15 80 0 0 27 9986
2018-08-26T19:19Z 45 8 19 80 0 0 27 9986
2018-08-26T19:24Z 90 8 19 80 0 0 27 9985
2018-08-26T19:29Z 45 6 18 80 0 0 27 9985
2018-08-26T19:34Z 45 6 18 80 0 0 27 9984
2018-08-26T19:39Z 45 8 17 80 0 0 27 9984
2018-08-26T19:44Z 45 10 18 80 0 0 27 9983
2018-08-26T19:49Z 135 11 22 80 0 0 27 9984
2018-08-26T19:54Z 45 9 22 80 0 0 27 9985
2018-08-26T20:00Z 45 7 17 80 0 0 27 9985
2018-08-26T20:05Z 90 6 17 80 0 0 27 9986
2018-08-26T20:10Z 45 6 15 80 0 0 27 9986
2018-08-26T20:15Z 45 7 15 80 0 0 27 9986
2018-08-26T20:20Z 45 6 20 80 0 0 27 9987
2018-08-26T20:25Z 180 9 20 80 0 0 27 9988
2018-08-26T20:30Z 90 7 20 80 0 0 27 9987
2018-08-26T20:35Z 45 3 20 80 0 0 27 9987
2018-08-26T20:40Z 45 7 17 79 0 0 27 9988
2018-08-26T20:45Z 45 8 17 79 0 0 27 9988
2018-08-26T20:50Z 45 6 17 80 0 0 27 9989
2018-08-26T20:55Z 45 6 14 79 0 0 27 9990
2018-08-26T21:00Z 45 6 16 80 0 0 27 9989
2018-08-26T21:05Z 45 6 16 80 0 0 27 9990
2018-08-26T21:10Z 45 3 13 80 0 0 27 9990
2018-08-26T21:15Z 45 4 13 79 0 0 27 9988
2018-08-26T21:20Z 45 3 13 79 0 0 27 9989
2018-08-26T21:25Z 45 5 13 79 0 0 27 9988
2018-08-26T21:31Z 45 4 12 79 0 0 27 9989
2018-08-26T21:36Z 45 6 12 79 0 0 27 9990
2018-08-26T21:41Z 90 6 15 79 0 0 27 9990
2018-08-26T21:46Z 180 9 18 79 0 0 27 9990
2018-08-26T21:51Z 45 8 18 80 0 0 27 9992
2018-08-26T21:56Z 135 6 18 80 0 0 27 9991
2018-08-26T22:01Z 135 9 17 80 0 0 27 9991
2018-08-26T22:06Z 135 6 17 80 0 0 27 9992
2018-08-26T22:11Z 45 8 16 80 0 0 27 9991
2018-08-26T22:16Z 45 6 13 80 0 0 27 9993
2018-08-26T22:26Z 45 5 15 80 0 0 27 9993
2018-08-26T22:31Z 135 6 15 80 0 0 27 9994
2018-08-26T22:36Z 90 5 15 80 0 0 27 9996
2018-08-26T22:41Z 45 4 15 80 0 0 27 9996
2018-08-26T22:46Z 90 6 14 80 0 0 27 9996
2018-08-26T22:51Z 135 5 14 80 0 0 27 9996
2018-08-26T22:56Z 45 5 14 80 0 0 27 9996
2018-08-26T23:02Z 45 3 14 80 0 0 27 9996
2018-08-26T23:07Z 45 2 14 80 0 0 27 9996
2018-08-26T23:12Z 45 4 12 80 0 0 27 9995
2018-08-26T23:17Z 45 1 13 80 0 0 27 9996
2018-08-26T23:22Z 45 1 13 81 0 0 27 9997
2018-08-26T23:27Z 45 1 9 81 0 0 27 9999
2018-08-26T23:32Z 45 0 9 81 0 0 27 10000
2018-08-26T23:37Z 45 2 7 82 0 0 27 10001
2018-08-26T23:42Z 45 3 9 82 0 0 27 10001
2018-08-26T23:47Z 45 3 13 82 0 0 27 10001
2018-08-26T23:52Z 45 2 13 83 0 0 27 10003
2018-08-26T23:57Z 90 5 18 83 0 0 28 10003
2018-08-27T00:02Z 90 12 25 83 0 0 30 10003
2018-08-27T00:07Z 45 9 25 83 0 0 30 10003
2018-08-27T00:12Z 90 6 18 84 0 0 30 10004
2018-08-27T00:17Z 45 6 16 84 0 0 31 10006
2018-08-27T00:22Z 90 3 14 85 0 0 31 10005
2018-08-27T00:27Z 45 7 17 85 0 0 33 10007
2018-08-27T00:33Z 45 5 17 86 0 0 35 10009
2018-08-27T00:38Z 45 6 20 87 0 0 38 10007
2018-08-27T00:43Z 45 4 20 87 0 0 39 10007
2018-08-27T00:48Z 45 6 18 88 0 0 43 10007
2018-08-27T00:53Z 45 8 22 88 0 0 46 10008
2018-08-27T00:58Z 45 11 25 88 0 0 50 10009
2018-08-27T01:03Z 45 11 25 89 0 0 51 10008
2018-08-27T01:08Z 45 10 28 89 0 0 50 10010
2018-08-27T01:13Z 90 16 31 89 0 0 51 10010
2018-08-27T01:18Z 45 7 31 89 0 0 51 10010
2018-08-27T01:23Z 45 9 23 91 0 0 53 10011
2018-08-27T01:28Z 45 9 23 93 0 0 54 10013
2018-08-27T01:33Z 45 9 33 94 0 0 53 10012
2018-08-27T01:38Z 90 15 40 94 0 0 53 10010
2018-08-27T01:43Z 45 8 40 95 0 0 52 10010
2018-08-27T01:48Z 45 12 29 96 0 0 51 10011
2018-08-27T01:53Z 45 9 35 95 0 0 52 10011
2018-08-27T01:58Z 45 17 35 95 0 0 51 10013
2018-08-27T02:04Z 135 13 37 94 0 0 52 10011
2018-08-27T02:09Z 45 16 37 94 0 0 52 10011
2018-08-27T02:14Z 45 17 28 95 0 0 51 10012
2018-08-27T02:19Z 90 11 30 96 0 0 50 10012
2018-08-27T02:24Z 45 16 31 99 0 0 46 10013
2018-08-27T02:29Z 90 14 34 101 0 0 43 10014
2018-08-27T02:34Z 45 18 40 102 0 0 42 10012
2018-08-27T02:39Z 90 9 40 102 0 0 43 10013
2018-08-27T02:44Z 90 12 36 103 0 0 42 10014
2018-08-27T02:49Z 90 25 43 100 0 0 44 10013
2018-08-27T02:54Z 90 12 43 98 0 0 47 10012
2018-08-27T02:59Z 45 19 40 100 0 0 44 10012
2018-08-27T03:04Z 45 14 39 101 0 0 44 10012
2018-08-27T03:09Z 45 12 28 101 0 0 43 10012
2018-08-27T03:14Z 45 19 40 100 0 0 44 10012
2018-08-27T03:19Z 90 18 49 100 0 0 44 10010
2018-08-27T03:24Z 90 18 49 104 0 0 41 10010
2018-08-27T03:29Z 45 15 40 105 0 0 39 10010
2018-08-27T03:35Z 45 27 59 105 0 0 38 10011
2018-08-27T03:40Z 135 22 59 104 0 0 39 10011
2018-08-27T03:45Z 45 34 57 102 0 0 41 10012
2018-08-27T03:50Z 90 25 57 100 0 0 43 10011
2018-08-27T03:55Z 45 21 54 102 0 0 42 10010
2018-08-27T04:00Z 45 20 49 103 0 0 40 10009
2018-08-27T04:05Z 45 18 46 103 0 0 40 10009
2018-08-27T04:10Z 45 22 52 101 0 0 43 10006
2018-08-27T04:15Z 45 19 52 102 0 0 42 10006
2018-08-27T04:20Z 45 18 51 106 0 0 38 10005
2018-08-27T04:25Z 45 22 61 106 0 0 37 10007
2018-08-27T04:30Z 45 18 61 105 0 0 38 10005
2018-08-27T04:35Z 45 20 44 105 0 0 37 10005
2018-08-27T04:40Z 45 12 40 106 0 0 38 10004
2018-08-27T04:45Z 45 15 36 106 0 0 39 10003
2018-08-27T04:50Z 45 18 36 106 0 0 38 10003
2018-08-27T04:55Z 45 10 36 103 0 0 41 9999
2018-08-27T05:00Z 45 34 63 98 0 0 46 9998
2018-08-27T05:06Z 45 32 64 94 0 0 53 10001
2018-08-27T05:11Z 45 26 64 92 0 0 54 10004
2018-08-27T05:16Z 45 25 62 89 0 0 54 10000
2018-08-27T05:21Z 90 15 62 89 0 0 55 9998
2018-08-27T05:26Z 45 27 58 91 0 0 55 9997
2018-08-27T05:31Z 45 22 58 93 0 0 54 9999
2018-08-27T05:36Z 45 16 53 96 0 0 51 9996
2018-08-27T05:41Z 90 29 50 97 0 0 46 9996
2018-08-27T05:46Z 90 26 65 97 0 0 48 9995
2018-08-27T05:51Z 45 29 65 97 0 0 47 9996
2018-08-27T05:56Z 90 17 54 97 0 0 47 9995
2018-08-27T06:01Z 45 32 53 96 0 0 48 9993
2018-08-27T06:06Z 45 18 53 98 0 0 46 9995
2018-08-27T06:11Z 45 30 50 97 0 0 47 9992
2018-08-27T06:16Z 45 28 60 96 0 0 46 9995
2018-08-27T06:21Z 90 25 60 95 0 0 48 9992
2018-08-27T06:26Z 45 26 58 94 0 0 49 9992
2018-08-27T06:31Z 45 34 58 95 0 0 46 9990
2018-08-27T06:36Z 135 27 56 96 0 0 45 9993
2018-08-27T06:42Z 45 23 56 96 0 0 46 9990
2018-08-27T06:47Z 45 20 49 96 0 0 47 9990
2018-08-27T06:52Z 45 20 49 96 0 0 46 9990
2018-08-27T06:57Z 45 17 44 98 0 0 45 9989
2018-08-27T07:02Z 45 18 41 98 0 0 45 9989
2018-08-27T07:07Z 45 18 48 99 0 0 44 9988
2018-08-27T07:12Z 45 32 57 97 0 0 45 9989
2018-08-27T07:17Z 45 32 57 96 0 0 46 9986
2018-08-27T07:22Z 45 17 56 97 0 0 46 9986
2018-08-27T07:27Z 45 25 50 97 0 0 45 9986
2018-08-27T07:32Z 45 18 45 97 0 0 47 9985
2018-08-27T07:37Z 45 22 53 96 0 0 47 9985
2018-08-27T07:42Z 45 20 53 95 0 0 48 9985
2018-08-27T07:47Z 45 18 50 95 0 0 49 9984
2018-08-27T07:52Z 45 21 45 94 0 0 49 9985
2018-08-27T07:57Z 45 16 45 94 0 0 51 9985
2018-08-27T08:02Z 45 25 45 93 0 0 51 9982
2018-08-27T08:07Z 45 21 40 93 0 0 51 9983
2018-08-27T08:13Z 45 13 40 93 0 0 52 9982
2018-08-27T08:18Z 45 15 37 93 0 0 52 9983
2018-08-27T08:23Z 45 16 37 93 0 0 53 9982
2018-08-27T08:28Z 90 12 31 93 0 0 53 9981
2018-08-27T08:33Z 90 21 45 92 0 0 53 9981
2018-08-27T08:38Z 135 15 45 92 0 0 54 9980
2018-08-27T08:43Z 45 20 37 91 0 0 54 9981
2018-08-27T08:48Z 135 18 40 91 0 0 55 9979
2018-08-27T08:53Z 45 19 40 90 0 0 56 9980
2018-08-27T08:58Z 45 14 38 90 0 0 57 9980
2018-08-27T09:03Z 90 7 37 89 0 0 57 9982
2018-08-27T09:08Z 45 16 32 89 0 0 57 9980
2018-08-27T09:13Z 90 14 32 89 0 0 58 9982
2018-08-27T09:18Z 45 12 32 89 0 0 58 9980
2018-08-27T09:23Z 45 8 28 89 0 0 58 9983
2018-08-27T09:28Z 45 17 31 88 0 0 58 9982
2018-08-27T09:33Z 45 4 31 88 0 0 58 9982
2018-08-27T09:38Z 45 9 27 88 0 0 58 9982
2018-08-27T09:44Z 90 18 31 88 0 0 58 9982
2018-08-27T09:49Z 90 7 31 88 0 0 58 9983
2018-08-27T09:54Z 45 9 27 87 0 0 58 9984
2018-08-27T09:59Z 45 10 27 87 0 0 58 9986
2018-08-27T10:04Z 45 5 22 87 0 0 58 9986
2018-08-27T10:09Z 45 11 28 87 0 0 58 9984
2018-08-27T10:14Z 90 6 28 87 0 0 58 9984
2018-08-27T10:19Z 45 9 22 87 0 0 58 9985
2018-08-27T10:24Z 45 6 22 86 0 0 58 9986
2018-08-27T10:29Z 45 10 22 86 0 0 57 9986
2018-08-27T10:34Z 90 17 31 86 0 0 57 9987
2018-08-27T10:39Z 180 15 31 86 0 0 57 9989
2018-08-27T10:44Z 45 15 31 86 0 0 57 9988
2018-08-27T10:49Z 45 9 31 85 0 0 56 9989
2018-08-27T10:54Z 135 11 20 85 0 0 54 9990
2018-08-27T10:59Z 45 11 21 85 0 0 53 9990
2018-08-27T11:04Z 45 6 21 85 0 0 52 9991
2018-08-27T11:09Z 45 8 19 85 0 0 52 9992
2018-08-27T11:15Z 45 11 21 85 0 0 52 9994
2018-08-27T11:20Z 90 6 24 85 0 0 52 9995
2018-08-27T11:25Z 45 5 24 84 0 0 51 9995
2018-08-27T11:30Z 45 3 15 84 0 0 51 9995
2018-08-27T11:35Z 45 6 13 84 0 0 51 9996
2018-08-27T11:40Z 45 5 13 84 0 0 51 9996
2018-08-27T11:45Z 45 3 12 84 0 0 49 9996
2018-08-27T11:50Z 45 4 9 83 0 0 48 9996
2018-08-27T11:55Z 45 4 15 83 0 0 46 9996
2018-08-27T12:00Z 45 11 22 83 0 0 45 9994
2018-08-27T12:05Z 45 2 25 83 0 0 45 9996
2018-08-27T12:10Z 45 10 25 83 0 0 45 9997
2018-08-27T12:15Z 45 6 22 83 0 0 45 9998
2018-08-27T12:20Z 45 9 20 83 0 0 46 9999
2018-08-27T12:25Z 90 11 27 83 0 0 50 9999
2018-08-27T12:30Z 45 13 27 83 0 0 52 10003
2018-08-27T12:35Z 45 9 23 83 0 0 52 10001
2018-08-27T12:40Z 45 6 22 83 0 0 52 10002
2018-08-27T12:46Z 45 8 19 83 0 0 52 10004
2018-08-27T12:51Z 45 10 19 83 0 0 52 10005
2018-08-27T12:56Z 45 6 18 83 0 0 51 10006
2018-08-27T13:01Z 45 7 18 83 0 0 51 10008
2018-08-27T13:06Z 45 2 15 83 0 0 49 10008
2018-08-27T13:11Z 90 0 9 83 0 0 48 10009
2018-08-27T13:16Z 45 2 9 83 0 0 46 10009
2018-08-27T13:21Z 45 1 9 82 0 0 43 10010
2018-08-27T13:26Z 45 3 9 82 0 0 41 10011
2018-08-27T13:31Z 45 3 9 82 0 0 38 10011
2018-08-27T13:36Z 45 1 11 82 0 0 38 10010
2018-08-27T13:41Z 45 1 11 82 0 0 36 10011
2018-08-27T13:46Z 45 0 9 81 0 0 37 10012
2018-08-27T13:51Z 45 1 7 81 0 0 35 10012
2018-08-27T13:56Z 45 1 7 81 0 0 34 10011
2018-08-27T14:01Z 45 3 7 81 0 0 33 10013
2018-08-27T14:06Z 45 3 11 81 0 0 33 10015
2018-08-27T14:11Z 45 2 12 81 0 0 33 10015
2018-08-27T14:17Z 45 3 12 81 0 0 32 10017
2018-08-27T14:22Z 45 1 9 81 0 0 32 10019
2018-08-27T14:27Z 45 2 9 80 0 0 32 10019
2018-08-27T14:32Z 45 5 15 80 0 0 31 10021
2018-08-27T14:37Z 45 3 15 80 0 0 30 10022
2018-08-27T14:42Z 45 1 15 80 0 0 30 10024
2018-08-27T14:47Z 45 4 15 80 0 0 30 10023
2018-08-27T14:52Z 45 4 15 80 0 0 30 10024
2018-08-27T14:57Z 45 3 15 80 0 0 30 10024
2018-08-27T15:02Z 45 3 14 80 0 0 30 10025
2018-08-27T15:07Z 45 1 11 80 0 0 30 10025
2018-08-27T15:12Z 45 1 11 80 0 0 30 10026
2018-08-27T15:17Z 45 1 7 80 0 0 31 10025
2018-08-27T15:22Z 45 1 9 80 0 0 31 10026
2018-08-27T15:27Z 45 1 9 80 0 0 31 10025
2018-08-27T15:32Z 45 1 9 80 0 0 32 10025
2018-08-27T15:37Z 45 0 7 80 0 0 32 10024
2018-08-27T15:42Z 45 1 7 80 0 0 32 10024
2018-08-27T15:48Z 45 2 5 80 0 0 32 10025
2018-08-27T15:53Z 45 2 6 80 0 0 32 10025
2018-08-27T15:58Z 45 0 8 80 0 0 32 10024
2018-08-27T16:03Z 45 0 8 80 0 0 32 10024
2018-08-27T16:08Z 45 1 4 80 0 0 32 10022
2018-08-27T16:13Z 45 1 6 80 0 0 32 10022
2018-08-27T16:18Z 45 2 9 80 0 0 32 10023
2018-08-27T16:23Z 45 6 15 80 0 0 32 10022
2018-08-27T16:28Z 90 6 15 80 0 0 32 10022
2018-08-27T16:33Z 45 4 15 80 0 0 32 10021
2018-08-27T16:38Z 45 8 15 80 0 0 33 10021
2018-08-27T16:43Z 45 6 15 80 0 0 33 10020
2018-08-27T16:48Z 45 3 13 80 0 0 33 10019
2018-08-27T16:53Z 45 6 15 80 0 0 32 10017
2018-08-27T16:58Z 45 3 15 80 0 0 32 10019
2018-08-27T17:03Z 45 4 9 80 0 0 32 10019
2018-08-27T17:08Z 45 2 9 80 0 0 32 10019
2018-08-27T17:13Z 45 3 9 80 0 0 32 10018
2018-08-27T17:19Z 45 1 7 79 0 0 31 10019
2018-08-27T17:24Z 45 1 9 79 0 0 31 10018
2018-08-27T17:29Z 45 2 9 79 0 0 31 10017
2018-08-27T17:34Z 45 2 15 79 0 0 31 10015
2018-08-27T17:39Z 45 1 8 79 0 0 30 10015
2018-08-27T17:44Z 45 2 6 79 0 0 30 10015
2018-08-27T17:49Z 45 1 6 79 0 0 30 10014
2018-08-27T17:54Z 45 3 11 79 0 0 30 10014
2018-08-27T17:59Z 45 1 11 79 0 0 30 10014
2018-08-27T18:04Z 45 2 9 79 0 0 30 10015
2018-08-27T18:09Z 45 1 9 79 0 0 29 10015
2018-08-27T18:14Z 45 1 9 79 0 0 29 10015
2018-08-27T18:19Z 45 2 8 79 0 0 29 10014
2018-08-27T18:24Z 45 2 7 79 0 0 29 10015
2018-08-27T18:29Z 45 4 9 79 0 0 29 10014
2018-08-27T18:34Z 45 6 15 79 0 0 29 10013
2018-08-27T18:39Z 45 7 17 79 0 0 29 10013
2018-08-27T18:44Z 45 3 17 79 0 0 29 10014
2018-08-27T18:50Z 45 2 9 79 0 0 29 10014
2018-08-27T18:55Z 45 6 15 79 0 0 29 10015
2018-08-27T19:00Z 45 1 15 79 0 0 29 10014
2018-08-27T19:05Z 45 1 9 79 0 0 29 10014
2018-08-27T19:10Z 45 1 8 79 0 0 29 10014
2018-08-27T19:15Z 45 2 8 78 0 0 29 10013
2018-08-27T19:20Z 45 2 9 78 0 0 29 10012
2018-08-27T19:25Z 45 3 9 78 0 0 29 10012
2018-08-27T19:30Z 45 3 9 78 0 0 29 10012
2018-08-27T19:35Z 45 3 11 78 0 0 29 10011
2018-08-27T19:40Z 45 3 11 78 0 0 29 10011
2018-08-27T19:45Z 45 2 12 78 0 0 29 10010
2018-08-27T19:50Z 45 2 12 78 0 0 29 10011
2018-08-27T19:55Z 45 3 11 78 0 0 29 10010
2018-08-27T20:00Z 45 1 9 78 0 0 29 10009
2018-08-27T20:05Z 45 3 10 78 0 0 29 10009
2018-08-27T20:10Z 45 2 10 78 0 0 29 10007
2018-08-27T20:15Z 45 0 8 78 0 0 29 10008
2018-08-27T20:21Z 45 1 8 78 0 0 29 10007
2018-08-27T20:26Z 45 4 12 78 0 0 29 10007
2018-08-27T20:31Z 45 1 12 78 0 0 29 10008
2018-08-27T20:36Z 45 1 12 78 0 0 28 10006
2018-08-27T20:41Z 45 0 12 78 0 0 28 10007
2018-08-27T20:46Z 45 0 9 78 0 0 28 10007
2018-08-27T20:51Z 45 2 9 78 0 0 28 10007
2018-08-27T20:56Z 45 2 9 78 0 0 28 10008
2018-08-27T21:01Z 45 2 9 78 0 0 28 10007
2018-08-27T21:06Z 45 1 7 78 0 0 28 10007
2018-08-27T21:11Z 45 0 7 78 0 0 28 10007
2018-08-27T21:16Z 45 0 7 78 0 0 28 10005
2018-08-27T21:21Z 45 6 12 78 0 0 28 10006
2018-08-27T21:26Z 45 3 12 78 0 0 28 10006
2018-08-27T21:31Z 45 3 11 78 0 0 28 10006
2018-08-27T21:36Z 45 4 12 78 0 0 28 10005
2018-08-27T21:41Z 45 3 13 78 0 0 28 10005
2018-08-27T21:46Z 45 0 13 79 0 0 28 10007
2018-08-27T21:52Z 45 0 5 79 0 0 28 10006
2018-08-27T21:57Z 45 1 6 78 0 0 28 10004
2018-08-27T22:02Z 45 0 6 78 0 0 28 10007
2018-08-27T22:07Z 45 7 15 79 0 0 28 10006
2018-08-27T22:12Z 45 0 15 79 0 0 28 10006
2018-08-27T22:17Z 45 3 9 79 0 0 28 10006
2018-08-27T22:22Z 45 5 12 79 0 0 28 10008
2018-08-27T22:27Z 45 8 18 79 0 0 28 10009
2018-08-27T22:32Z 90 6 18 79 0 0 28 10009
2018-08-27T22:37Z 135 8 15 79 0 0 28 10010
2018-08-27T22:42Z 45 6 15 79 0 0 28 10011
2018-08-27T22:47Z 45 7 13 79 0 0 28 10011
2018-08-27T22:52Z 45 8 14 79 0 0 28 10013
2018-08-27T22:57Z 45 6 15 79 0 0 28 10013
2018-08-27T23:02Z 135 9 18 80 0 0 28 10014
2018-08-27T23:07Z 45 8 18 80 0 0 28 10012
2018-08-27T23:12Z 45 6 18 80 0 0 28 10013
2018-08-27T23:17Z 45 8 23 80 0 0 28 10014
2018-08-27T23:22Z 45 12 23 80 0 0 28 10017
2018-08-27T23:28Z 45 15 44 79 0 0 28 10016
2018-08-27T23:33Z 45 5 44 78 0 0 28 10016
2018-08-27T23:38Z 90 9 32 78 0 0 28 10017
2018-08-27T23:43Z 45 3 20 78 0 0 28 10016
2018-08-27T23:48Z 90 3 15 78 0 0 29 10015
2018-08-27T23:53Z 45 3 15 78 0 0 29 10015
2018-08-27T23:58Z 45 5 13 78 0 0 28 10016
2018-08-28T00:03Z 45 1 13 78 0 0 28 10016
2018-08-28T00:08Z 90 5 13 78 0 0 28 10017
2018-08-28T00:13Z 135 5 12 78 0 0 28 10019
2018-08-28T00:18Z 45 3 12 79 0 0 28 10019
2018-08-28T00:23Z 45 0 6 79 0 0 28 10019
2018-08-28T00:28Z 135 1 6 80 0 0 28 10019
2018-08-28T00:33Z 45 0 6 80 0 0 28 10021
2018-08-28T00:38Z 45 1 6 81 0 0 30 10022
2018-08-28T00:43Z 45 1 6 81 0 0 30 10023
2018-08-28T00:48Z 180 0 6 82 0 0 30 10024
2018-08-28T00:53Z 45 1 6 82 0 0 34 10025
2018-08-28T00:59Z 45 2 6 83 0 0 37 10024
2018-08-28T01:04Z 45 0 9 84 0 0 37 10026
2018-08-28T01:09Z 45 1 9 86 0 0 43 10026
2018-08-28T01:14Z 45 4 12 88 0 0 53 10025
2018-08-28T01:19Z 45 3 12 90 0 0 53 10026
2018-08-28T01:24Z 45 0 11 93 0 0 54 10025
2018-08-28T01:29Z 45 5 11 97 0 0 49 10025
2018-08-28T01:34Z 45 2 11 98 0 0 49 10026
2018-08-28T01:39Z 45 3 11 100 0 0 45 10026
2018-08-28T01:44Z 90 1 16 101 0 0 43 10025
2018-08-28T01:49Z 45 3 16 102 0 0 42 10025
2018-08-28T01:54Z 45 3 15 103 0 0 40 10024
2018-08-28T01:59Z 45 3 15 104 0 0 38 10024
2018-08-28T02:04Z 45 7 18 104 0 0 37 10024
2018-08-28T02:09Z 45 3 18 104 0 0 37 10023
2018-08-28T02:14Z 45 3 17 106 0 0 37 10023
2018-08-28T02:19Z 45 6 17 107 0 0 35 10024
2018-08-28T02:24Z 45 8 19 106 0 0 35 10025
2018-08-28T02:30Z 45 11 22 105 0 0 35 10025
2018-08-28T02:35Z 135 10 25 103 0 0 37 10024
2018-08-28T02:40Z 45 8 31 102 0 0 39 10025
2018-08-28T02:45Z 45 8 31 103 0 0 38 10024
2018-08-28T02:50Z 45 4 23 104 0 0 38 10024
2018-08-28T02:55Z 90 11 28 104 0 0 38 10024
2018-08-28T03:00Z 135 19 34 102 0 0 39 10024
2018-08-28T03:05Z 135 22 47 100 0 0 41 10023
2018-08-28T03:10Z 90 16 47 99 0 0 43 10024
2018-08-28T03:15Z 45 27 44 100 0 0 42 10024
2018-08-28T03:20Z 45 18 44 99 0 0 43 10024
2018-08-28T03:25Z 45 13 42 102 0 0 41 10025
2018-08-28T03:30Z 45 14 34 102 0 0 40 10022
2018-08-28T03:35Z 45 13 41 102 0 0 41 10024
2018-08-28T03:40Z 45 12 41 102 0 0 41 10025
2018-08-28T03:45Z 45 7 23 104 0 0 40 10024
2018-08-28T03:50Z 90 12 40 105 0 0 38 10023
2018-08-28T03:55Z 90 10 40 105 0 0 38 10022
2018-08-28T04:01Z 45 14 31 105 0 0 38 10022
2018-08-28T04:06Z 45 7 28 108 0 0 36 10022
2018-08-28T04:11Z 45 15 36 109 0 0 33 10022
2018-08-28T04:16Z 45 18 37 105 0 0 37 10021
2018-08-28T04:21Z 90 12 44 104 0 0 38 10019
2018-08-28T04:26Z 45 13 44 104 0 0 38 10018
2018-08-28T04:31Z 45 24 53 102 0 0 40 10018
2018-08-28T04:36Z 45 17 53 102 0 0 39 10019
2018-08-28T04:41Z 45 15 40 103 0 0 37 10018
2018-08-28T04:46Z 45 14 39 105 0 0 34 10018
2018-08-28T04:51Z 45 15 38 106 0 0 33 10018
2018-08-28T04:56Z 45 16 38 107 0 0 33 10018
2018-08-28T05:01Z 45 18 46 105 0 0 34 10018
2018-08-28T05:06Z 45 12 46 106 0 0 33 10016
2018-08-28T05:11Z 45 14 44 107 0 0 33 10016
2018-08-28T05:16Z 90 13 44 107 0 0 33 10015
2018-08-28T05:21Z 90 12 32 106 0 0 34 10013
2018-08-28T05:26Z 45 16 42 107 0 0 33 10016
2018-08-28T05:32Z 45 12 42 107 0 0 33 10013
2018-08-28T05:37Z 45 15 32 107 0 0 34 10012
2018-08-28T05:42Z 45 15 40 105 0 0 34 10013
2018-08-28T05:47Z 45 10 40 104 0 0 35 10011
2018-08-28T05:52Z 45 15 30 105 0 0 34 10011
2018-08-28T05:57Z 45 12 31 105 0 0 35 10010
2018-08-28T06:02Z 90 18 32 107 0 0 33 10010
2018-08-28T06:07Z 45 19 43 107 0 0 32 10010
2018-08-28T06:12Z 45 21 46 107 0 0 32 10010
2018-08-28T06:17Z 45 17 46 108 0 0 31 10009
2018-08-28T06:22Z 45 18 37 106 0 0 33 10011
2018-08-28T06:27Z 90 22 46 105 0 0 34 10010
2018-08-28T06:32Z 90 18 46 104 0 0 34 10009
2018-08-28T06:37Z 45 22 53 104 0 0 34 10008
2018-08-28T06:42Z 45 28 53 103 0 0 34 10006
2018-08-28T06:47Z 45 21 50 102 0 0 36 10005
2018-08-28T06:52Z 45 21 44 102 0 0 37 10005
2018-08-28T06:57Z 90 13 40 102 0 0 38 10005
2018-08-28T07:03Z 45 16 47 103 0 0 36 10004
2018-08-28T07:08Z 45 22 47 102 0 0 36 10005
2018-08-28T07:13Z 90 13 38 100 0 0 39 10004
2018-08-28T07:18Z 45 15 40 101 0 0 38 10004
2018-08-28T07:23Z 45 21 45 100 0 0 39 10003
2018-08-28T07:28Z 45 20 45 100 0 0 39 10005
2018-08-28T07:33Z 45 18 46 100 0 0 39 10004
2018-08-28T07:38Z 45 15 46 100 0 0 39 10002
2018-08-28T07:43Z 45 22 47 100 0 0 40 10001
2018-08-28T07:48Z 45 17 47 99 0 0 41 10001
2018-08-28T07:53Z 45 17 40 101 0 0 39 10002
2018-08-28T07:58Z 90 26 60 101 0 0 38 10001
2018-08-28T08:03Z 90 15 60 101 0 0 39 10002
2018-08-28T08:08Z 45 25 50 98 0 0 41 10001
2018-08-28T08:13Z 90 20 50 97 0 0 44 10000
2018-08-28T08:18Z 45 23 41 97 0 0 42 10001
2018-08-28T08:23Z 45 19 49 97 0 0 43 9997
2018-08-28T08:28Z 45 16 49 98 0 0 43 9999
2018-08-28T08:34Z 45 18 62 99 0 0 42 9999
2018-08-28T08:39Z 90 15 62 99 0 0 42 9997
2018-08-28T08:44Z 90 25 42 99 0 0 41 9996
2018-08-28T08:49Z 90 14 42 98 0 0 43 9996
2018-08-28T08:54Z 45 15 40 98 0 0 43 9995
2018-08-28T08:59Z 45 15 34 97 0 0 44 9995
2018-08-28T09:04Z 90 12 31 97 0 0 44 9995
2018-08-28T09:09Z 45 14 31 97 0 0 45 9995
2018-08-28T09:14Z 45 14 30 97 0 0 45 9994
2018-08-28T09:19Z 45 15 31 96 0 0 46 9993
2018-08-28T09:24Z 45 15 34 96 0 0 47 9994
2018-08-28T09:29Z 45 13 34 96 0 0 47 9995
2018-08-28T09:34Z 90 12 34 95 0 0 47 9995
2018-08-28T09:39Z 45 11 29 95 0 0 48 9994
2018-08-28T09:44Z 45 20 32 94 0 0 49 9992
2018-08-28T09:49Z 45 13 32 94 0 0 50 9993
2018-08-28T09:54Z 45 6 32 94 0 0 50 9993
2018-08-28T09:59Z 45 15 28 94 0 0 50 9994
2018-08-28T10:05Z 90 12 30 93 0 0 52 9993
2018-08-28T10:10Z 135 9 30 92 0 0 53 9993
2018-08-28T10:15Z 45 17 34 91 0 0 53 9993
2018-08-28T10:20Z 45 18 34 91 0 0 54 9994
2018-08-28T10:25Z 135 13 32 90 0 0 55 9995
2018-08-28T10:30Z 90 12 31 90 0 0 55 9995
2018-08-28T10:35Z 90 12 31 90 0 0 56 9995
2018-08-28T10:40Z 45 12 27 89 0 0 56 9996
2018-08-28T10:45Z 45 12 32 89 0 0 56 9995
2018-08-28T10:50Z 45 10 32 89 0 0 57 9995
2018-08-28T10:55Z 90 6 19 89 0 0 58 9995
2018-08-28T11:00Z 135 10 19 88 0 0 58 9996
2018-08-28T11:05Z 90 17 30 88 0 0 59 9995
2018-08-28T11:10Z 90 11 30 88 0 0 59 9998
2018-08-28T11:15Z 90 12 30 87 0 0 60 9997
2018-08-28T11:20Z 90 9 28 87 0 0 60 9999
2018-08-28T11:25Z 90 10 28 87 0 0 59 9999
2018-08-28T11:30Z 135 9 31 87 0 0 59 10000
2018-08-28T11:36Z 45 12 31 86 0 0 59 10000
2018-08-28T11:41Z 45 9 29 86 0 0 59 9999
2018-08-28T11:46Z 45 7 28 86 0 0 59 9999
2018-08-28T11:51Z 45 5 18 86 0 0 58 9999
2018-08-28T11:56Z 45 9 21 86 0 0 58 10000
2018-08-28T12:01Z 90 7 22 86 0 0 57 10001
2018-08-28T12:06Z 45 6 22 86 0 0 57 10001
2018-08-28T12:11Z 90 4 21 85 0 0 56 10002
2018-08-28T12:16Z 90 6 18 85 0 0 56 10002
2018-08-28T12:21Z 45 5 18 85 0 0 55 10004
2018-08-28T12:26Z 45 7 14 85 0 0 54 10005
2018-08-28T12:31Z 90 5 17 85 0 0 54 10005
2018-08-28T12:36Z 45 5 17 85 0 0 53 10006
2018-08-28T12:41Z 45 8 21 85 0 0 53 10005
2018-08-28T12:46Z 135 10 22 85 0 0 53 10004
2018-08-28T12:51Z 45 11 30 85 0 0 52 10005
2018-08-28T12:56Z 45 10 30 85 0 0 51 10005
2018-08-28T13:01Z 135 10 22 85 0 0 48 10006
2018-08-28T13:07Z 90 14 26 85 0 0 46 10008
2018-08-28T13:12Z 135 15 29 84 0 0 49 10009
2018-08-28T13:17Z 180 13 29 84 0 0 49 10009
2018-08-28T13:22Z 180 11 25 84 0 0 50 10010
2018-08-28T13:27Z 45 14 25 84 0 0 52 10011
2018-08-28T13:32Z 135 13 34 83 0 0 53 10013
2018-08-28T13:37Z 45 16 34 83 0 0 53 10012
2018-08-28T13:42Z 90 9 29 83 0 0 52 10013
2018-08-28T13:47Z 135 10 28 83 0 0 51 10013
2018-08-28T13:52Z 90 4 27 82 0 0 50 10014
2018-08-28T13:57Z 45 9 20 82 0 0 48 10015
2018-08-28T14:02Z 45 9 23 82 0 0 46 10015
2018-08-28T14:07Z 45 9 23 82 0 0 45 10016
2018-08-28T14:12Z 180 11 23 82 0 0 45 10016
2018-08-28T14:17Z 45 11 23 82 0 0 45 10017
2018-08-28T14:22Z 90 12 22 82 0 0 44 10018
2018-08-28T14:27Z 225 9 21 82 0 0 44 10018
2018-08-28T14:32Z 180 9 19 82 0 0 44 10018
2018-08-28T14:38Z 45 11 22 82 0 0 45 10020
2018-08-28T14:43Z 135 12 23 82 0 0 46 10019
2018-08-28T14:48Z 135 11 23 82 0 0 46 10019
2018-08-28T14:53Z 45 6 23 82 0 0 45 10020
2018-08-28T14:58Z 180 9 20 82 0 0 45 10021
2018-08-28T15:03Z 90 9 20 82 0 0 46 10020
2018-08-28T15:08Z 90 11 18 82 0 0 46 10021
2018-08-28T15:13Z 180 10 22 82 0 0 46 10021
2018-08-28T15:18Z 90 8 24 81 0 0 46 10020
2018-08-28T15:23Z 90 6 20 81 0 0 45 10022
2018-08-28T15:28Z 135 7 18 81 0 0 44 10021
2018-08-28T15:33Z 45 7 15 81 0 0 43 10022
2018-08-28T15:38Z 180 5 13 81 0 0 42 10020
2018-08-28T15:43Z 180 9 18 81 0 0 41 10020
2018-08-28T15:48Z 45 6 18 81 0 0 41 10021
2018-08-28T15:53Z 45 5 15 81 0 0 40 10019
2018-08-28T15:58Z 225 7 15 80 0 0 39 10019
2018-08-28T16:03Z 180 6 15 80 0 0 39 10019
2018-08-28T16:09Z 135 6 15 80 0 0 39 10019
2018-08-28T16:14Z 45 6 11 80 0 0 38 10019
2018-08-28T16:19Z 45 5 12 80 0 0 37 10018
2018-08-28T16:24Z 45 9 17 80 0 0 34 10018
2018-08-28T16:29Z 45 9 17 80 0 0 33 10020
2018-08-28T16:34Z 45 9 22 80 0 0 32 10019
2018-08-28T16:39Z 45 10 22 81 0 0 31 10018
2018-08-28T16:44Z 45 9 22 81 0 0 31 10017
2018-08-28T16:49Z 90 9 22 81 0 0 31 10015
2018-08-28T16:54Z 45 6 21 80 0 0 30 10015
2018-08-28T16:59Z 45 8 20 80 0 0 30 10016
2018-08-28T17:04Z 45 9 22 80 0 0 30 10015
2018-08-28T17:09Z 45 12 24 80 0 0 30 10016
2018-08-28T17:14Z 45 12 25 80 0 0 30 10015
2018-08-28T17:19Z 90 9 25 81 0 0 30 10015
2018-08-28T17:24Z 45 11 22 80 0 0 30 10015
2018-08-28T17:29Z 180 9 22 80 0 0 30 10015
2018-08-28T17:34Z 45 10 20 80 0 0 29 10014
2018-08-28T17:39Z 90 9 22 80 0 0 29 10014
2018-08-28T17:45Z 45 11 22 80 0 0 29 10016
2018-08-28T17:50Z 90 12 20 80 0 0 29 10015
2018-08-28T17:55Z 45 10 22 80 0 0 29 10014
2018-08-28T18:00Z 45 12 23 80 0 0 29 10014
2018-08-28T18:05Z 90 9 23 80 0 0 29 10012
2018-08-28T18:10Z 45 6 23 80 0 0 29 10012
2018-08-28T18:15Z 45 8 21 80 0 0 29 10011
2018-08-28T18:20Z 90 9 19 80 0 0 28 10009
2018-08-28T18:25Z 180 9 18 80 0 0 28 10009
2018-08-28T18:30Z 45 9 20 80 0 0 28 10009
2018-08-28T18:35Z 45 10 20 80 0 0 28 10008
2018-08-28T18:40Z 45 9 18 80 0 0 28 10008
2018-08-28T18:45Z 45 10 18 80 0 0 28 10007
2018-08-28T18:50Z 180 11 19 80 0 0 28 10006
2018-08-28T18:55Z 90 12 22 79 0 0 28 10005
2018-08-28T19:00Z 90 8 22 79 0 0 28 10006
2018-08-28T19:05Z 135 10 22 79 0 0 28 10006
2018-08-28T19:10Z 45 9 26 79 0 0 28 10005
2018-08-28T19:16Z 135 10 26 79 0 0 28 10005
2018-08-28T19:21Z 135 14 23 79 0 0 28 10007
2018-08-28T19:26Z 45 9 23 79 0 0 28 10005
2018-08-28T19:31Z 45 10 25 79 0 0 28 10005
2018-08-28T19:36Z 135 9 25 79 0 0 28 10005
2018-08-28T19:41Z 135 10 20 79 0 0 28 10005
2018-08-28T19:46Z 45 6 18 79 0 0 28 10005
2018-08-28T19:51Z 135 8 18 79 0 0 28 10004
2018-08-28T19:56Z 45 8 25 79 0 0 28 10004
2018-08-28T20:01Z 180 8 25 79 0 0 28 10004
2018-08-28T20:06Z 135 6 22 79 0 0 28 10005
2018-08-28T20:11Z 45 6 18 79 0 0 28 10004
2018-08-28T20:16Z 45 10 21 79 0 0 28 10004
2018-08-28T20:21Z 135 12 25 79 0 0 28 10003
2018-08-28T20:26Z 45 9 25 79 0 0 28 10003
2018-08-28T20:31Z 135 12 23 79 0 0 28 10002
2018-08-28T20:36Z 45 9 26 79 0 0 28 10002
2018-08-28T20:41Z 45 9 35 79 0 0 28 10002
2018-08-28T20:47Z 90 9 35 79 0 0 28 10002
2018-08-28T20:52Z 180 9 22 79 0 0 28 10003
2018-08-28T20:57Z 90 11 22 79 0 0 28 10003
2018-08-28T21:02Z 135 7 23 79 0 0 28 10002
2018-08-28T21:07Z 45 10 23 79 0 0 28 10003
2018-08-28T21:12Z 45 8 21 79 0 0 28 10003
2018-08-28T21:17Z 45 6 22 79 0 0 28 10002
2018-08-28T21:22Z 90 9 22 79 0 0 28 10001
2018-08-28T21:27Z 45 8 22 79 0 0 28 10002
2018-08-28T21:32Z 45 12 29 79 0 0 28 10001
2018-08-28T21:37Z 90 9 29 79 0 0 28 10002
2018-08-28T21:42Z 45 9 28 79 0 0 28 10001
2018-08-28T21:47Z 90 9 18 79 0 0 28 10001
2018-08-28T21:52Z 135 9 23 79 0 0 28 10001
2018-08-28T21:57Z 180 9 23 79 0 0 28 10002
2018-08-28T22:02Z 90 6 16 79 0 0 28 10001
2018-08-28T22:07Z 90 9 16 78 0 0 28 10002
2018-08-28T22:12Z 45 4 18 78 0 0 28 10001
2018-08-28T22:18Z 180 6 18 78 0 0 28 10002
2018-08-28T22:23Z 135 7 17 78 0 0 28 10002
2018-08-28T22:28Z 180 8 15 78 0 0 28 10002
2018-08-28T22:33Z 180 6 15 78 0 0 28 10002
2018-08-28T22:38Z 180 6 15 78 0 0 28 10004
2018-08-28T22:43Z 135 7 16 78 0 0 28 10004
2018-08-28T22:48Z 90 5 16 78 0 0 28 10006
2018-08-28T22:53Z 180 6 15 78 0 0 28 10004
2018-08-28T22:58Z 45 5 15 78 0 0 28 10006
2018-08-28T23:03Z 45 5 11 78 0 0 28 10005
2018-08-28T23:08Z 180 4 12 79 0 0 28 10005
2018-08-28T23:13Z 90 6 13 79 0 0 28 10005
2018-08-28T23:18Z 180 5 13 79 0 0 28 10005
2018-08-28T23:23Z 45 4 11 80 0 0 28 10005
2018-08-28T23:28Z 45 6 12 80 0 0 28 10006
2018-08-28T23:33Z 45 6 13 80 0 0 28 10007
2018-08-28T23:38Z 180 9 15 81 0 0 29 10006
2018-08-28T23:43Z 90 11 17 81 0 0 29 10007
2018-08-28T23:49Z 45 4 17 82 0 0 30 10008
2018-08-28T23:54Z 180 9 20 82 0 0 31 10008
2018-08-28T23:59Z 45 11 23 83 0 0 32 10008
2018-08-29T00:04Z 135 8 23 83 0 0 32 10010
2018-08-29T00:09Z 45 9 23 84 0 0 34 10011
2018-08-29T00:14Z 180 11 21 84 0 0 36 10011
2018-08-29T00:19Z 135 12 24 85 0 0 38 10013
2018-08-29T00:24Z 135 10 24 85 0 0 41 10014
2018-08-29T00:29Z 45 7 27 86 0 0 42 10014
2018-08-29T00:34Z 45 6 27 88 0 0 45 10015
2018-08-29T00:39Z 45 7 23 89 0 0 50 10014
2018-08-29T00:44Z 90 15 33 90 0 0 52 10014
2018-08-29T00:49Z 45 13 44 89 0 0 52 10014
2018-08-29T00:54Z 45 18 44 90 0 0 52 10016
2018-08-29T00:59Z 90 8 31 91 0 0 53 10016
2018-08-29T01:04Z 45 10 32 92 0 0 54 10015
2018-08-29T01:09Z 45 16 44 92 0 0 54 10015
2018-08-29T01:14Z 45 18 44 92 0 0 54 10015
2018-08-29T01:20Z 45 15 36 92 0 0 54 10015
2018-08-29T01:25Z 45 18 36 93 0 0 54 10015
2018-08-29T01:30Z 90 9 35 93 0 0 54 10016
2018-08-29T01:35Z 45 18 46 94 0 0 53 10017
2018-08-29T01:40Z 45 17 46 94 0 0 53 10018
2018-08-29T01:45Z 45 15 33 95 0 0 52 10017
2018-08-29T01:50Z 45 9 37 96 0 0 52 10018
2018-08-29T01:55Z 45 15 37 96 0 0 51 10020
2018-08-29T02:00Z 45 11 34 98 0 0 49 10018
2018-08-29T02:05Z 45 20 37 98 0 0 47 10018
2018-08-29T02:10Z 45 11 37 99 0 0 47 10020
2018-08-29T02:15Z 45 18 35 99 0 0 46 10020
2018-08-29T02:20Z 45 15 35 98 0 0 48 10019
2018-08-29T02:25Z 45 8 35 99 0 0 47 10019
2018-08-29T02:30Z 45 9 35 100 0 0 45 10018
2018-08-29T02:35Z 45 21 39 101 0 0 44 10018
2018-08-29T02:40Z 45 7 39 101 0 0 44 10018
2018-08-29T02:45Z 45 15 38 102 0 0 41 10018
2018-08-29T02:51Z 45 17 44 102 0 0 42 10017
2018-08-29T02:56Z 45 11 44 102 0 0 42 10018
2018-08-29T03:01Z 45 19 45 101 0 0 42 10017
2018-08-29T03:06Z 45 15 45 102 0 0 41 10017
2018-08-29T03:11Z 45 15 35 102 0 0 41 10017
2018-08-29T03:16Z 45 18 40 104 0 0 40 10016
2018-08-29T03:21Z 45 16 40 104 0 0 39 10016
2018-08-29T03:26Z 45 15 36 104 0 0 39 10016
2018-08-29T03:31Z 45 24 47 102 0 0 40 10015
2018-08-29T03:36Z 45 12 47 103 0 0 40 10016
2018-08-29T03:41Z 45 22 40 106 0 0 37 10016
2018-08-29T03:46Z 45 22 44 105 0 0 37 10015
2018-08-29T03:51Z 45 23 46 104 0 0 37 10015
2018-08-29T03:56Z 45 15 46 102 0 0 39 10014
2018-08-29T04:01Z 45 15 44 103 0 0 39 10016
2018-08-29T04:06Z 45 18 51 103 0 0 39 10015
2018-08-29T04:11Z 45 21 51 104 0 0 37 10013
2018-08-29T04:16Z 45 16 42 103 0 0 40 10014
2018-08-29T04:22Z 45 22 52 103 0 0 39 10012
2018-08-29T04:27Z 45 15 52 103 0 0 39 10012
2018-08-29T04:32Z 45 13 52 104 0 0 38 10011
2018-08-29T04:37Z 45 17 52 104 0 0 38 10011
2018-08-29T04:42Z 90 18 52 105 0 0 37 10011
2018-08-29T04:47Z 45 17 45 103 0 0 39 10010
2018-08-29T04:52Z 90 15 45 103 0 0 40 10011
2018-08-29T04:57Z 45 29 57 102 0 0 39 10009
2018-08-29T05:02Z 45 22 57 101 0 0 41 10006
2018-08-29T05:07Z 90 12 44 102 0 0 41 10008
2018-08-29T05:12Z 90 24 44 104 0 0 37 10004
2018-08-29T05:17Z 135 18 53 104 0 0 36 10005
2018-08-29T05:22Z 45 19 53 105 0 0 36 10007
2018-08-29T05:27Z 45 16 46 106 0 0 35 10004
2018-08-29T05:32Z 45 22 46 106 0 0 35 10004
2018-08-29T05:37Z 45 18 46 104 0 0 37 10003
2018-08-29T05:42Z 45 15 47 104 0 0 37 10003
2018-08-29T05:47Z 45 11 47 101 0 0 40 10001
2018-08-29T05:53Z 45 25 53 101 0 0 40 10001
2018-08-29T05:58Z 45 18 53 101 0 0 39 10000
2018-08-29T06:03Z 45 20 48 103 0 0 37 10000
2018-08-29T06:08Z 45 17 44 105 0 0 35 10000
2018-08-29T06:13Z 45 15 47 101 0 0 39 9998
2018-08-29T06:18Z 90 15 47 101 0 0 40 9997
2018-08-29T06:23Z 90 22 44 102 0 0 38 9995
2018-08-29T06:28Z 45 25 58 102 0 0 38 9996
2018-08-29T06:33Z 45 22 58 102 0 0 37 9996
2018-08-29T06:38Z 45 25 53 101 0 0 39 9995
2018-08-29T06:43Z 45 22 53 100 0 0 40 9993
2018-08-29T06:48Z 45 25 75 101 0 0 40 9994
2018-08-29T06:53Z 45 20 75 101 0 0 39 9992
2018-08-29T06:58Z 45 22 54 101 0 0 39 9993
2018-08-29T07:03Z 45 32 60 94 3 3 50 9992
2018-08-29T07:08Z 45 10 60 90 3 3 56 9990
2018-08-29T07:13Z 45 20 44 89 5 5 57 9991
2018-08-29T07:18Z 90 27 44 87 5 5 57 9989
2018-08-29T07:24Z 90 21 44 86 5 5 57 9988
2018-08-29T07:29Z 90 14 41 86 5 5 57 9986
2018-08-29T07:34Z 90 9 25 88 5 5 57 9984
2018-08-29T07:44Z 90 12 25 95 5 5 52 9983
2018-08-29T07:49Z 45 18 43 98 5 5 46 9983
2018-08-29T07:54Z 45 8 43 99 5 5 46 9982
2018-08-29T07:59Z 45 10 24 98 5 5 47 9982
2018-08-29T08:04Z 45 15 57 99 1 5 44 9980
2018-08-29T08:09Z 45 12 57 99 1 5 44 9980
2018-08-29T08:14Z 45 17 37 99 0 5 44 9978
2018-08-29T08:19Z 90 36 50 97 1 6 45 9978
2018-08-29T08:24Z 45 25 50 97 1 6 45 9977
2018-08-29T08:29Z 90 13 50 96 1 6 47 9977
2018-08-29T08:34Z 45 13 47 97 1 6 46 9975
2018-08-29T08:39Z 45 15 47 97 1 6 47 9976
2018-08-29T08:44Z 45 21 48 97 1 6 45 9975
2018-08-29T08:49Z 45 18 48 97 1 6 46 9976
2018-08-29T08:55Z 90 21 45 97 1 6 45 9976
2018-08-29T09:00Z 90 24 44 96 1 6 47 9975
2018-08-29T09:05Z 45 22 47 94 1 6 49 9976
2018-08-29T09:10Z 45 15 47 93 1 6 51 9976
2018-08-29T09:15Z 135 21 50 93 1 6 50 9978
2018-08-29T09:20Z 45 22 50 93 0 6 51 9975
2018-08-29T09:25Z 45 17 42 93 0 6 51 9978
2018-08-29T09:30Z 90 17 36 93 0 6 52 9978
2018-08-29T09:35Z 45 30 55 91 0 6 53 9982
2018-08-29T09:40Z 45 32 55 90 0 6 57 9980
2018-08-29T09:45Z 135 18 54 86 1 7 59 9980
2018-08-29T09:50Z 135 10 45 85 1 7 56 9978
2018-08-29T09:55Z 90 18 32 85 1 7 45 9982
2018-08-29T10:00Z 45 37 66 82 1 7 49 9989
2018-08-29T10:05Z 45 13 66 81 1 7 43 9993
2018-08-29T10:10Z 45 24 64 79 1 7 38 9994
2018-08-29T10:15Z 45 12 64 77 11 18 32 9989
2018-08-29T10:20Z 45 12 25 75 18 24 31 9989
2018-08-29T10:25Z 45 9 25 75 19 26 31 9989
2018-08-29T10:31Z 45 3 17 75 19 26 31 9990
2018-08-29T10:36Z 45 5 13 75 19 26 31 9988
2018-08-29T10:41Z 180 3 13 75 19 26 31 9986
2018-08-29T10:46Z 90 3 13 75 18 26 31 9986
2018-08-29T10:51Z 45 3 9 75 18 26 30 9987
2018-08-29T10:56Z 45 2 9 75 18 26 30 9986
2018-08-29T11:01Z 45 1 8 75 18 26 30 9986
2018-08-29T11:06Z 90 1 6 75 18 26 30 9985
2018-08-29T11:11Z 180 1 6 75 14 26 30 9985
2018-08-29T11:16Z 180 1 6 75 6 26 30 9986
2018-08-29T11:21Z 135 2 6 75 1 26 30 9988
2018-08-29T11:26Z 180 0 6 75 0 26 30 9988
2018-08-29T11:31Z 90 2 6 76 0 26 30 9988
2018-08-29T11:36Z 135 1 6 76 0 26 30 9988
2018-08-29T11:41Z 135 2 6 76 0 26 30 9991
2018-08-29T11:46Z 180 1 6 76 0 26 30 9989
2018-08-29T11:51Z 45 1 5 76 0 26 30 9990
2018-08-29T11:56Z 45 1 5 76 0 26 30 9992
2018-08-29T12:02Z 45 0 4 76 0 26 29 9993
2018-08-29T12:07Z 45 0 4 76 0 26 30 9994
2018-08-29T12:12Z 45 0 3 76 0 26 29 9994
2018-08-29T12:17Z 90 1 4 76 0 26 30 9995
2018-08-29T12:22Z 135 1 5 77 0 26 30 9995
2018-08-29T12:27Z 90 0 5 77 0 26 30 9995
2018-08-29T12:32Z 45 0 5 77 0 26 30 9996
2018-08-29T12:37Z 90 2 6 76 0 26 29 9997
2018-08-29T12:42Z 135 0 6 77 0 26 29 9996
2018-08-29T12:47Z 45 0 3 77 0 26 29 9997
2018-08-29T12:52Z 90 0 3 77 0 26 29 9998
2018-08-29T12:57Z 135 0 6 77 0 26 29 9998
2018-08-29T13:07Z 135 1 6 77 0 26 29 9999
2018-08-29T13:33Z 43 0 6 77 0 26 29 10000
2018-08-29T13:38Z 135 0 3 77 0 26 29 10002
2018-08-29T13:43Z 45 0 3 77 0 26 29 10002
2018-08-29T13:48Z 45 0 4 77 0 26 29 10002
2018-08-29T13:53Z 45 0 4 77 0 26 29 10004
2018-08-29T13:58Z 45 0 3 77 0 26 29 10007
2018-08-29T14:03Z 45 0 3 77 0 26 29 10008
2018-08-29T14:08Z 45 0 3 77 0 26 29 10007
2018-08-29T14:13Z 45 0 3 77 0 26 29 10007
2018-08-29T14:18Z 90 0 2 77 0 26 29 10009
2018-08-29T14:23Z 180 0 2 77 0 26 29 10011
2018-08-29T14:28Z 90 0 3 77 0 26 29 10011
2018-08-29T14:33Z 90 2 6 77 0 26 29 10011
2018-08-29T14:38Z 135 0 6 77 0 26 29 10012
2018-08-29T14:43Z 180 0 3 77 0 26 29 10014
2018-08-29T14:48Z 135 1 6 77 0 26 29 10015
2018-08-29T14:53Z 135 1 6 77 0 26 29 10017
2018-08-29T14:58Z 45 0 6 77 0 26 29 10017
2018-08-29T15:04Z 45 0 4 77 0 26 29 10016
2018-08-29T15:09Z 180 0 4 77 0 26 29 10018
2018-08-29T15:14Z 180 0 4 76 0 26 29 10016
2018-08-29T15:19Z 45 0 4 76 0 26 30 10017
2018-08-29T15:24Z 45 0 3 76 0 26 30 10016
2018-08-29T15:29Z 45 0 3 76 0 26 30 10016
2018-08-29T15:34Z 135 0 3 76 0 26 30 10016
2018-08-29T15:39Z 45 1 3 76 0 26 30 10016
2018-08-29T15:44Z 45 1 5 76 0 26 31 10014
2018-08-29T15:49Z 45 0 5 76 0 26 31 10015
2018-08-29T15:54Z 45 0 3 76 0 26 31 10015
2018-08-29T15:59Z 45 0 3 76 0 26 31 10014
2018-08-29T16:04Z 180 0 2 76 0 26 31 10013
2018-08-29T16:09Z 225 0 2 76 0 26 31 10014
2018-08-29T16:14Z 225 0 2 76 0 26 31 10013
2018-08-29T16:19Z 135 0 2 76 0 26 31 10013
2018-08-29T16:24Z 90 0 3 76 0 26 31 10012
2018-08-29T16:29Z 45 0 3 76 0 26 31 10012
2018-08-29T16:35Z 45 0 3 76 0 26 31 10013
2018-08-29T16:40Z 135 0 4 76 0 26 31 10011
2018-08-29T16:45Z 135 0 4 76 0 26 31 10012
2018-08-29T16:50Z 135 0 3 76 0 26 30 10011
2018-08-29T16:55Z 180 0 3 76 0 26 30 10010
2018-08-29T17:00Z 45 0 3 76 0 26 31 10011
2018-08-29T17:05Z 45 1 5 76 0 26 31 10010
2018-08-29T17:10Z 45 2 6 76 0 26 31 10008
2018-08-29T17:15Z 45 5 10 77 0 26 31 10007
2018-08-29T17:20Z 45 8 17 77 0 26 30 10007
2018-08-29T17:25Z 135 6 17 78 0 26 29 10008
2018-08-29T17:30Z 45 4 15 78 0 26 29 10007
2018-08-29T17:35Z 180 4 11 79 0 26 29 10007
2018-08-29T17:40Z 45 5 10 79 0 26 28 10007
2018-08-29T17:45Z 180 3 9 79 0 26 28 10007
2018-08-29T17:50Z 180 3 9 79 0 26 28 10005
2018-08-29T17:55Z 45 6 11 79 0 26 28 10005
2018-08-29T18:00Z 45 7 15 79 0 26 28 10005
2018-08-29T18:06Z 45 7 18 79 0 26 28 10005
2018-08-29T18:11Z 225 8 18 79 0 26 28 10004
2018-08-29T18:16Z 45 8 15 79 0 26 28 10004
2018-08-29T18:21Z 45 6 15 80 0 26 28 10002
2018-08-29T18:26Z 45 5 13 79 0 26 28 10001
2018-08-29T18:31Z 45 4 14 79 0 26 28 10000
2018-08-29T18:36Z 45 6 14 79 0 26 28 10001
2018-08-29T18:41Z 45 4 11 79 0 26 28 10000
2018-08-29T18:46Z 45 6 15 79 0 26 28 9999
2018-08-29T18:51Z 45 6 15 79 0 26 28 9998
2018-08-29T18:56Z 135 6 15 79 0 26 28 9999
2018-08-29T19:01Z 90 5 12 79 0 26 28 9999
2018-08-29T19:06Z 90 5 12 79 0 26 28 9997
2018-08-29T19:11Z 45 4 12 79 0 26 28 9998
2018-08-29T19:16Z 45 3 11 79 0 26 28 9997
2018-08-29T19:21Z 45 4 12 79 0 26 28 9998
2018-08-29T19:26Z 45 2 12 79 0 26 28 9996
2018-08-29T19:31Z 45 5 12 79 0 26 28 9996
2018-08-29T19:37Z 45 5 12 79 0 26 28 9997
2018-08-29T19:42Z 45 5 12 79 0 26 28 9998
2018-08-29T19:47Z 45 3 12 79 0 26 28 9998
2018-08-29T19:52Z 45 2 15 79 0 26 28 9998
2018-08-29T19:57Z 45 6 15 79 0 26 28 9998
2018-08-29T20:02Z 45 3 15 79 0 26 28 9997
2018-08-29T20:07Z 45 3 11 79 0 26 28 9997
2018-08-29T20:12Z 45 1 11 79 0 26 28 9998
2018-08-29T20:17Z 45 3 9 79 0 26 28 9996
2018-08-29T20:22Z 45 2 7 79 0 26 28 9996
2018-08-29T20:27Z 45 1 6 79 0 26 28 9996
2018-08-29T20:32Z 45 2 6 79 0 26 28 9996
2018-08-29T20:37Z 45 1 6 79 0 26 28 9996
2018-08-29T20:42Z 45 2 6 79 0 26 28 9996
2018-08-29T20:47Z 45 2 9 79 0 26 28 9994
2018-08-29T20:52Z 45 1 9 79 0 26 28 9995
2018-08-29T20:57Z 45 2 5 79 0 26 28 9995
2018-08-29T21:02Z 45 0 3 79 0 26 28 9995
2018-08-29T21:08Z 45 1 5 79 0 26 28 9996
2018-08-29T21:13Z 45 0 5 79 0 26 28 9997
2018-08-29T21:18Z 45 0 5 79 0 26 28 9997
2018-08-29T21:23Z 45 0 5 79 0 26 28 9997
2018-08-29T21:28Z 45 1 9 79 0 26 28 9998
2018-08-29T21:33Z 45 1 9 79 0 26 28 9996
2018-08-29T21:38Z 45 1 7 79 0 26 28 9996
2018-08-29T21:43Z 45 0 6 79 0 26 28 9996
2018-08-29T21:48Z 45 1 7 79 0 26 28 9996
2018-08-29T21:53Z 45 1 7 79 0 26 28 9995
2018-08-29T21:58Z 45 2 7 79 0 26 28 9996
2018-08-29T22:03Z 45 2 9 79 0 26 28 9996
2018-08-29T22:08Z 45 3 9 79 0 26 28 9997
2018-08-29T22:13Z 45 1 9 79 0 26 28 9998
2018-08-29T22:18Z 45 1 6 79 0 26 28 9997
2018-08-29T22:23Z 45 1 6 78 0 26 28 9997
2018-08-29T22:28Z 45 0 7 78 0 26 28 9997
2018-08-29T22:33Z 45 0 7 78 0 26 28 9997
2018-08-29T22:39Z 45 2 5 78 0 26 29 9997
2018-08-29T22:44Z 45 1 6 78 0 26 29 9998
2018-08-29T22:49Z 45 1 6 78 0 26 29 9998
2018-08-29T22:54Z 45 2 7 78 0 26 29 9998
2018-08-29T22:59Z 45 3 11 78 0 26 29 9998
2018-08-29T23:04Z 45 2 11 78 0 26 29 9998
2018-08-29T23:09Z 45 4 10 78 0 26 29 9998
2018-08-29T23:14Z 45 4 12 79 0 26 28 9998
2018-08-29T23:19Z 45 3 12 79 0 26 28 9997
2018-08-29T23:24Z 45 4 13 80 0 26 28 9998
2018-08-29T23:29Z 135 4 13 80 0 26 28 10000
2018-08-29T23:34Z 45 4 14 80 0 26 27 9999
2018-08-29T23:39Z 45 3 14 81 0 26 27 10002
2018-08-29T23:44Z 45 2 11 81 0 26 27 10003
2018-08-29T23:49Z 45 6 11 82 0 26 29 10003
2018-08-29T23:54Z 45 3 11 82 0 26 29 10004
2018-08-29T23:59Z 45 2 7 83 0 26 30 10006
2018-08-30T00:04Z 45 2 8 84 0 26 30 10007
2018-08-30T00:10Z 45 3 13 85 0 26 33 10006
2018-08-30T00:15Z 45 3 13 86 0 26 35 10007
2018-08-30T00:20Z 45 8 22 86 0 26 40 10010
2018-08-30T00:25Z 45 7 22 86 0 26 39 10011
2018-08-30T00:30Z 45 9 24 87 0 26 39 10012
2018-08-30T00:35Z 45 9 24 87 0 26 42 10012
2018-08-30T00:40Z 45 4 24 88 0 26 42 10013
2018-08-30T00:45Z 45 8 22 89 0 26 46 10012
2018-08-30T00:50Z 45 9 34 89 0 26 48 10012
2018-08-30T00:55Z 45 3 34 90 0 26 47 10013
2018-08-30T01:00Z 45 4 19 91 0 26 51 10014
2018-08-30T01:05Z 45 4 16 93 0 26 52 10015
2018-08-30T01:10Z 45 9 20 93 0 26 54 10014
2018-08-30T01:15Z 45 5 20 93 0 26 54 10015
2018-08-30T01:20Z 90 6 32 93 0 26 54 10014
2018-08-30T01:25Z 45 5 32 94 0 26 54 10015
2018-08-30T01:30Z 45 15 30 93 0 26 54 10014
2018-08-30T01:35Z 45 7 30 93 0 26 54 10015
2018-08-30T01:41Z 45 9 29 96 0 26 51 10014
2018-08-30T01:46Z 45 6 29 97 0 26 51 10014
2018-08-30T01:51Z 45 13 30 98 0 26 48 10016
2018-08-30T01:56Z 45 8 30 97 0 26 49 10014
2018-08-30T02:01Z 90 11 28 95 0 26 51 10014
2018-08-30T02:06Z 45 10 30 95 0 26 52 10014
2018-08-30T02:11Z 45 3 30 96 0 26 51 10015
2018-08-30T02:16Z 45 3 18 97 0 26 50 10014
2018-08-30T02:21Z 45 14 44 97 0 26 49 10014
2018-08-30T02:26Z 45 6 44 97 0 26 49 10012
2018-08-30T02:31Z 45 6 29 99 0 26 48 10015
2018-08-30T02:36Z 45 17 38 100 0 26 45 10015
2018-08-30T02:41Z 45 27 49 100 0 26 44 10015
2018-08-30T02:46Z 45 17 49 98 0 26 46 10016
2018-08-30T02:51Z 90 15 36 98 0 26 46 10014
2018-08-30T02:56Z 45 21 39 99 0 26 44 10016
2018-08-30T03:01Z 45 19 39 101 0 26 43 10014
2018-08-30T03:06Z 135 24 42 100 0 26 43 10015
2018-08-30T03:11Z 45 16 42 101 0 26 42 10014
2018-08-30T03:17Z 45 22 46 102 0 26 40 10015
2018-08-30T03:22Z 45 20 46 102 0 26 41 10015
2018-08-30T03:27Z 90 22 50 100 0 26 43 10014
2018-08-30T03:32Z 45 11 50 100 0 26 44 10014
2018-08-30T03:37Z 45 31 50 101 0 26 40 10014
2018-08-30T03:42Z 45 26 50 101 0 26 41 10013
2018-08-30T03:47Z 90 21 67 97 0 26 46 10013
2018-08-30T03:52Z 90 20 67 99 0 26 44 10013
2018-08-30T03:57Z 45 31 53 98 0 26 42 10012
2018-08-30T04:02Z 45 22 53 98 0 26 44 10011
2018-08-30T04:07Z 45 16 50 100 0 26 43 10012
2018-08-30T04:12Z 45 19 44 101 0 26 40 10010
2018-08-30T04:17Z 45 21 44 99 0 26 43 10011
2018-08-30T04:22Z 135 14 45 98 0 26 46 10010
2018-08-30T04:27Z 45 19 45 100 0 26 42 10009
2018-08-30T04:32Z 90 31 52 100 0 26 41 10009
2018-08-30T04:37Z 90 35 63 99 0 26 43 10008
2018-08-30T04:42Z 45 19 63 98 0 26 44 10006
2018-08-30T04:48Z 45 28 46 100 0 26 42 10006
2018-08-30T04:53Z 45 25 47 101 0 26 41 10004
2018-08-30T04:58Z 45 18 50 103 0 26 39 10004
2018-08-30T05:03Z 45 15 53 103 0 26 36 10002
2018-08-30T05:08Z 45 26 53 103 0 26 37 10002
2018-08-30T05:13Z 45 29 60 104 0 26 37 10001
2018-08-30T05:18Z 45 30 60 104 0 26 35 10000
2018-08-30T05:23Z 45 16 53 104 0 26 36 9997
2018-08-30T05:28Z 45 27 53 105 0 26 35 9998
2018-08-30T05:33Z 45 20 49 106 0 26 35 9996
2018-08-30T05:38Z 45 13 38 105 0 26 36 9995
2018-08-30T05:43Z 45 18 45 105 0 26 36 9994
2018-08-30T05:48Z 45 22 53 104 0 26 36 9994
2018-08-30T05:53Z 45 15 53 106 0 26 35 9993
2018-08-30T05:58Z 90 22 50 105 0 26 35 9993
2018-08-30T06:03Z 45 22 54 103 0 26 38 9991
2018-08-30T06:08Z 90 18 54 102 0 26 38 9990
2018-08-30T06:13Z 45 18 50 105 0 26 35 9986
2018-08-30T06:19Z 90 13 49 106 0 26 34 9989
2018-08-30T06:24Z 45 25 49 107 0 26 32 9988
2018-08-30T06:29Z 45 16 47 104 0 26 36 9987
2018-08-30T06:34Z 45 9 47 102 0 26 40 9988
2018-08-30T06:39Z 45 28 47 103 0 26 39 9987
2018-08-30T06:44Z 45 5 47 105 0 26 37 9986
2018-08-30T06:49Z 45 5 36 109 0 26 33 9985
2018-08-30T06:54Z 45 19 41 110 0 26 29 9985
2018-08-30T06:59Z 45 13 41 108 0 22 31 9985
2018-08-30T07:04Z 45 25 45 105 0 22 33 9984
2018-08-30T07:09Z 45 15 46 103 0 20 36 9982
2018-08-30T07:14Z 45 20 62 102 0 20 38 9983
2018-08-30T07:19Z 45 20 62 104 0 20 36 9982
2018-08-30T07:24Z 45 18 46 104 0 20 36 9982
2018-08-30T07:29Z 45 11 46 105 0 20 35 9982
2018-08-30T07:34Z 45 29 50 104 0 20 35 9980
2018-08-30T07:39Z 45 23 65 101 0 20 37 9982
2018-08-30T07:44Z 45 25 65 100 0 20 38 9980
2018-08-30T07:50Z 45 19 60 100 0 20 40 9980
2018-08-30T07:55Z 45 25 60 100 0 20 39 9980
2018-08-30T08:00Z 45 21 59 102 0 20 36 9982
2018-08-30T08:05Z 45 31 53 100 0 20 37 9980
2018-08-30T08:10Z 45 28 63 99 0 20 39 9980
2018-08-30T08:15Z 90 15 63 98 0 19 41 9979
2018-08-30T08:20Z 135 20 58 99 0 19 41 9979
2018-08-30T08:25Z 45 25 65 99 0 19 39 9979
2018-08-30T08:30Z 90 18 65 100 0 19 40 9980
2018-08-30T08:35Z 45 15 44 100 0 19 41 9980
2018-08-30T08:40Z 45 18 44 101 0 19 40 9979
2018-08-30T08:45Z 45 15 48 100 0 19 40 9979
2018-08-30T08:50Z 45 33 50 100 0 19 40 9980
2018-08-30T08:55Z 45 26 50 99 0 19 41 9981
2018-08-30T09:00Z 45 15 45 98 0 19 42 9979
2018-08-30T09:05Z 45 12 43 97 0 19 44 9979
2018-08-30T09:10Z 45 21 42 97 0 19 44 9976
2018-08-30T09:15Z 45 9 42 98 0 19 44 9978
2018-08-30T09:21Z 135 12 40 98 0 19 44 9978
2018-08-30T09:26Z 45 23 45 98 0 19 43 9980
2018-08-30T09:31Z 45 28 46 96 0 19 44 9978
2018-08-30T09:36Z 45 7 46 96 0 19 45 9977
2018-08-30T09:41Z 45 16 40 97 0 18 44 9976
2018-08-30T09:46Z 45 22 41 96 0 18 46 9977
2018-08-30T09:51Z 45 15 41 95 0 18 47 9978
2018-08-30T09:56Z 45 21 40 94 0 18 48 9978
2018-08-30T10:01Z 45 26 40 94 0 18 48 9978
2018-08-30T10:06Z 45 19 40 93 0 18 49 9979
2018-08-30T10:11Z 90 22 63 92 0 7 50 9980
2018-08-30T10:16Z 45 22 63 91 0 1 52 9980
2018-08-30T10:21Z 45 22 47 90 0 0 53 9980
2018-08-30T10:26Z 45 24 48 90 0 0 53 9982
2018-08-30T10:31Z 180 25 48 90 0 0 53 9981
2018-08-30T10:36Z 45 11 47 89 0 0 54 9983
2018-08-30T10:41Z 45 24 45 89 0 0 55 9982
2018-08-30T10:46Z 45 26 50 88 0 0 55 9984
2018-08-30T10:52Z 180 34 50 88 0 0 55 9984
2018-08-30T10:57Z 45 28 47 88 0 0 56 9984
2018-08-30T11:02Z 45 15 40 88 0 0 57 9984
2018-08-30T11:07Z 45 15 38 87 0 0 58 9984
2018-08-30T11:12Z 45 12 37 87 0 0 58 9985
2018-08-30T11:17Z 45 20 39 87 0 0 59 9984
2018-08-30T11:22Z 45 16 39 87 0 0 59 9986
2018-08-30T11:27Z 45 23 40 87 0 0 59 9986
2018-08-30T11:32Z 180 15 40 87 0 0 59 9985
2018-08-30T11:37Z 45 9 31 86 0 0 59 9988
2018-08-30T11:42Z 45 22 37 86 0 0 60 9988
2018-08-30T11:47Z 45 25 44 86 0 0 60 9987
2018-08-30T11:52Z 45 19 44 86 0 0 60 9988
2018-08-30T11:57Z 45 18 39 86 0 0 60 9988
2018-08-30T12:02Z 45 18 37 86 0 0 60 9988
2018-08-30T12:07Z 45 17 35 86 0 0 60 9991
2018-08-30T12:12Z 135 20 36 85 0 0 60 9992
2018-08-30T12:17Z 90 13 36 85 0 0 60 9992
2018-08-30T12:23Z 180 13 27 85 0 0 60 9994
2018-08-30T12:28Z 45 11 30 85 0 0 60 9993
2018-08-30T12:33Z 45 12 30 85 0 0 60 9995
2018-08-30T12:38Z 135 17 31 85 0 0 60 9994
2018-08-30T12:43Z 180 13 31 85 0 0 60 9996
2018-08-30T12:48Z 45 9 29 85 0 0 60 9996
2018-08-30T12:53Z 45 12 31 85 0 0 60 9998
2018-08-30T12:58Z 45 15 31 85 0 0 61 9997
2018-08-30T13:03Z 45 18 31 85 0 0 60 9999
2018-08-30T13:08Z 180 18 31 85 0 0 61 10000
2018-08-30T13:13Z 45 17 31 85 0 0 61 10001
2018-08-30T13:18Z 45 9 31 84 0 0 61 10001
2018-08-30T13:23Z 135 11 26 84 0 0 60 10001
2018-08-30T13:28Z 135 15 26 84 0 0 60 10003
2018-08-30T13:33Z 180 13 26 84 0 0 60 10003
2018-08-30T13:38Z 45 7 26 84 0 0 60 10003
2018-08-30T13:43Z 45 6 17 84 0 0 60 10003
2018-08-30T13:48Z 45 8 16 84 0 0 60 10004
2018-08-30T13:54Z 45 10 31 84 0 0 60 10004
2018-08-30T13:59Z 45 13 31 84 0 0 59 10003
2018-08-30T14:04Z 45 9 28 84 0 0 59 10005
2018-08-30T14:09Z 45 9 25 84 0 0 59 10006
2018-08-30T14:14Z 45 9 22 84 0 0 59 10007
2018-08-30T14:19Z 45 12 23 84 0 0 59 10007
2018-08-30T14:24Z 135 15 25 84 0 0 59 10009
2018-08-30T14:29Z 135 11 25 83 0 0 59 10009
2018-08-30T14:34Z 135 12 28 83 0 0 59 10010
2018-08-30T14:39Z 135 10 28 83 0 0 59 10011
2018-08-30T14:44Z 45 9 18 83 0 0 59 10011
2018-08-30T14:49Z 45 8 19 83 0 0 58 10011
2018-08-30T14:54Z 90 11 20 83 0 0 58 10013
2018-08-30T14:59Z 45 8 24 83 0 0 58 10011
2018-08-30T15:04Z 90 9 24 83 0 0 58 10011
2018-08-30T15:09Z 90 6 18 83 0 0 58 10011
2018-08-30T15:14Z 90 7 16 83 0 0 57 10012
2018-08-30T15:19Z 45 11 19 83 0 0 57 10014
2018-08-30T15:25Z 135 6 22 83 0 0 57 10014
2018-08-30T15:30Z 45 9 22 83 0 0 58 10014
2018-08-30T15:35Z 45 10 22 83 0 0 58 10015
2018-08-30T15:40Z 45 7 18 83 0 0 58 10015
2018-08-30T15:45Z 135 7 18 83 0 0 58 10016
2018-08-30T15:50Z 45 11 18 83 0 0 58 10015
2018-08-30T15:55Z 180 8 18 82 0 0 57 10015
2018-08-30T16:00Z 45 6 20 82 0 0 57 10014
2018-08-30T16:05Z 45 9 20 82 0 0 56 10014
2018-08-30T16:10Z 45 6 19 82 0 0 56 10016
2018-08-30T16:15Z 45 7 19 82 0 0 55 10016
2018-08-30T16:20Z 45 7 15 82 0 0 54 10016
2018-08-30T16:25Z 45 6 19 82 0 0 53 10016
2018-08-30T16:30Z 45 5 19 82 0 0 53 10017
2018-08-30T16:35Z 180 7 15 82 0 0 51 10017
2018-08-30T16:40Z 135 8 15 82 0 0 50 10017
2018-08-30T16:45Z 180 8 15 82 0 0 49 10016
2018-08-30T16:50Z 180 6 15 82 0 0 49 10017
2018-08-30T16:56Z 90 7 15 82 0 0 48 10017
2018-08-30T17:01Z 45 6 15 82 0 0 47 10017
2018-08-30T17:06Z 45 8 19 82 0 0 47 10017
2018-08-30T17:11Z 45 8 19 82 0 0 46 10016
2018-08-30T17:16Z 45 6 18 82 0 0 46 10017
2018-08-30T17:21Z 45 7 18 82 0 0 46 10016
2018-08-30T17:26Z 45 10 18 82 0 0 46 10016
2018-08-30T17:31Z 90 7 18 82 0 0 46 10016
2018-08-30T17:36Z 180 9 18 82 0 0 45 10017
2018-08-30T17:41Z 180 7 16 82 0 0 45 10017
2018-08-30T17:46Z 135 9 16 82 0 0 45 10016
2018-08-30T17:51Z 45 3 16 82 0 0 45 10017
2018-08-30T17:56Z 45 2 15 81 0 0 44 10017
2018-08-30T18:01Z 45 0 10 81 0 0 43 10017
2018-08-30T18:06Z 45 2 9 81 0 0 42 10017
2018-08-30T18:11Z 45 3 11 80 0 0 40 10017
2018-08-30T18:16Z 45 3 11 80 0 0 39 10018
2018-08-30T18:21Z 45 2 11 80 0 0 39 10018
2018-08-30T18:27Z 45 3 11 80 0 0 38 10018
2018-08-30T18:32Z 45 3 15 80 0 0 37 10017
2018-08-30T18:37Z 45 3 11 80 0 0 37 10017
2018-08-30T18:42Z 45 2 13 79 0 0 36 10016
2018-08-30T18:47Z 45 1 13 79 0 0 36 10016
2018-08-30T18:52Z 45 0 11 79 0 0 37 10015
2018-08-30T18:57Z 45 0 6 79 0 0 36 10016
2018-08-30T19:02Z 45 1 6 79 0 0 36 10015
2018-08-30T19:07Z 180 0 6 79 0 0 36 10015
2018-08-30T19:12Z 45 0 7 79 0 0 36 10015
2018-08-30T19:17Z 135 0 7 79 0 0 35 10015
2018-08-30T19:22Z 45 0 3 79 0 0 34 10015
2018-08-30T19:27Z 45 0 6 79 0 0 34 10015
2018-08-30T19:32Z 45 2 7 79 0 0 33 10015
2018-08-30T19:37Z 45 1 7 79 0 0 33 10014
2018-08-30T19:42Z 45 2 7 79 0 0 32 10015
2018-08-30T19:47Z 45 1 7 79 0 0 32 10015
2018-08-30T19:52Z 45 2 7 79 0 0 31 10015
2018-08-30T19:57Z 45 0 7 79 0 0 32 10016
2018-08-30T20:03Z 45 0 6 79 0 0 31 10016
2018-08-30T20:08Z 45 0 3 79 0 0 31 10016
2018-08-30T20:13Z 45 1 8 78 0 0 31 10015
2018-08-30T20:18Z 45 0 8 78 0 0 31 10014
2018-08-30T20:23Z 45 0 7 78 0 0 30 10014
2018-08-30T20:28Z 45 1 7 78 0 0 30 10013
2018-08-30T20:33Z 45 0 6 78 0 0 30 10013
2018-08-30T20:38Z 45 0 7 78 0 0 30 10011
2018-08-30T20:43Z 45 0 7 78 0 0 30 10011
2018-08-30T20:48Z 45 0 6 78 0 0 29 10012
2018-08-30T20:53Z 45 0 3 78 0 0 29 10011
2018-08-30T20:58Z 45 0 6 78 0 0 29 10011
2018-08-30T21:03Z 45 1 6 78 0 0 29 10011
2018-08-30T21:08Z 45 1 6 78 0 0 29 10012
2018-08-30T21:13Z 45 0 6 78 0 0 29 10013
2018-08-30T21:18Z 225 0 6 78 0 0 29 10011
2018-08-30T21:23Z 45 0 6 78 0 0 29 10012
2018-08-30T21:28Z 45 1 6 78 0 0 29 10011
2018-08-30T21:34Z 45 2 6 78 0 0 29 10011
2018-08-30T21:39Z 45 2 6 78 0 0 29 10011
2018-08-30T21:44Z 45 0 6 78 0 0 29 10013
2018-08-30T21:49Z 45 2 6 78 0 0 29 10012
2018-08-30T21:54Z 45 1 9 78 0 0 29 10012
2018-08-30T21:59Z 45 2 9 78 0 0 29 10011
2018-08-30T22:04Z 45 3 6 78 0 0 29 10011
2018-08-30T22:09Z 45 0 6 78 0 0 29 10012
2018-08-30T22:14Z 45 2 9 78 0 0 29 10012
2018-08-30T22:19Z 45 2 9 78 0 0 29 10012
2018-08-30T22:24Z 45 2 6 78 0 0 29 10012
2018-08-30T22:29Z 45 0 6 78 0 0 29 10014
2018-08-30T22:34Z 45 0 6 78 0 0 29 10014
2018-08-30T22:39Z 45 0 6 78 0 0 29 10014
2018-08-30T22:44Z 45 0 5 78 0 0 29 10013
2018-08-30T22:49Z 45 0 6 78 0 0 30 10013
2018-08-30T22:54Z 45 0 6 78 0 0 30 10012
2018-08-30T22:59Z 45 1 6 78 0 0 30 10013
2018-08-30T23:05Z 45 0 6 78 0 0 30 10013
2018-08-30T23:10Z 45 1 6 78 0 0 30 10013
2018-08-30T23:15Z 45 0 6 78 0 0 29 10014
2018-08-30T23:20Z 45 0 6 79 0 0 29 10015
2018-08-30T23:25Z 45 0 6 79 0 0 29 10015
2018-08-30T23:30Z 45 2 6 80 0 0 28 10016
2018-08-30T23:40Z 45 3 12 82 0 0 27 10017
2018-08-30T23:45Z 45 3 12 82 0 0 27 10017
2018-08-30T23:50Z 45 3 9 83 0 0 28 10017
2018-08-30T23:55Z 45 1 9 84 0 0 28 10018
2018-08-31T00:00Z 45 7 12 85 0 0 34 10020
2018-08-31T00:05Z 45 3 12 85 0 0 33 10020
2018-08-31T00:10Z 45 2 12 86 0 0 32 10018
2018-08-31T00:15Z 45 8 18 87 0 0 39 10021
2018-08-31T00:20Z 45 6 18 87 0 0 40 10020
2018-08-31T00:25Z 45 8 20 88 0 0 41 10023
2018-08-31T00:30Z 45 7 22 89 0 0 46 10024
2018-08-31T00:36Z 45 9 23 89 0 0 47 10023
2018-08-31T00:41Z 45 13 29 90 0 0 51 10024
2018-08-31T00:46Z 45 8 29 91 0 0 52 10025
2018-08-31T00:51Z 135 8 26 92 0 0 53 10026
2018-08-31T00:56Z 135 13 29 91 0 0 54 10026
2018-08-31T01:01Z 45 5 29 91 0 0 54 10026
2018-08-31T01:06Z 135 9 26 92 0 0 55 10026
2018-08-31T01:11Z 135 12 26 92 0 0 55 10027
2018-08-31T01:16Z 180 6 22 93 0 0 55 10027
2018-08-31T01:21Z 90 6 21 94 0 0 55 10027
2018-08-31T01:26Z 45 10 25 95 0 0 53 10027
2018-08-31T01:31Z 45 3 25 95 0 0 54 10028
2018-08-31T01:36Z 135 6 26 96 0 0 52 10029
2018-08-31T01:41Z 45 2 26 97 0 0 51 10027
2018-08-31T01:46Z 45 10 28 98 0 0 48 10029
2018-08-31T01:51Z 45 4 28 99 0 0 48 10028
2018-08-31T01:56Z 45 2 14 101 0 0 46 10029
2018-08-31T02:01Z 45 3 14 103 0 0 42 10030
2018-08-31T02:07Z 45 6 22 103 0 0 41 10030
2018-08-31T02:12Z 45 7 22 104 0 0 40 10030
2018-08-31T02:17Z 45 9 18 103 0 0 40 10028
2018-08-31T02:22Z 90 10 22 102 0 0 42 10028
2018-08-31T02:27Z 45 7 22 102 0 0 42 10029
2018-08-31T02:32Z 45 9 18 101 0 0 42 10030
2018-08-31T02:37Z 45 6 18 100 0 0 45 10030
2018-08-31T02:42Z 45 6 20 101 0 0 43 10030
2018-08-31T02:47Z 45 10 22 102 0 0 42 10030
2018-08-31T02:52Z 45 7 25 105 0 0 40 10029
2018-08-31T02:57Z 45 4 25 105 0 0 39 10027
2018-08-31T03:02Z 45 9 22 105 0 0 39 10028
2018-08-31T03:07Z 45 6 18 105 0 0 37 10027
2018-08-31T03:12Z 45 3 15 104 0 0 39 10026
2018-08-31T03:17Z 45 18 37 103 0 0 40 10027
2018-08-31T03:22Z 45 9 37 101 0 0 43 10027
2018-08-31T03:27Z 45 6 30 103 0 0 42 10026
2018-08-31T03:32Z 45 9 25 102 0 0 42 10026
2018-08-31T03:38Z 45 6 25 104 0 0 40 10026
2018-08-31T03:43Z 45 9 21 106 0 0 37 10026
2018-08-31T03:48Z 45 9 21 106 0 0 37 10026
2018-08-31T03:53Z 45 4 27 104 0 0 41 10026
2018-08-31T03:58Z 45 12 27 106 0 0 37 10025
2018-08-31T04:03Z 45 6 27 106 0 0 39 10022
2018-08-31T04:08Z 45 9 25 110 0 0 35 10023
2018-08-31T04:13Z 45 8 27 112 0 0 32 10022
2018-08-31T04:18Z 45 15 33 111 0 0 32 10022
2018-08-31T04:23Z 45 14 35 109 0 0 34 10019
2018-08-31T04:28Z 45 8 39 108 0 0 36 10020
2018-08-31T04:33Z 90 15 39 110 0 0 33 10020
2018-08-31T04:38Z 45 12 31 110 0 0 32 10019
2018-08-31T04:43Z 45 13 40 111 0 0 32 10018
2018-08-31T04:48Z 45 17 40 110 0 0 31 10017
2018-08-31T04:53Z 90 15 38 107 0 0 34 10016
2018-08-31T04:58Z 90 23 39 106 0 0 35 10016
2018-08-31T05:03Z 90 17 39 106 0 0 36 10014
2018-08-31T05:09Z 90 17 37 106 0 0 35 10014
2018-08-31T05:14Z 45 15 49 108 0 0 34 10014
2018-08-31T05:19Z 45 8 49 107 0 0 35 10012
2018-08-31T05:24Z 45 16 44 109 0 0 33 10012
2018-08-31T05:29Z 45 14 44 108 0 0 33 10010
2018-08-31T05:34Z 90 16 35 108 0 0 33 10010
2018-08-31T05:39Z 45 13 55 105 0 0 36 10009
2018-08-31T05:44Z 45 6 55 107 0 0 36 10007
2018-08-31T05:49Z 45 11 26 109 0 0 33 10007
2018-08-31T05:54Z 45 12 29 111 0 0 30 10007
2018-08-31T05:59Z 45 11 29 111 0 0 31 10005
2018-08-31T06:04Z 45 12 33 110 0 0 32 10003
2018-08-31T06:09Z 45 9 33 111 0 0 31 10003
2018-08-31T06:14Z 45 6 25 112 0 0 31 10001
2018-08-31T06:19Z 45 7 28 112 0 0 30 10002
2018-08-31T06:24Z 45 9 28 112 0 0 30 10002
2018-08-31T06:29Z 45 18 30 111 0 0 30 10000
2018-08-31T06:34Z 45 4 30 110 0 0 32 10000
2018-08-31T06:40Z 45 9 28 110 0 0 32 10000
2018-08-31T06:45Z 180 12 25 107 0 0 34 9999
2018-08-31T06:55Z 90 12 23 107 0 0 33 9995
2018-08-31T07:00Z 45 15 28 108 0 0 32 9997
2018-08-31T07:10Z 45 7 21 109 0 0 32 9996
2018-08-31T07:20Z 45 10 32 107 0 0 34 9995
2018-08-31T07:25Z 90 12 30 107 0 0 34 9995
2018-08-31T07:30Z 135 14 35 107 0 0 34 9994
2018-08-31T07:35Z 45 11 35 107 0 0 35 9994
2018-08-31T07:40Z 45 6 31 107 0 0 33 9993
2018-08-31T07:45Z 45 7 31 108 0 0 33 9993
2018-08-31T07:50Z 45 14 27 108 0 0 32 9992
2018-08-31T07:55Z 45 11 27 108 0 0 32 9991
2018-08-31T08:05Z 45 12 53 107 0 0 33 9993
2018-08-31T08:10Z 45 10 27 108 0 0 32 9992
2018-08-31T08:15Z 135 12 28 107 0 0 33 9993
2018-08-31T08:21Z 45 11 32 106 0 0 34 9992
2018-08-31T08:26Z 45 13 32 106 0 0 35 9990
2018-08-31T08:31Z 45 15 27 106 0 0 35 9992
2018-08-31T08:41Z 45 10 33 102 0 0 39 9990
2018-08-31T08:46Z 45 15 33 101 0 0 41 9990
2018-08-31T08:51Z 45 11 28 99 0 0 43 9992
2018-08-31T09:01Z 45 12 28 97 0 0 46 9991
2018-08-31T09:06Z 90 9 25 97 0 0 47 9992
2018-08-31T09:11Z 45 14 32 98 0 0 46 9992
2018-08-31T09:16Z 45 10 32 99 0 0 43 9991
2018-08-31T09:36Z 45 11 30 97 0 0 46 9993
2018-08-31T09:41Z 90 18 34 96 0 0 47 9992
2018-08-31T09:46Z 45 12 38 96 0 0 47 9994
2018-08-31T09:51Z 45 9 38 97 0 0 47 9994
2018-08-31T09:56Z 45 12 34 97 0 0 47 9995
2018-08-31T10:02Z 45 13 32 95 0 0 49 9995
2018-08-31T10:07Z 45 12 32 94 0 0 51 9995
2018-08-31T10:12Z 45 10 31 94 0 0 52 9995
2018-08-31T10:17Z 45 9 25 93 0 0 53 9996
2018-08-31T10:22Z 45 9 26 92 0 0 54 9995
2018-08-31T10:37Z 45 12 22 91 0 0 55 9998
2018-08-31T10:42Z 90 11 22 91 0 0 56 9999
2018-08-31T10:47Z 45 9 21 91 0 0 57 9997
2018-08-31T10:52Z 45 7 22 91 0 0 57 9998
2018-08-31T10:57Z 45 6 28 90 0 0 57 9999
2018-08-31T11:02Z 45 9 28 90 0 0 58 10000
2018-08-31T11:12Z 135 12 25 89 0 0 59 10001
2018-08-31T11:27Z 90 11 26 88 0 0 59 10003
2018-08-31T11:33Z 135 18 31 88 0 0 60 10005
2018-08-31T11:38Z 45 15 31 88 0 0 60 10003
2018-08-31T11:43Z 45 14 31 88 0 0 60 10004
2018-08-31T11:48Z 45 9 29 88 0 0 60 10004
2018-08-31T11:53Z 90 9 25 88 0 0 60 10005
2018-08-31T11:58Z 45 6 25 87 0 0 60 10006
2018-08-31T12:03Z 45 9 24 87 0 0 60 10007
2018-08-31T12:08Z 135 12 24 87 0 0 60 10009
2018-08-31T12:13Z 90 6 23 87 0 0 60 10009
2018-08-31T12:23Z 90 10 22 87 0 0 60 10010
2018-08-31T12:28Z 45 5 22 87 0 0 60 10010
2018-08-31T12:33Z 135 4 15 87 0 0 60 10010
2018-08-31T12:38Z 45 5 15 87 0 0 60 10010
2018-08-31T12:43Z 135 9 18 87 0 0 60 10011
2018-08-31T12:48Z 45 6 18 87 0 0 60 10011
2018-08-31T12:54Z 135 18 40 87 0 0 59 10011
2018-08-31T12:59Z 45 18 40 87 0 0 60 10013
2018-08-31T13:04Z 135 21 36 86 0 0 60 10013
2018-08-31T13:09Z 135 18 36 86 0 0 60 10014
2018-08-31T13:14Z 45 19 34 86 0 0 60 10015
2018-08-31T13:19Z 45 16 32 86 0 0 60 10015
2018-08-31T13:24Z 180 17 32 86 0 0 60 10017
2018-08-31T13:29Z 45 10 32 86 0 0 60 10016
2018-08-31T13:34Z 135 13 32 86 0 0 60 10016
2018-08-31T13:39Z 45 9 25 85 0 0 60 10016
2018-08-31T13:44Z 45 9 22 85 0 0 59 10017
2018-08-31T13:49Z 45 6 22 85 0 0 59 10018
2018-08-31T13:54Z 45 8 22 85 0 0 58 10018
2018-08-31T13:59Z 180 6 22 85 0 0 58 10019
2018-08-31T14:04Z 45 6 18 85 0 0 58 10020
2018-08-31T14:09Z 135 10 18 85 0 0 57 10020
2018-08-31T14:14Z 135 10 18 85 0 0 57 10022
2018-08-31T14:19Z 90 8 18 85 0 0 57 10023
2018-08-31T14:25Z 135 12 23 85 0 0 56 10022
2018-08-31T14:30Z 45 8 23 85 0 0 56 10023
2018-08-31T14:35Z 180 10 18 84 0 0 55 10023
2018-08-31T14:40Z 180 8 18 84 0 0 55 10024
2018-08-31T14:45Z 45 9 17 84 0 0 54 10023
2018-08-31T14:50Z 45 9 17 84 0 0 54 10024
2018-08-31T15:00Z 45 12 21 84 0 0 52 10026
2018-08-31T15:05Z 135 12 21 84 0 0 51 10027
2018-08-31T15:10Z 90 8 19 85 0 0 51 10028
2018-08-31T15:15Z 45 5 16 85 0 0 50 10027
2018-08-31T15:20Z 135 10 22 85 0 0 50 10028
2018-08-31T15:25Z 180 6 22 85 0 0 50 10027
2018-08-31T15:30Z 45 10 19 85 0 0 50 10028
2018-08-31T15:35Z 90 13 22 84 0 0 49 10028
2018-08-31T15:40Z 45 6 22 84 0 0 49 10027
2018-08-31T15:45Z 45 17 27 84 0 0 48 10028
2018-08-31T15:50Z 180 15 27 84 0 0 49 10027
2018-08-31T15:56Z 135 13 26 84 0 0 49 10028
2018-08-31T16:01Z 135 11 23 84 0 0 48 10028
2018-08-31T16:06Z 135 12 29 84 0 0 48 10029
2018-08-31T16:11Z 45 6 29 84 0 0 48 10030
2018-08-31T16:16Z 45 9 19 83 0 0 49 10029
2018-08-31T16:21Z 45 12 25 83 0 0 50 10029
2018-08-31T16:31Z 90 6 18 83 0 0 50 10028
2018-08-31T16:36Z 45 6 18 83 0 0 49 10029
2018-08-31T16:41Z 180 9 18 83 0 0 48 10029
2018-08-31T16:46Z 45 11 21 83 0 0 48 10029
2018-08-31T16:56Z 135 7 18 83 0 0 47 10030
2018-08-31T17:01Z 45 17 27 83 0 0 46 10030
2018-08-31T17:06Z 90 11 27 83 0 0 46 10029
2018-08-31T17:21Z 90 10 27 82 0 0 43 10028
2018-08-31T17:26Z 90 8 24 82 0 0 41 10028
2018-08-31T17:31Z 45 10 22 82 0 0 41 10027
2018-08-31T17:37Z 45 9 22 82 0 0 40 10026
2018-08-31T17:42Z 135 11 22 82 0 0 39 10025
2018-08-31T17:47Z 135 6 22 82 0 0 38 10026
2018-08-31T17:52Z 180 9 26 82 0 0 37 10026
2018-08-31T17:57Z 45 6 26 81 0 0 36 10025
2018-08-31T18:02Z 45 7 15 81 0 0 35 10025
2018-08-31T18:07Z 45 8 20 81 0 0 35 10023
2018-08-31T18:12Z 45 3 20 81 0 0 34 10023
2018-08-31T18:17Z 135 4 19 81 0 0 34 10024
2018-08-31T18:22Z 45 4 13 81 0 0 34 10022
2018-08-31T18:27Z 90 3 13 81 0 0 33 10023
2018-08-31T18:32Z 45 4 9 81 0 0 33 10023
2018-08-31T18:37Z 90 5 9 81 0 0 33 10022
2018-08-31T18:42Z 45 3 12 81 0 0 32 10022
2018-08-31T18:47Z 45 5 12 81 0 0 32 10022
2018-08-31T18:52Z 135 6 12 81 0 0 32 10020
2018-08-31T18:57Z 90 6 12 81 0 0 32 10021
2018-08-31T19:02Z 135 6 12 81 0 0 31 10020
2018-08-31T19:08Z 45 6 15 81 0 0 31 10020
2018-08-31T19:13Z 45 5 15 81 0 0 31 10019
2018-08-31T19:18Z 90 6 18 80 0 0 31 10019
2018-08-31T19:23Z 45 5 18 80 0 0 31 10017
2018-08-31T19:28Z 45 6 16 80 0 0 31 10018
2018-08-31T19:33Z 45 6 16 80 0 0 31 10018
2018-08-31T19:38Z 45 5 15 80 0 0 31 10016
2018-08-31T19:43Z 45 7 15 80 0 0 31 10016
2018-08-31T19:48Z 180 9 17 80 0 0 30 10016
2018-08-31T19:53Z 90 10 18 80 0 0 30 10015
2018-08-31T19:58Z 90 7 18 80 0 0 30 10016
2018-08-31T20:03Z 90 8 18 80 0 0 30 10015
2018-08-31T20:08Z 90 7 18 80 0 0 30 10015
2018-08-31T20:13Z 90 5 18 80 0 0 30 10014
2018-08-31T20:18Z 45 9 15 80 0 0 30 10015
2018-08-31T20:23Z 180 5 15 80 0 0 30 10015
2018-08-31T20:28Z 90 6 12 80 0 0 30 10015
2018-08-31T20:33Z 180 9 14 80 0 0 30 10015
2018-08-31T20:39Z 135 6 18 80 0 0 29 10014
2018-08-31T20:44Z 90 6 18 80 0 0 30 10015
2018-08-31T20:49Z 90 6 17 80 0 0 30 10014
2018-08-31T20:54Z 45 5 15 80 0 0 30 10016
2018-08-31T20:59Z 135 8 15 80 0 0 30 10016
2018-08-31T21:04Z 45 10 18 80 0 0 30 10016
2018-08-31T21:09Z 90 6 18 80 0 0 30 10017
2018-08-31T21:14Z 45 4 21 80 0 0 30 10016
2018-08-31T21:19Z 90 1 21 80 0 0 30 10016
2018-08-31T21:24Z 135 3 12 80 0 0 30 10017
2018-08-31T21:30Z 45 3 12 80 0 0 30 10016
2018-08-31T21:35Z 45 3 8 80 0 0 30 10017
2018-08-31T21:40Z 45 5 17 80 0 0 30 10017
2018-08-31T21:45Z 45 9 22 80 0 0 30 10017
2018-08-31T21:50Z 90 10 26 80 0 0 30 10017
2018-08-31T21:55Z 180 9 26 80 0 0 31 10019
2018-08-31T22:00Z 45 7 22 80 0 0 31 10017
2018-08-31T22:05Z 135 7 22 80 0 0 31 10019
2018-08-31T22:10Z 45 3 22 80 0 0 31 10019
2018-08-31T22:15Z 45 5 20 80 0 0 30 10019
2018-08-31T22:20Z 45 5 20 80 0 0 30 10018
2018-08-31T22:25Z 45 8 18 80 0 0 30 10019
2018-08-31T22:30Z 90 9 20 80 0 0 30 10019
2018-08-31T22:35Z 45 9 20 80 0 0 30 10019
2018-08-31T22:40Z 90 3 24 80 0 0 30 10019
2018-08-31T22:45Z 45 6 24 80 0 0 30 10017
2018-08-31T22:50Z 45 3 18 79 0 0 30 10019
2018-08-31T22:55Z 45 5 18 79 0 0 30 10019
2018-08-31T23:01Z 45 6 15 79 0 0 30 10018
2018-08-31T23:06Z 90 6 20 80 0 0 30 10019
2018-08-31T23:11Z 45 6 20 80 0 0 30 10020
2018-08-31T23:17Z 45 5 16 80 0 0 30 10019
2018-08-31T23:22Z 45 4 15 80 0 0 30 10020
2018-08-31T23:27Z 90 5 12 80 0 0 30 10020
2018-08-31T23:32Z 45 6 18 81 0 0 31 10020
2018-08-31T23:37Z 45 3 18 81 0 0 31 10020
2018-08-31T23:42Z 45 3 12 82 0 0 32 10021
2018-08-31T23:47Z 180 6 13 83 0 0 34 10020
2018-08-31T23:52Z 45 7 15 83 0 0 35 10022
2018-08-31T23:57Z 45 6 15 83 0 0 36 10022
2018-09-01T00:02Z 45 5 16 84 0 0 36 10023
2018-09-01T00:07Z 45 6 16 84 0 0 36 10025
2018-09-01T00:12Z 45 6 15 84 0 0 37 10026
2018-09-01T00:17Z 135 6 15 85 0 0 38 10029
2018-09-01T00:23Z 90 4 15 85 0 0 38 10029
2018-09-01T00:28Z 45 5 13 86 0 0 41 10030
2018-09-01T00:33Z 45 3 13 87 0 0 42 10030
2018-09-01T00:38Z 90 6 15 87 0 0 46 10032
2018-09-01T00:43Z 90 9 22 87 0 0 46 10033
2018-09-01T00:48Z 45 6 22 87 0 0 46 10030
2018-09-01T00:53Z 45 6 19 88 0 0 48 10032
2018-09-01T00:58Z 45 11 24 88 0 0 50 10033
2018-09-01T01:03Z 135 13 28 88 0 0 51 10033
2018-09-01T01:08Z 90 14 28 87 0 0 49 10031
2018-09-01T01:13Z 45 8 25 88 0 0 49 10032
2018-09-01T01:18Z 45 9 25 89 0 0 52 10032
2018-09-01T01:23Z 45 6 21 90 0 0 53 10033
2018-09-01T01:28Z 45 4 21 92 0 0 53 10033
2018-09-01T01:33Z 180 9 28 91 0 0 54 10035
2018-09-01T01:38Z 90 3 28 91 0 0 54 10034
2018-09-01T01:43Z 135 6 17 91 0 0 55 10036
2018-09-01T01:48Z 45 3 17 92 0 0 55 10034
2018-09-01T01:54Z 90 4 12 92 0 0 55 10035
2018-09-01T01:59Z 45 5 13 93 0 0 55 10034
2018-09-01T02:04Z 45 9 30 95 0 0 53 10035
2018-09-01T02:09Z 135 10 30 96 0 0 52 10034
2018-09-01T02:14Z 45 7 27 95 0 0 52 10034
2018-09-01T02:19Z 90 9 22 98 0 0 50 10034
2018-09-01T02:24Z 45 8 21 100 0 0 47 10035
2018-09-01T02:29Z 45 12 35 101 0 0 44 10035
2018-09-01T02:34Z 45 6 35 101 0 0 45 10034
2018-09-01T02:39Z 45 13 23 103 0 0 42 10035
2018-09-01T02:44Z 45 4 23 104 0 0 42 10035
2018-09-01T02:49Z 45 12 26 104 0 0 40 10034
2018-09-01T02:54Z 45 6 26 102 0 0 43 10034
2018-09-01T02:59Z 45 9 26 103 0 0 42 10034
2018-09-01T03:04Z 45 12 26 100 0 0 45 10033
2018-09-01T03:09Z 45 12 27 97 0 0 49 10033
2018-09-01T03:14Z 45 12 30 96 0 0 50 10031
2018-09-01T03:19Z 45 4 30 99 0 0 48 10030
2018-09-01T03:25Z 45 9 27 101 0 0 45 10031
2018-09-01T03:30Z 45 12 22 100 0 0 46 10029
2018-09-01T03:35Z 135 3 22 99 0 0 47 10029
2018-09-01T03:40Z 135 11 18 98 0 0 47 10030
2018-09-01T03:45Z 45 7 18 98 0 0 47 10030
2018-09-01T03:50Z 45 6 22 98 0 0 48 10030
2018-09-01T03:55Z 45 13 22 96 0 0 50 10028
2018-09-01T04:00Z 45 5 22 96 0 0 52 10028
2018-09-01T04:05Z 45 4 22 99 0 0 49 10027
2018-09-01T04:10Z 45 7 22 103 0 0 43 10027
2018-09-01T04:15Z 135 9 27 104 0 0 42 10025
2018-09-01T04:20Z 180 7 27 105 0 0 41 10026
2018-09-01T04:25Z 45 8 22 106 0 0 40 10024
2018-09-01T04:30Z 45 16 26 104 0 0 42 10023
2018-09-01T04:35Z 45 20 31 101 0 0 45 10023
2018-09-01T04:40Z 45 8 31 100 0 0 47 10023
2018-09-01T04:45Z 90 6 29 102 0 0 45 10023
2018-09-01T04:50Z 45 7 20 105 0 0 40 10022
2018-09-01T04:56Z 45 9 32 106 0 0 39 10020
2018-09-01T05:01Z 45 5 32 106 0 0 38 10019
2018-09-01T05:06Z 45 6 17 109 0 0 36 10018
2018-09-01T05:11Z 90 6 24 111 0 0 35 10018
2018-09-01T05:16Z 45 6 24 112 0 0 33 10016
2018-09-01T05:21Z 45 3 18 113 0 0 33 10016
2018-09-01T05:26Z 45 5 28 114 0 0 31 10014
2018-09-01T05:31Z 45 7 28 116 0 0 30 10014
2018-09-01T05:36Z 45 6 20 113 0 0 31 10013
2018-09-01T05:41Z 45 9 22 110 0 0 33 10012
2018-09-01T05:46Z 45 6 22 110 0 0 34 10012
2018-09-01T05:51Z 45 10 18 112 0 0 32 10012
2018-09-01T05:56Z 45 7 18 109 0 0 35 10010
2018-09-01T06:01Z 45 6 18 108 0 0 35 10009
2018-09-01T06:06Z 45 7 22 107 0 0 37 10009
2018-09-01T06:11Z 45 5 22 107 0 0 37 10007
2018-09-01T06:16Z 45 9 17 108 0 0 36 10006
2018-09-01T06:21Z 45 10 18 109 0 0 33 10004
2018-09-01T06:27Z 45 7 18 110 0 0 33 10003
2018-09-01T06:32Z 135 6 17 111 0 0 32 10002
2018-09-01T06:37Z 45 5 18 111 0 0 32 10003
2018-09-01T06:42Z 45 6 19 113 0 0 31 10002
2018-09-01T06:47Z 90 9 23 112 0 0 30 10002
2018-09-01T06:52Z 45 7 23 110 0 0 32 10001
2018-09-01T06:57Z 45 10 18 107 0 0 35 10000
2018-09-01T07:02Z 90 9 20 105 0 0 38 9999
2018-09-01T07:07Z 45 6 20 105 0 0 37 9998
2018-09-01T07:12Z 45 5 16 107 0 0 35 9997
2018-09-01T07:17Z 45 7 15 109 0 0 33 9997
2018-09-01T07:22Z 45 8 19 110 0 0 33 9997
2018-09-01T07:27Z 90 8 22 109 0 0 34 9996
2018-09-01T07:32Z 45 4 22 109 0 0 35 9994
2018-09-01T07:37Z 45 8 28 109 0 0 35 9991
2018-09-01T07:42Z 45 10 28 108 0 0 36 9990
2018-09-01T07:47Z 45 16 34 105 0 0 39 9990
2018-09-01T07:52Z 45 13 34 102 0 0 42 9991
2018-09-01T07:58Z 45 16 33 99 0 0 45 9989
2018-09-01T08:03Z 45 22 55 95 0 0 51 9991
2018-09-01T08:08Z 45 24 59 93 0 0 55 9995
2018-09-01T08:13Z 45 52 82 87 0 0 56 9993
2018-09-01T08:23Z 180 37 117 75 39 39 32 10007
2018-09-01T08:28Z 90 15 99 74 81 81 32 10010
2018-09-01T08:33Z 90 18 31 73 113 113 33 10011
2018-09-01T08:38Z 45 12 34 73 132 132 33 10008
2018-09-01T08:43Z 45 6 34 73 146 146 34 10005
2018-09-01T08:48Z 45 13 27 72 163 163 34 10006
2018-09-01T08:53Z 135 23 34 73 170 170 35 10005
2018-09-01T08:58Z 180 21 34 73 174 174 35 10005
2018-09-01T09:03Z 135 15 34 74 176 176 35 10003
2018-09-01T09:08Z 90 16 31 74 179 179 35 10000
2018-09-01T09:13Z 45 9 29 74 183 183 35 9996
2018-09-01T09:19Z 45 4 25 75 167 187 35 9996
2018-09-01T09:24Z 45 4 13 75 139 187 35 9996
2018-09-01T09:29Z 45 2 11 75 106 188 35 9998
2018-09-01T09:34Z 45 1 7 75 70 188 35 9996
2018-09-01T09:39Z 45 1 7 75 52 188 35 9998
2018-09-01T09:44Z 45 0 7 75 37 188 35 10001
2018-09-01T09:49Z 90 0 5 76 22 188 35 10001
2018-09-01T09:54Z 45 0 5 76 16 188 35 10001
2018-09-01T09:59Z 180 0 5 76 14 188 35 10002
2018-09-01T10:04Z 315 0 3 76 11 188 35 10002
2018-09-01T10:09Z 45 0 6 76 7 188 35 10002
2018-09-01T10:14Z 45 1 7 76 3 188 35 10003
2018-09-01T10:19Z 225 0 7 76 1 188 35 10003
2018-09-01T10:24Z 45 0 4 76 1 188 35 10005
2018-09-01T10:29Z 45 0 7 76 0 188 35 10004
2018-09-01T10:34Z 45 2 7 76 0 188 35 10004
2018-09-01T10:39Z 45 0 7 76 0 188 35 10006
2018-09-01T10:44Z 45 0 3 76 0 188 35 10006
2018-09-01T10:50Z 180 0 3 76 0 188 35 10007
2018-09-01T10:55Z 135 0 4 76 0 188 35 10006
2018-09-01T11:00Z 180 0 4 76 0 188 35 10007
2018-09-01T11:05Z 180 0 4 76 0 188 35 10008
2018-09-01T11:10Z 135 0 4 76 0 188 35 10007
2018-09-01T11:15Z 135 0 3 76 0 188 35 10006
2018-09-01T11:20Z 225 0 2 76 0 188 35 10005
2018-09-01T11:25Z 225 2 4 76 0 188 35 10004
2018-09-01T11:30Z 180 4 7 76 0 188 35 10005
2018-09-01T11:35Z 180 5 7 76 0 188 35 10006
2018-09-01T11:40Z 180 3 7 76 0 188 34 10005
2018-09-01T11:45Z 180 2 7 76 0 188 34 10005
2018-09-01T11:50Z 135 4 10 76 0 188 34 10004
2018-09-01T11:55Z 225 6 11 76 0 188 34 10005
2018-09-01T12:00Z 180 6 11 76 0 188 34 10006
2018-09-01T12:05Z 180 3 11 76 0 188 34 10008
2018-09-01T12:10Z 180 0 7 77 0 188 33 10011
2018-09-01T12:16Z 90 0 7 77 0 188 33 10013
2018-09-01T12:26Z 225 0 3 77 0 188 33 10014
2018-09-01T12:31Z 90 0 4 77 0 188 34 10016
2018-09-01T12:36Z 135 3 7 77 0 188 34 10015
2018-09-01T12:41Z 45 2 8 77 0 188 34 10017
2018-09-01T12:46Z 45 5 10 77 0 188 34 10018
2018-09-01T12:51Z 135 4 15 77 0 188 34 10018
2018-09-01T12:56Z 45 2 15 77 0 188 34 10018
2018-09-01T13:01Z 135 0 9 77 1 189 34 10018
2018-09-01T13:06Z 45 0 3 77 1 189 34 10019
2018-09-01T13:11Z 45 0 4 77 1 189 34 10020
2018-09-01T13:16Z 45 0 4 77 1 189 34 10021
2018-09-01T13:21Z 45 0 3 77 1 189 34 10022
2018-09-01T13:26Z 45 1 6 77 1 189 34 10023
2018-09-01T13:31Z 45 2 6 77 1 189 34 10024
2018-09-01T13:36Z 45 2 6 77 2 191 34 10024
2018-09-01T13:41Z 45 2 7 77 2 191 34 10026
2018-09-01T13:46Z 45 1 7 76 2 191 34 10026
2018-09-01T13:52Z 45 3 6 76 2 191 34 10026
2018-09-01T13:57Z 135 0 6 76 2 191 34 10028
2018-09-01T14:02Z 135 3 9 77 1 191 34 10028
2018-09-01T14:07Z 45 1 9 76 1 191 33 10026
2018-09-01T14:12Z 45 1 6 76 1 191 34 10028
2018-09-01T14:17Z 45 0 4 76 1 191 34 10026
2018-09-01T14:22Z 45 0 4 76 1 191 34 10026
2018-09-01T14:27Z 45 0 3 77 1 191 34 10025
2018-09-01T14:32Z 45 0 6 77 1 191 34 10024
2018-09-01T14:37Z 45 1 6 77 0 191 34 10024
2018-09-01T14:42Z 45 0 3 77 0 191 34 10024
2018-09-01T14:47Z 45 0 3 77 0 191 34 10026
2018-09-01T14:52Z 90 0 3 77 0 191 34 10025
2018-09-01T15:02Z 45 0 3 77 0 191 34 10025
2018-09-01T15:07Z 135 0 0 77 0 191 34 10023
2018-09-01T15:17Z 45 0 3 77 0 191 34 10021
2018-09-01T15:22Z 45 0 3 77 0 191 34 10022
2018-09-01T15:28Z 90 0 3 77 0 191 34 10021
2018-09-01T15:33Z 225 0 1 77 0 191 34 10022
2018-09-01T15:38Z 270 0 0 77 0 191 34 10021
2018-09-01T15:43Z 225 0 3 77 0 191 34 10020
2018-09-01T15:48Z 225 0 3 77 0 191 34 10019
2018-09-01T15:53Z 225 0 2 77 0 191 34 10020
2018-09-01T15:58Z 180 0 2 77 0 191 34 10021
2018-09-01T16:03Z 225 0 3 77 0 191 34 10021
2018-09-01T16:08Z 225 0 3 77 0 191 34 10020
2018-09-01T16:13Z 135 0 0 77 0 191 34 10019
2018-09-01T16:18Z 270 0 0 77 0 191 34 10020
2018-09-01T16:23Z 180 0 2 77 0 191 34 10018
2018-09-01T16:28Z 225 0 2 77 0 191 34 10016
2018-09-01T16:33Z 225 0 2 77 0 191 34 10015
2018-09-01T16:38Z 225 0 2 77 0 191 34 10014
2018-09-01T16:43Z 90 0 2 77 0 191 34 10013
2018-09-01T16:48Z 45 0 3 77 0 191 34 10013
2018-09-01T16:53Z 180 0 3 77 0 191 34 10013
2018-09-01T16:59Z 270 0 0 77 0 191 34 10011
2018-09-01T17:04Z 270 0 0 77 0 191 34 10011
2018-09-01T17:09Z 135 0 3 76 0 191 34 10011
2018-09-01T17:14Z 135 0 3 76 0 191 34 10010
2018-09-01T17:19Z 180 0 3 77 0 191 34 10008
2018-09-01T17:24Z 180 0 2 77 0 191 34 10007
2018-09-01T17:29Z 90 0 2 77 0 191 34 10007
2018-09-01T17:34Z 270 0 2 76 0 191 34 10007
2018-09-01T17:39Z 225 0 2 76 0 191 34 10006
2018-09-01T17:44Z 270 0 1 76 0 191 34 10006
2018-09-01T17:49Z 180 0 2 76 0 191 34 10007
2018-09-01T17:54Z 180 0 2 76 0 191 34 10006
2018-09-01T17:59Z 180 0 3 76 0 191 34 10004
2018-09-01T18:04Z 270 0 3 76 0 191 34 10004
2018-09-01T18:09Z 270 0 2 76 0 191 35 10003
2018-09-01T18:14Z 270 0 2 76 0 191 35 10002
2018-09-01T18:19Z 135 0 4 76 0 191 35 10000
2018-09-01T18:24Z 90 0 5 76 0 191 35 10000
2018-09-01T18:30Z 45 1 6 76 0 191 35 9999
2018-09-01T18:35Z 45 0 6 76 0 191 35 9998
2018-09-01T18:40Z 180 0 5 76 0 191 35 9997
2018-09-01T18:45Z 180 0 2 76 0 191 35 9998
2018-09-01T18:50Z 180 0 0 76 0 191 35 9997
2018-09-01T18:55Z 180 0 0 76 0 191 35 9996
2018-09-01T19:00Z 270 0 0 76 0 191 35 9996
2018-09-01T19:05Z 270 0 0 76 0 191 35 9997
2018-09-01T19:10Z 225 0 0 76 0 191 35 9997
2018-09-01T19:15Z 225 0 0 76 0 191 35 9995
2018-09-01T19:20Z 225 0 0 76 0 191 35 9994
2018-09-01T19:25Z 225 0 0 76 0 191 35 9993
2018-09-01T19:30Z 225 0 0 76 0 191 35 9993
2018-09-01T19:35Z 225 1 3 76 0 191 35 9993
2018-09-01T19:40Z 180 1 4 76 0 191 35 9991
2018-09-01T19:45Z 225 3 6 77 0 191 35 9992
2018-09-01T19:50Z 225 0 6 77 0 191 35 9992
2018-09-01T19:55Z 180 0 7 77 0 191 35 9992
2018-09-01T20:01Z 225 0 7 77 0 191 35 9991
2018-09-01T20:06Z 225 0 0 76 0 191 35 9990
2018-09-01T20:11Z 180 0 0 76 0 191 35 9991
2018-09-01T20:16Z 180 0 2 76 0 191 35 9991
2018-09-01T20:21Z 45 0 3 76 0 191 35 9991
2018-09-01T20:26Z 180 0 3 76 0 191 35 9992
2018-09-01T20:31Z 135 1 4 76 0 191 35 9992
2018-09-01T20:36Z 135 2 5 77 0 191 35 9991
2018-09-01T20:41Z 45 0 5 77 0 191 35 9992
2018-09-01T20:46Z 90 0 4 77 0 191 35 9993
2018-09-01T20:51Z 45 0 4 77 0 191 35 9992
2018-09-01T20:56Z 45 0 3 77 0 191 35 9995
2018-09-01T21:01Z 135 1 5 77 0 191 35 9994
2018-09-01T21:06Z 45 1 5 77 0 191 35 9994
2018-09-01T21:11Z 45 0 5 77 0 191 35 9995
2018-09-01T21:16Z 45 3 9 77 0 191 35 9995
2018-09-01T21:21Z 180 4 9 77 0 191 34 9994
2018-09-01T21:27Z 180 3 9 77 0 191 34 9994
2018-09-01T21:32Z 180 3 8 77 0 191 34 9993
2018-09-01T21:37Z 90 2 8 77 0 191 34 9995
2018-09-01T21:42Z 180 3 6 77 0 191 34 9995
2018-09-01T21:47Z 90 3 7 77 0 191 34 9996
2018-09-01T21:52Z 135 2 7 77 0 191 34 9996
2018-09-01T21:57Z 180 3 5 77 0 191 34 9997
2018-09-01T22:02Z 180 3 6 77 0 191 34 9998
2018-09-01T22:12Z 45 2 6 77 0 191 34 9999
2018-09-01T22:17Z 180 0 5 77 0 191 34 10000
2018-09-01T22:22Z 180 1 5 77 0 191 34 10000
2018-09-01T22:27Z 90 1 3 77 0 191 34 10001
2018-09-01T22:32Z 135 1 4 77 0 191 34 10001
2018-09-01T22:53Z 135 0 3 77 0 191 34 10001
2018-09-01T23:03Z 180 0 2 77 0 191 35 10003
2018-09-01T23:08Z 180 0 2 77 0 191 35 10004
2018-09-01T23:13Z 0 0 2 77 0 191 35 10004
2018-09-01T23:53Z 45 0 3 81 1 192 33 10005
2018-09-01T23:58Z 225 0 3 83 1 192 33 10007
2018-09-02T00:03Z 135 0 3 84 1 192 33 10007
2018-09-02T00:08Z 45 0 3 84 1 192 33 10007
2018-09-02T00:13Z 225 0 3 85 1 192 32 10009
2018-09-02T00:19Z 135 0 3 86 1 192 31 10012
2018-09-02T00:24Z 45 0 0 87 1 192 31 10012
2018-09-02T00:29Z 90 0 7 87 1 192 29 10013
2018-09-02T00:34Z 45 0 7 87 1 192 28 10013
2018-09-02T00:44Z 45 0 9 88 0 0 27 10013
2018-09-02T00:49Z 45 0 8 89 0 0 26 10013
2018-09-02T01:00Z 180 2 10 91 0 0 34 10016
2018-09-02T01:20Z 45 2 9 93 0 0 51 10015
2018-09-02T01:25Z 180 5 12 93 0 0 54 10017
2018-09-02T01:30Z 90 5 12 93 0 0 55 10016
2018-09-02T01:40Z 45 3 15 95 0 0 56 10016
2018-09-02T01:45Z 45 6 13 95 0 0 56 10016
2018-09-02T01:50Z 225 8 18 94 0 0 57 10015
2018-09-02T01:55Z 45 6 18 94 0 0 57 10015
2018-09-02T02:00Z 45 3 14 94 0 0 57 10015
2018-09-02T02:05Z 90 6 14 96 0 0 55 10015
2018-09-02T02:10Z 90 9 22 96 0 0 55 10015
2018-09-02T02:15Z 180 6 22 96 0 0 56 10015
2018-09-02T02:20Z 45 5 13 96 0 0 55 10014
2018-09-02T02:25Z 45 8 18 95 0 0 55 10014
2018-09-02T02:31Z 180 10 18 94 0 0 57 10014
2018-09-02T02:36Z 90 9 18 94 0 0 57 10014
2018-09-02T02:41Z 135 12 20 94 0 0 57 10013
2018-09-02T02:46Z 45 2 20 95 0 0 57 10013
2018-09-02T02:51Z 45 4 13 98 0 0 54 10013
2018-09-02T02:56Z 45 3 13 101 0 0 50 10012
2018-09-02T03:01Z 45 2 18 102 0 0 49 10012
2018-09-02T03:06Z 45 2 18 103 0 0 48 10012
2018-09-02T03:11Z 45 7 14 106 0 0 43 10012
2018-09-02T03:16Z 45 6 14 108 0 0 40 10010
2018-09-02T03:21Z 90 9 19 110 0 0 38 10010
2018-09-02T03:26Z 45 6 19 111 0 0 36 10010
2018-09-02T03:31Z 45 4 13 112 0 0 36 10009
2018-09-02T03:36Z 45 7 17 113 0 0 34 10008
2018-09-02T03:41Z 45 9 18 113 0 0 34 10008
2018-09-02T03:46Z 90 9 22 110 0 0 35 10008
2018-09-02T03:51Z 135 9 28 106 0 0 39 10006
2018-09-02T03:56Z 45 6 28 105 0 0 42 10006
2018-09-02T04:02Z 45 9 14 103 0 0 42 10005
2018-09-02T04:07Z 45 7 17 100 0 0 46 10004
2018-09-02T04:12Z 135 4 17 99 0 0 49 10002
2018-09-02T04:17Z 90 7 14 101 0 0 45 10002
2018-09-02T04:22Z 135 12 22 104 0 0 42 10001
2018-09-02T04:27Z 45 6 22 107 0 0 38 10001
2018-09-02T04:32Z 45 12 22 106 0 0 38 10001
2018-09-02T04:37Z 90 11 22 103 0 0 41 10001
2018-09-02T04:42Z 135 9 22 102 0 0 45 10000
2018-09-02T04:47Z 45 6 22 103 0 0 43 10000
2018-09-02T04:52Z 135 5 21 106 0 0 39 9999
2018-09-02T04:57Z 90 9 14 105 0 0 40 9999
2018-09-02T05:02Z 45 6 22 103 0 0 42 9997
2018-09-02T05:07Z 45 4 22 103 0 0 43 9996
2018-09-02T05:12Z 90 9 22 103 0 0 42 9995
2018-09-02T05:17Z 90 10 22 101 0 0 43 9993
2018-09-02T05:22Z 45 6 18 100 0 0 45 9993
2018-09-02T05:27Z 90 10 18 100 0 0 46 9992
2018-09-02T05:33Z 45 7 22 99 0 0 47 9993
2018-09-02T05:38Z 45 4 22 101 0 0 46 9992
2018-09-02T05:43Z 45 9 21 103 0 0 41 9992
2018-09-02T05:48Z 135 9 22 101 0 0 43 9990
2018-09-02T05:53Z 90 2 22 101 0 0 45 9988
2018-09-02T05:58Z 135 8 18 103 0 0 44 9988
2018-09-02T06:03Z 90 6 18 106 0 0 40 9988
2018-09-02T06:08Z 90 10 22 108 0 0 37 9988
2018-09-02T06:13Z 45 10 22 105 0 0 38 9986
2018-09-02T06:18Z 45 6 21 105 0 0 40 9984
2018-09-02T06:23Z 45 4 18 107 0 0 38 9984
2018-09-02T06:28Z 45 7 17 110 0 0 35 9984
2018-09-02T06:33Z 45 7 18 108 0 0 36 9981
2018-09-02T06:38Z 45 5 18 107 0 0 37 9982
2018-09-02T06:43Z 45 5 18 105 0 0 39 9980
2018-09-02T06:48Z 90 5 22 106 0 0 39 9980
2018-09-02T06:53Z 45 3 22 108 0 0 37 9981
2018-09-02T06:58Z 45 9 20 110 0 0 34 9980
2018-09-02T07:04Z 45 11 22 111 0 0 34 9979
2018-09-02T07:09Z 90 10 26 110 0 0 35 9978
2018-09-02T07:14Z 45 4 26 109 0 0 35 9975
2018-09-02T07:19Z 45 5 15 109 0 0 35 9975
2018-09-02T07:24Z 45 13 27 107 0 0 36 9975
2018-09-02T07:29Z 45 10 27 106 0 0 37 9973
