2018-12-03T00:50Z 135 0 6 87 0 0 65 10040
2018-12-03T00:55Z 90 1 8 88 0 0 63 10034
2018-12-03T01:00Z 135 0 8 89 0 0 61 10040
2018-12-03T01:05Z 135 0 4 89 0 0 60 10042
2018-12-03T01:10Z 45 0 4 90 0 0 60 10042
2018-12-03T01:16Z 45 0 9 90 0 0 57 10036
2018-12-03T01:21Z 135 0 9 90 0 0 57 10041
2018-12-03T01:26Z 90 1 9 91 0 0 56 10044
2018-12-03T01:31Z 135 3 11 92 0 0 52 10046
2018-12-03T01:36Z 135 4 12 93 0 0 49 10050
2018-12-03T01:41Z 45 5 12 94 0 0 47 10048
2018-12-03T01:46Z 90 3 11 96 0 0 44 10047
2018-12-03T01:51Z 135 1 9 97 0 0 44 10045
2018-12-03T01:56Z 45 3 9 98 0 0 41 10039
2018-12-03T02:01Z 45 3 11 99 0 0 40 10041
2018-12-03T02:06Z 45 2 13 99 0 0 40 10044
2018-12-03T02:11Z 45 1 13 100 0 0 38 10049
2018-12-03T02:17Z 45 1 13 100 0 0 38 10049
2018-12-03T02:22Z 45 1 13 100 0 0 38 10049
2018-12-03T02:27Z 45 1 13 100 0 0 38 10049
2018-12-03T02:32Z 45 1 13 100 0 0 38 10049
2018-12-03T02:37Z 45 1 13 100 0 0 38 10049
2018-12-03T02:42Z 45 1 13 100 0 0 38 10049
2018-12-03T02:47Z 45 1 13 100 0 0 38 10049
2018-12-03T02:52Z 45 1 13 100 0 0 38 10049
2018-12-03T02:57Z 45 1 13 100 0 0 38 10049
2018-12-03T03:02Z 45 1 13 100 0 0 38 10049
2018-12-03T03:07Z 90 5 13 98 0 0 42 10037
2018-12-03T03:12Z 45 11 22 97 0 0 41 10034
2018-12-03T03:17Z 90 10 23 94 0 0 43 10033
2018-12-03T03:22Z 180 3 23 94 0 0 45 10039
2018-12-03T03:27Z 45 8 21 96 0 0 43 10037
2018-12-03T03:32Z 135 6 21 97 0 0 42 10036
2018-12-03T03:37Z 45 9 18 96 0 0 43 10031
2018-12-03T03:42Z 45 3 18 97 0 0 43 10034
2018-12-03T03:47Z 45 3 18 98 0 0 42 10037
2018-12-03T03:52Z 45 7 15 99 0 0 41 10030
2018-12-03T03:57Z 90 0 15 99 0 0 42 10033
2018-12-03T04:03Z 45 4 13 100 0 0 40 10033
2018-12-03T04:08Z 45 2 14 101 0 0 41 10034
2018-12-03T04:13Z 90 9 16 101 0 0 40 10027
2018-12-03T04:18Z 90 3 16 101 0 0 41 10029
2018-12-03T04:23Z 135 4 18 101 0 0 40 10023
2018-12-03T04:28Z 45 1 18 102 0 0 39 10030
2018-12-03T04:33Z 45 0 13 103 0 0 37 10031
2018-12-03T04:38Z 45 3 13 104 0 0 36 10028
2018-12-03T04:43Z 45 3 13 105 0 0 35 10028
2018-12-03T04:48Z 45 0 10 106 0 0 34 10025
2018-12-03T04:53Z 45 4 18 107 0 0 33 10026
2018-12-03T04:58Z 45 5 18 107 0 0 32 10024
2018-12-03T05:03Z 45 5 12 105 0 0 32 10018
2018-12-03T05:08Z 45 0 11 105 0 0 34 10020
2018-12-03T05:13Z 45 2 7 106 0 0 33 10021
2018-12-03T05:18Z 90 9 16 105 0 0 32 10014
2018-12-03T05:24Z 45 5 18 104 0 0 34 10014
2018-12-03T05:29Z 45 5 18 104 0 0 34 10014
2018-12-03T05:34Z 45 5 18 104 0 0 34 10014
2018-12-03T05:39Z 135 3 22 101 0 0 36 10014
2018-12-03T05:44Z 45 4 13 101 0 0 37 10015
2018-12-03T05:49Z 45 4 22 102 0 0 36 10007
2018-12-03T05:54Z 45 3 22 102 0 0 36 10014
2018-12-03T05:59Z 135 5 18 103 0 0 35 10011
2018-12-03T06:04Z 45 5 18 103 0 0 35 10008
2018-12-03T06:09Z 45 4 18 102 0 0 35 10009
2018-12-03T06:14Z 45 4 18 103 0 0 35 10008
2018-12-03T06:19Z 45 6 13 103 0 0 34 10007
2018-12-03T06:24Z 45 9 18 104 0 0 34 10005
2018-12-03T06:29Z 135 10 22 103 0 0 33 10003
2018-12-03T06:34Z 45 9 22 103 0 0 34 10002
2018-12-03T06:39Z 45 8 22 103 0 0 34 10004
2018-12-03T06:44Z 135 15 27 101 0 0 35 9997
2018-12-03T06:50Z 45 13 31 100 0 0 36 10001
2018-12-03T06:55Z 135 8 36 99 0 0 39 9999
2018-12-03T07:02Z 90 7 22 100 0 0 38 10002
2018-12-03T07:07Z 45 12 18 100 0 0 37 9998
2018-12-03T07:12Z 90 13 26 100 0 0 37 9995
2018-12-03T07:17Z 45 5 26 100 0 0 38 9999
2018-12-03T07:23Z 135 13 27 99 0 0 37 9997
2018-12-03T07:28Z 45 6 27 99 0 0 39 9996
2018-12-03T07:33Z 135 8 18 99 0 0 38 9997
2018-12-03T07:38Z 90 12 29 98 0 0 38 9993
2018-12-03T07:43Z 45 6 29 97 0 0 41 9996
2018-12-03T07:48Z 45 6 26 97 0 0 41 9999
2018-12-03T07:53Z 45 6 18 97 0 0 41 9998
2018-12-03T07:58Z 90 13 26 97 0 0 41 9996
2018-12-03T08:03Z 90 8 26 96 0 0 42 9996
2018-12-03T08:08Z 45 7 22 96 0 0 43 9994
2018-12-03T08:13Z 45 3 18 96 0 0 43 9997
2018-12-03T08:18Z 45 5 15 96 0 0 43 9998
2018-12-03T08:23Z 135 6 18 95 0 0 43 9996
2018-12-03T08:28Z 45 7 18 94 0 0 44 9994
2018-12-03T08:33Z 45 12 28 93 0 0 46 9991
2018-12-03T08:38Z 45 9 28 92 0 0 48 9995
2018-12-03T08:43Z 90 9 28 92 0 0 49 9994
2018-12-03T08:49Z 90 9 23 91 0 0 50 9994
2018-12-03T08:54Z 135 4 18 90 0 0 51 9996
2018-12-03T08:59Z 45 6 18 91 0 0 51 9997
2018-12-03T09:04Z 45 12 26 90 0 0 51 9996
2018-12-03T09:09Z 45 7 26 90 0 0 52 9998
2018-12-03T09:14Z 45 4 18 90 0 0 52 9999
2018-12-03T09:19Z 45 6 18 90 0 0 52 9997
2018-12-03T09:24Z 45 6 22 90 0 0 53 9999
2018-12-03T09:29Z 45 9 22 89 0 0 54 9997
2018-12-03T09:34Z 135 12 22 89 0 0 55 9999
2018-12-03T09:39Z 45 13 32 88 0 0 56 9997
2018-12-03T09:44Z 45 13 32 88 0 0 57 10000
2018-12-03T09:49Z 45 12 36 87 0 0 58 10000
2018-12-03T09:54Z 45 8 40 87 0 0 58 10001
2018-12-03T09:59Z 90 10 40 86 0 0 59 10001
2018-12-03T10:04Z 90 11 26 86 0 0 60 10001
2018-12-03T10:10Z 135 9 26 86 0 0 61 10001
2018-12-03T10:15Z 45 6 22 85 0 0 62 10001
2018-12-03T10:20Z 45 7 22 85 0 0 62 10001
2018-12-03T10:25Z 135 9 22 85 0 0 63 10002
2018-12-03T10:30Z 135 9 22 85 0 0 63 10003
2018-12-03T10:35Z 90 5 22 85 0 0 64 10004
2018-12-03T10:40Z 90 4 19 85 0 0 64 10006
2018-12-03T10:45Z 45 3 12 84 0 0 65 10006
2018-12-03T10:50Z 90 4 18 84 0 0 65 10007
2018-12-03T10:55Z 90 4 18 84 0 0 65 10009
2018-12-03T11:00Z 90 1 13 84 0 0 66 10010
2018-12-03T11:05Z 90 8 21 84 0 0 66 10010
2018-12-03T11:10Z 90 3 21 84 0 0 66 10009
2018-12-03T11:15Z 90 5 13 84 0 0 66 10012
2018-12-03T11:20Z 180 4 13 84 0 0 66 10011
2018-12-03T11:25Z 135 1 10 84 0 0 67 10010
2018-12-03T11:31Z 90 2 9 84 0 0 67 10014
2018-12-03T11:36Z 135 2 9 84 0 0 67 10014
2018-12-03T11:41Z 90 0 9 84 0 0 67 10015
2018-12-03T11:46Z 180 1 12 84 0 0 68 10016
2018-12-03T11:51Z 225 0 12 84 0 0 68 10017
2018-12-03T11:56Z 45 0 4 83 0 0 68 10016
2018-12-03T12:01Z 45 0 9 83 0 0 68 10017
2018-12-03T12:06Z 315 0 9 83 0 0 68 10018
2018-12-03T12:11Z 90 0 8 83 0 0 69 10020
2018-12-03T12:16Z 180 0 8 83 0 0 69 10020
2018-12-03T12:21Z 45 2 9 83 0 0 70 10020
2018-12-03T12:26Z 90 0 9 83 0 0 70 10022
2018-12-03T12:31Z 90 0 9 83 0 0 70 10023
2018-12-03T12:36Z 270 0 9 83 0 0 70 10022
2018-12-03T12:41Z 180 0 5 83 0 0 69 10021
2018-12-03T12:46Z 225 0 5 83 0 0 69 10021
2018-12-03T12:51Z 180 0 4 83 0 0 69 10021
2018-12-03T12:57Z 90 0 4 83 0 0 69 10021
2018-12-03T13:02Z 135 0 4 83 0 0 69 10023
2018-12-03T13:07Z 180 0 9 83 0 0 70 10025
2018-12-03T13:12Z 225 0 9 83 0 0 70 10027
2018-12-03T13:17Z 225 0 4 83 0 0 70 10026
2018-12-03T13:22Z 225 0 4 83 0 0 70 10027
2018-12-03T13:27Z 225 0 4 83 0 0 70 10025
2018-12-03T13:32Z 135 1 13 83 0 0 70 10027
2018-12-03T13:37Z 135 3 13 83 0 0 70 10027
2018-12-03T13:42Z 90 3 9 83 0 0 70 10026
2018-12-03T13:47Z 225 1 9 83 0 0 70 10027
2018-12-03T13:52Z 225 1 9 83 0 0 71 10026
2018-12-03T13:57Z 225 3 9 82 0 0 71 10028
2018-12-03T14:02Z 135 5 12 82 0 0 71 10028
2018-12-03T14:07Z 225 4 12 82 0 0 71 10028
2018-12-03T14:12Z 45 0 9 82 0 0 71 10029
2018-12-03T14:18Z 45 1 9 82 0 0 71 10030
2018-12-03T14:23Z 180 2 9 82 0 0 71 10030
2018-12-03T14:28Z 45 3 9 82 0 0 71 10032
2018-12-03T14:33Z 135 3 17 82 0 0 71 10031
2018-12-03T14:38Z 45 2 17 82 0 0 71 10030
2018-12-03T14:43Z 45 2 13 82 0 0 72 10031
2018-12-03T14:48Z 180 0 13 82 0 0 72 10031
2018-12-03T14:53Z 45 6 18 82 0 0 72 10031
2018-12-03T14:58Z 45 4 18 82 0 0 72 10031
2018-12-03T15:03Z 45 2 13 82 0 0 72 10030
2018-12-03T15:08Z 45 0 13 82 0 0 72 10029
2018-12-03T15:13Z 90 3 13 82 0 0 72 10029
2018-12-03T15:18Z 135 2 13 82 0 0 72 10031
2018-12-03T15:23Z 90 4 9 82 0 0 72 10030
2018-12-03T15:28Z 45 2 12 82 0 0 72 10030
2018-12-03T15:33Z 90 0 13 82 0 0 72 10030
2018-12-03T15:39Z 45 0 13 82 0 0 72 10030
2018-12-03T15:44Z 45 0 9 82 0 0 73 10029
2018-12-03T15:49Z 180 4 9 82 0 0 73 10029
2018-12-03T15:54Z 135 5 13 82 0 0 73 10028
2018-12-03T15:59Z 90 2 13 81 0 0 73 10028
2018-12-03T16:04Z 45 0 13 81 0 0 74 10028
2018-12-03T16:09Z 135 1 4 81 0 0 74 10030
2018-12-03T16:14Z 90 0 5 81 0 0 74 10029
2018-12-03T16:19Z 90 0 5 81 0 0 74 10028
2018-12-03T16:24Z 90 3 9 81 0 0 75 10027
2018-12-03T16:29Z 90 0 9 81 0 0 75 10028
2018-12-03T16:34Z 180 0 8 81 0 0 76 10029
2018-12-03T16:39Z 270 0 4 81 0 0 75 10028
2018-12-03T16:44Z 45 0 6 81 0 0 76 10028
2018-12-03T16:49Z 45 3 10 81 0 0 75 10026
2018-12-03T16:54Z 90 5 14 81 0 0 75 10027
2018-12-03T16:59Z 90 9 18 81 0 0 74 10026
2018-12-03T17:05Z 45 13 22 81 0 0 75 10024
2018-12-03T17:10Z 135 13 27 81 0 0 75 10023
2018-12-03T17:15Z 90 11 27 80 0 0 75 10023
2018-12-03T17:20Z 135 8 26 80 0 0 76 10023
2018-12-03T17:25Z 135 8 21 80 0 0 76 10022
2018-12-03T17:30Z 135 7 20 80 0 0 77 10021
2018-12-03T17:35Z 135 6 16 80 0 0 77 10022
2018-12-03T17:40Z 135 3 15 80 0 0 77 10022
2018-12-03T17:45Z 90 0 13 80 0 0 77 10021
2018-12-03T17:50Z 90 3 8 80 0 0 77 10022
2018-12-03T17:55Z 45 2 8 80 0 0 77 10020
2018-12-03T18:00Z 90 0 11 80 0 0 77 10018
2018-12-03T18:05Z 45 4 11 79 0 0 76 10018
2018-12-03T18:10Z 45 4 13 79 0 0 77 10018
2018-12-03T18:15Z 45 1 13 79 0 0 77 10019
2018-12-03T18:20Z 45 3 9 79 0 0 77 10018
2018-12-03T18:26Z 45 1 9 79 0 0 77 10018
2018-12-03T18:31Z 135 0 6 79 0 0 77 10017
2018-12-03T18:36Z 45 3 9 79 0 0 77 10018
2018-12-03T18:41Z 45 3 9 79 0 0 77 10015
2018-12-03T18:46Z 45 4 9 79 0 0 78 10015
2018-12-03T18:51Z 45 3 9 79 0 0 78 10014
2018-12-03T18:56Z 0 3 9 79 0 0 78 10013
2018-12-03T19:01Z 45 4 9 79 0 0 79 10013
2018-12-03T19:06Z 45 6 12 79 0 0 78 10013
2018-12-03T19:11Z 45 6 12 79 0 0 78 10013
2018-12-03T19:16Z 45 5 10 79 0 0 78 10014
2018-12-03T19:21Z 45 6 12 79 0 0 78 10016
2018-12-03T19:26Z 45 6 12 79 0 0 78 10015
2018-12-03T19:31Z 45 6 12 79 0 0 78 10015
2018-12-03T19:36Z 45 6 12 79 0 0 78 10013
2018-12-03T19:41Z 45 6 12 79 0 0 79 10014
2018-12-03T19:47Z 45 5 12 79 0 0 79 10013
2018-12-03T19:52Z 45 6 9 79 0 0 79 10013
2018-12-03T19:57Z 45 5 12 79 0 0 79 10013
2018-12-03T20:02Z 45 6 12 79 0 0 80 10012
2018-12-03T20:07Z 45 6 12 79 0 0 80 10013
2018-12-03T20:12Z 45 6 12 79 0 0 80 10012
2018-12-03T20:17Z 45 4 12 79 0 0 80 10013
2018-12-03T20:22Z 45 5 12 79 0 0 81 10012
2018-12-03T20:27Z 45 6 12 79 0 0 81 10013
2018-12-03T20:32Z 45 4 12 78 0 0 81 10015
2018-12-03T20:37Z 45 3 12 78 0 0 82 10013
2018-12-03T20:42Z 45 6 12 78 0 0 82 10012
2018-12-03T20:47Z 45 5 12 78 0 0 82 10012
2018-12-03T20:52Z 45 5 12 78 0 0 83 10013
2018-12-03T20:57Z 45 6 12 78 0 0 83 10012
2018-12-03T21:02Z 45 4 12 78 0 0 83 10013
2018-12-03T21:07Z 45 6 12 78 0 0 84 10012
2018-12-03T21:13Z 45 4 12 78 0 0 84 10013
2018-12-03T21:18Z 45 5 10 78 0 0 84 10013
2018-12-03T21:23Z 45 7 12 78 0 0 84 10014
2018-12-03T21:28Z 45 5 12 77 0 0 84 10015
2018-12-03T21:33Z 45 6 12 77 0 0 84 10015
2018-12-03T21:38Z 45 6 12 78 0 0 84 10015
2018-12-03T21:43Z 45 6 12 78 0 0 83 10016
2018-12-03T21:48Z 45 6 12 78 0 0 83 10016
2018-12-03T21:53Z 45 5 12 78 0 0 83 10014
2018-12-03T21:58Z 45 7 12 78 0 0 83 10015
2018-12-03T22:03Z 45 7 12 78 0 0 83 10014
2018-12-03T22:08Z 45 6 15 78 0 0 83 10015
2018-12-03T22:13Z 45 6 15 78 0 0 83 10015
2018-12-03T22:18Z 45 5 12 78 0 0 83 10015
2018-12-03T22:23Z 45 4 9 77 0 0 83 10016
2018-12-03T22:28Z 45 4 9 77 0 0 83 10017
2018-12-03T22:34Z 45 5 9 77 0 0 83 10017
2018-12-03T22:39Z 45 5 9 77 0 0 83 10016
2018-12-03T22:44Z 45 3 9 77 0 0 83 10017
2018-12-03T22:49Z 45 4 10 77 0 0 84 10018
2018-12-03T22:54Z 45 3 10 77 0 0 84 10020
2018-12-03T22:59Z 45 3 10 77 0 0 84 10020
2018-12-03T23:04Z 45 2 9 77 0 0 85 10021
2018-12-03T23:09Z 315 1 6 77 0 0 85 10024
2018-12-03T23:14Z 315 0 6 77 0 0 85 10023
2018-12-03T23:19Z 0 0 6 77 0 0 85 10026
2018-12-03T23:24Z 0 0 3 78 0 0 85 10025
2018-12-03T23:29Z 315 1 6 78 0 0 85 10028
2018-12-03T23:34Z 225 1 6 78 0 0 84 10030
2018-12-03T23:39Z 270 1 6 79 0 0 83 10033
2018-12-03T23:44Z 45 0 4 79 0 0 82 10033
2018-12-03T23:49Z 45 2 9 80 0 0 81 10031
2018-12-03T23:55Z 45 3 9 80 0 0 81 10028
2018-12-04T00:00Z 45 1 6 80 0 0 81 10030
2018-12-04T00:05Z 45 2 6 80 0 0 80 10033
2018-12-04T00:10Z 45 3 6 81 0 0 80 10035
2018-12-04T00:15Z 45 5 10 81 0 0 79 10036
2018-12-04T00:20Z 45 0 10 82 0 0 79 10040
2018-12-04T00:25Z 45 2 9 83 0 0 77 10039
2018-12-04T00:30Z 45 3 6 83 0 0 75 10041
2018-12-04T00:35Z 45 0 6 84 0 0 74 10043
2018-12-04T00:40Z 45 3 6 86 0 0 70 10041
2018-12-04T00:45Z 45 2 6 86 0 0 69 10041
2018-12-04T00:50Z 45 3 9 87 0 0 68 10043
2018-12-04T00:55Z 45 2 12 87 0 0 67 10047
2018-12-04T01:00Z 45 2 22 88 0 0 64 10046
2018-12-04T01:05Z 45 2 22 90 0 0 61 10047
2018-12-04T01:10Z 45 2 9 91 0 0 59 10047
2018-12-04T01:15Z 45 2 9 92 0 0 56 10045
2018-12-04T01:21Z 45 2 13 92 0 0 56 10045
2018-12-04T01:26Z 135 5 13 93 0 0 54 10046
2018-12-04T01:31Z 90 1 13 93 0 0 54 10042
2018-12-04T01:36Z 45 3 9 94 0 0 53 10051
2018-12-04T01:41Z 45 2 9 95 0 0 51 10050
2018-12-04T01:46Z 45 6 17 97 0 0 48 10048
2018-12-04T01:51Z 45 3 17 98 0 0 46 10048
2018-12-04T01:56Z 45 4 13 98 0 0 45 10048
2018-12-04T02:01Z 45 3 13 100 0 0 44 10048
2018-12-04T02:06Z 45 5 13 101 0 0 42 10046
2018-12-04T02:11Z 45 6 14 102 0 0 41 10046
2018-12-04T02:16Z 45 3 14 102 0 0 41 10044
2018-12-04T02:21Z 45 4 18 102 0 0 41 10042
2018-12-04T02:26Z 45 5 18 103 0 0 40 10047
2018-12-04T02:31Z 45 6 13 104 0 0 38 10047
2018-12-04T02:36Z 45 5 13 105 0 0 37 10046
2018-12-04T02:42Z 45 3 13 105 0 0 37 10047
2018-12-04T02:47Z 45 0 12 106 0 0 36 10047
2018-12-04T02:52Z 45 0 12 108 0 0 34 10049
2018-12-04T02:57Z 45 0 3 111 0 0 32 10050
2018-12-04T03:02Z 45 2 6 113 0 0 29 10046
2018-12-04T03:07Z 45 5 13 112 0 0 28 10041
2018-12-04T03:12Z 45 1 13 111 0 0 30 10045
2018-12-04T03:17Z 45 2 18 111 0 0 29 10042
2018-12-04T03:22Z 45 8 22 110 0 0 30 10038
2018-12-04T03:27Z 45 6 22 109 0 0 30 10039
2018-12-04T03:32Z 45 9 22 110 0 0 29 10040
2018-12-04T03:37Z 45 9 23 109 0 0 30 10036
2018-12-04T03:42Z 45 9 23 108 0 0 30 10035
2018-12-04T03:47Z 45 2 18 109 0 0 30 10038
2018-12-04T03:52Z 45 15 31 110 0 0 28 10038
2018-12-04T03:57Z 45 3 31 109 0 0 30 10038
2018-12-04T04:03Z 45 6 22 110 0 0 29 10040
2018-12-04T04:08Z 45 10 26 109 0 0 30 10033
2018-12-04T04:13Z 45 6 26 109 0 0 31 10034
2018-12-04T04:18Z 45 6 27 110 0 0 30 10033
2018-12-04T04:23Z 90 6 27 112 0 0 29 10034
2018-12-04T04:28Z 45 3 18 113 0 0 27 10035
2018-12-04T04:33Z 45 10 22 113 0 0 26 10028
2018-12-04T04:38Z 45 12 24 113 0 0 26 10027
2018-12-04T04:43Z 45 12 27 111 0 0 28 10026
2018-12-04T04:48Z 45 6 27 111 0 0 28 10031
2018-12-04T04:53Z 90 6 21 113 0 0 27 10029
2018-12-04T04:58Z 45 10 19 114 0 0 25 10028
2018-12-04T05:03Z 45 4 19 112 0 0 27 10023
2018-12-04T05:08Z 135 6 15 113 0 0 26 10028
2018-12-04T05:13Z 90 6 18 113 0 0 26 10018
2018-12-04T05:18Z 45 3 18 113 0 0 27 10021
2018-12-04T05:23Z 180 3 15 115 0 0 26 10025
2018-12-04T05:29Z 45 3 13 114 0 0 25 10016
2018-12-04T05:34Z 45 3 13 113 0 0 26 10016
2018-12-04T05:39Z 45 3 22 112 0 0 27 10016
2018-12-04T05:44Z 45 4 22 112 0 0 27 10017
2018-12-04T05:49Z 45 6 22 113 0 0 26 10014
2018-12-04T05:54Z 90 13 25 111 0 0 27 10009
2018-12-04T05:59Z 45 10 25 108 0 0 30 10013
2018-12-04T06:04Z 45 5 23 109 0 0 29 10015
2018-12-04T06:09Z 45 7 22 111 0 0 27 10013
2018-12-04T06:14Z 45 6 22 113 0 0 26 10015
2018-12-04T06:19Z 90 13 22 113 0 0 25 10009
2018-12-04T06:24Z 90 1 22 112 0 0 27 10010
2018-12-04T06:29Z 45 6 18 112 0 0 27 10008
2018-12-04T06:34Z 45 6 17 113 0 0 26 10010
2018-12-04T06:42Z 45 9 22 112 0 0 26 10003
2018-12-04T06:47Z 45 9 22 110 0 0 27 9999
2018-12-04T06:52Z 45 1 19 109 0 0 29 10006
2018-12-04T06:57Z 45 7 22 111 0 0 27 10005
2018-12-04T07:02Z 45 9 22 110 0 0 28 9998
2018-12-04T07:07Z 45 3 22 106 0 0 31 9997
2018-12-04T07:12Z 45 6 18 104 0 0 33 9996
2018-12-04T07:17Z 45 7 15 101 0 0 36 9997
2018-12-04T07:22Z 45 3 18 100 0 0 37 9999
2018-12-04T07:28Z 45 3 18 99 0 0 38 10000
2018-12-04T07:33Z 45 3 11 100 0 0 37 10004
2018-12-04T07:38Z 45 0 11 102 0 0 36 10002
2018-12-04T07:43Z 45 2 11 104 0 0 33 10001
2018-12-04T07:48Z 45 3 11 105 0 0 30 9997
2018-12-04T07:53Z 45 4 11 105 0 0 31 9994
2018-12-04T07:58Z 45 3 12 103 0 0 33 9993
2018-12-04T08:03Z 45 3 15 103 0 0 33 10001
2018-12-04T08:08Z 45 6 15 103 0 0 33 9994
2018-12-04T08:13Z 45 7 15 102 0 0 34 9993
2018-12-04T08:18Z 45 2 15 101 0 0 35 9993
2018-12-04T08:23Z 45 1 15 100 0 0 37 9997
2018-12-04T08:28Z 45 6 11 99 0 0 37 9995
2018-12-04T08:33Z 45 0 12 98 0 0 37 9995
2018-12-04T08:38Z 45 2 12 98 0 0 38 9995
2018-12-04T08:43Z 45 3 11 97 0 0 39 9993
2018-12-04T08:49Z 45 0 11 96 0 0 40 9996
2018-12-04T08:54Z 90 1 11 96 0 0 40 9995
2018-12-04T08:59Z 45 0 11 96 0 0 41 9999
2018-12-04T09:04Z 45 3 8 96 0 0 42 9999
2018-12-04T09:09Z 45 1 12 96 0 0 45 9998
2018-12-04T09:14Z 45 7 22 96 0 0 47 9998
2018-12-04T09:19Z 45 3 22 95 0 0 50 9997
2018-12-04T09:24Z 45 3 22 95 0 0 52 9999
2018-12-04T09:34Z 45 6 17 94 0 0 54 9999
2018-12-04T09:39Z 45 7 17 93 0 0 56 9999
2018-12-04T09:44Z 45 5 18 93 0 0 57 10000
2018-12-04T09:49Z 45 9 25 92 0 0 58 10000
2018-12-04T09:54Z 45 12 34 91 0 0 60 9998
2018-12-04T09:59Z 45 11 34 90 0 0 61 9998
2018-12-04T10:04Z 45 8 27 89 0 0 63 10000
2018-12-04T10:09Z 45 12 25 88 0 0 64 10001
2018-12-04T10:14Z 45 6 25 88 0 0 65 10002
2018-12-04T10:19Z 90 11 22 87 0 0 66 10005
2018-12-04T10:24Z 45 10 24 87 0 0 66 10006
2018-12-04T10:29Z 45 11 28 86 0 0 67 10006
2018-12-04T10:34Z 135 9 28 86 0 0 68 10007
2018-12-04T10:39Z 45 10 23 86 0 0 69 10007
2018-12-04T10:44Z 45 8 23 85 0 0 69 10008
2018-12-04T10:50Z 45 6 20 85 0 0 70 10009
2018-12-04T10:55Z 45 6 18 85 0 0 70 10011
2018-12-04T11:00Z 45 6 18 84 0 0 70 10011
2018-12-04T11:05Z 45 7 18 84 0 0 71 10013
2018-12-04T11:10Z 45 6 18 84 0 0 71 10012
2018-12-04T11:15Z 45 8 18 84 0 0 72 10013
2018-12-04T11:20Z 45 6 20 84 0 0 72 10013
2018-12-04T11:25Z 45 12 25 84 0 0 72 10013
2018-12-04T11:30Z 45 7 25 83 0 0 72 10014
2018-12-04T11:35Z 45 5 22 83 0 0 73 10015
2018-12-04T11:40Z 45 2 12 83 0 0 73 10016
2018-12-04T11:45Z 45 6 17 83 0 0 73 10016
2018-12-04T11:50Z 90 7 17 83 0 0 74 10016
2018-12-04T11:55Z 45 7 22 83 0 0 74 10017
2018-12-04T12:00Z 135 6 25 82 0 0 74 10017
2018-12-04T12:05Z 45 5 25 82 0 0 74 10018
2018-12-04T12:11Z 45 2 19 82 0 0 74 10018
2018-12-04T12:16Z 45 3 19 82 0 0 74 10018
2018-12-04T12:21Z 45 2 9 82 0 0 74 10018
2018-12-04T12:26Z 180 2 7 82 0 0 75 10019
2018-12-04T12:31Z 45 3 12 82 0 0 75 10018
2018-12-04T12:36Z 45 1 12 82 0 0 75 10019
2018-12-04T12:41Z 90 6 15 81 0 0 75 10020
2018-12-04T12:46Z 45 4 15 81 0 0 75 10020
2018-12-04T12:51Z 90 4 15 81 0 0 75 10021
2018-12-04T12:56Z 180 3 15 81 0 0 76 10021
2018-12-04T13:01Z 135 3 12 81 0 0 76 10022
2018-12-04T13:06Z 45 2 12 81 0 0 76 10022
2018-12-04T13:11Z 45 1 9 81 0 0 76 10023
2018-12-04T13:16Z 225 3 9 81 0 0 76 10024
2018-12-04T13:21Z 135 5 12 81 0 0 77 10026
2018-12-04T13:26Z 45 2 12 81 0 0 77 10026
2018-12-04T13:32Z 45 3 12 80 0 0 77 10027
2018-12-04T13:37Z 90 5 12 80 0 0 77 10025
2018-12-04T13:42Z 90 3 12 80 0 0 77 10027
2018-12-04T13:47Z 45 3 12 80 0 0 78 10026
2018-12-04T13:52Z 45 3 12 80 0 0 78 10027
2018-12-04T13:57Z 45 1 11 80 0 0 78 10028
2018-12-04T14:02Z 45 1 11 80 0 0 78 10028
2018-12-04T14:07Z 45 0 10 80 0 0 78 10029
2018-12-04T14:12Z 45 4 11 80 0 0 78 10029
2018-12-04T14:17Z 45 6 17 80 0 0 78 10030
2018-12-04T14:22Z 45 4 17 80 0 0 79 10030
2018-12-04T14:27Z 135 5 12 80 0 0 79 10029
2018-12-04T14:32Z 135 3 12 80 0 0 79 10029
2018-12-04T14:37Z 135 3 10 80 0 0 79 10030
2018-12-04T14:42Z 45 2 7 80 0 0 79 10029
2018-12-04T14:47Z 180 1 6 79 0 0 79 10029
2018-12-04T14:52Z 180 1 6 79 0 0 79 10029
2018-12-04T14:58Z 225 0 6 79 0 0 79 10027
2018-12-04T15:03Z 90 1 6 79 0 0 79 10027
2018-12-04T15:08Z 135 5 19 79 0 0 79 10028
2018-12-04T15:13Z 270 1 19 79 0 0 79 10028
2018-12-04T15:18Z 180 3 10 79 0 0 79 10026
2018-12-04T15:23Z 45 0 10 79 0 0 79 10026
2018-12-04T15:28Z 90 3 10 79 0 0 79 10028
2018-12-04T15:33Z 45 3 10 79 0 0 79 10028
2018-12-04T15:38Z 90 3 10 79 0 0 79 10027
2018-12-04T15:43Z 90 4 12 79 0 0 79 10027
2018-12-04T15:48Z 180 5 12 79 0 0 79 10027
2018-12-04T15:53Z 135 1 10 79 0 0 79 10028
2018-12-04T15:58Z 90 3 10 79 0 0 79 10028
2018-12-04T16:03Z 90 2 10 79 0 0 79 10027
2018-12-04T16:08Z 45 0 10 79 0 0 79 10028
2018-12-04T16:13Z 90 0 10 79 0 0 79 10026
2018-12-04T16:19Z 135 3 6 79 0 0 79 10025
2018-12-04T16:24Z 90 3 10 79 0 0 79 10027
2018-12-04T16:29Z 90 3 10 79 0 0 79 10025
2018-12-04T16:34Z 45 6 12 79 0 0 78 10025