2018-10-11T10:19Z 45 6 15 78 42 42 40 10001
2018-10-11T10:24Z 45 10 20 78 42 42 42 10004
2018-10-11T10:29Z 45 7 20 78 42 42 42 7862
2018-10-11T10:34Z 45 7 18 78 42 42 45 10008
2018-10-11T10:39Z 45 7 18 78 41 42 47 10008
2018-10-11T10:45Z 45 9 18 78 37 42 49 10005
2018-10-11T10:50Z 180 7 21 78 33 42 49 10002
2018-10-11T10:55Z 45 3 21 78 19 42 48 10002
2018-10-11T11:00Z 45 12 20 78 1 42 48 10002
2018-10-11T11:05Z 45 8 20 78 0 42 49 10002
2018-10-11T11:10Z 45 0 15 78 0 42 48 10002
2018-10-11T11:15Z 45 1 8 78 0 42 49 10003
2018-10-11T11:20Z 45 1 7 78 0 42 49 10004
2018-10-11T11:25Z 45 0 6 78 0 42 49 10006
2018-10-11T11:30Z 270 0 5 79 0 42 49 10006
2018-10-11T11:35Z 225 0 5 79 0 42 50 10006
2018-10-11T11:40Z 225 3 8 79 0 42 53 10007
2018-10-11T11:45Z 45 3 9 79 0 42 53 10007
2018-10-11T11:51Z 90 0 9 79 0 42 51 10009
2018-10-11T11:56Z 180 2 7 79 0 42 51 10009
2018-10-11T12:01Z 225 2 7 79 0 42 50 10010
2018-10-11T12:06Z 270 0 6 79 0 42 48 10010
2018-10-11T12:11Z 225 0 3 79 0 42 48 10011
2018-10-11T12:16Z 270 0 2 79 0 42 47 10011
2018-10-11T12:21Z 270 0 0 79 0 42 46 10010
2018-10-11T12:26Z 270 0 0 79 0 42 45 10010
2018-10-11T12:31Z 270 0 0 79 0 42 44 10012
2018-10-11T12:36Z 225 0 2 79 0 42 44 10014
2018-10-11T12:41Z 270 0 2 79 0 42 43 10014
2018-10-11T12:46Z 270 0 0 79 0 42 43 10017
2018-10-11T12:52Z 225 0 0 79 0 42 43 10018
2018-10-11T12:57Z 270 0 2 79 0 42 43 10018
2018-10-11T13:02Z 225 0 5 79 0 42 42 10020
2018-10-11T13:07Z 225 0 5 79 0 42 42 10022
2018-10-11T13:12Z 225 0 4 79 0 42 41 10021
2018-10-11T13:17Z 270 0 3 79 0 42 41 10020
2018-10-11T13:22Z 225 0 3 79 0 42 40 10022
2018-10-11T13:27Z 225 0 0 79 0 42 40 10023
2018-10-11T13:32Z 270 0 2 79 0 42 40 10024
2018-10-11T13:37Z 270 0 2 79 0 42 39 10024
2018-10-11T13:42Z 225 0 3 79 0 42 39 10025
2018-10-11T13:47Z 225 0 3 79 0 42 39 10025
2018-10-11T13:52Z 225 0 3 79 0 42 39 10026
2018-10-11T13:58Z 225 0 6 79 0 42 38 10026
2018-10-11T14:03Z 135 0 6 79 0 42 38 10028
2018-10-11T14:08Z 90 2 7 79 0 42 38 10028
2018-10-11T14:13Z 135 4 9 79 0 42 37 10027
2018-10-11T14:18Z 135 2 9 79 0 42 38 10027
2018-10-11T14:23Z 180 3 8 80 0 42 37 10029
2018-10-11T14:28Z 90 1 8 80 0 42 37 10028
2018-10-11T14:33Z 225 1 8 80 0 42 37 10028
2018-10-11T14:38Z 225 1 6 80 0 42 37 10029
2018-10-11T14:43Z 225 3 7 80 0 42 37 10029
2018-10-11T14:48Z 180 1 7 80 0 42 37 10030
2018-10-11T14:53Z 225 0 6 80 0 42 37 10030
2018-10-11T14:59Z 270 0 5 80 0 42 37 10033
2018-10-11T15:04Z 315 0 3 80 0 42 37 10030
2018-10-11T15:09Z 315 0 4 80 0 42 36 10031
2018-10-11T15:14Z 135 1 7 80 0 42 36 10032
2018-10-11T15:19Z 135 3 8 80 0 42 37 10032
2018-10-11T15:25Z 135 4 10 81 0 42 38 10033
2018-10-11T15:30Z 45 0 10 81 0 42 40 10034
2018-10-11T15:35Z 45 0 7 81 0 42 41 10033
2018-10-11T15:40Z 90 0 6 81 0 42 41 10030
2018-10-11T15:45Z 180 0 6 81 0 42 41 10032
2018-10-11T15:50Z 135 1 3 81 0 42 41 10032
2018-10-11T15:55Z 180 0 3 81 0 42 41 10030
2018-10-11T16:00Z 225 0 3 81 0 42 41 10029
2018-10-11T16:05Z 270 0 3 81 0 42 40 10028
2018-10-11T16:11Z 270 0 3 80 0 42 40 10027
2018-10-11T16:16Z 225 1 7 80 0 42 39 10026
2018-10-11T16:21Z 225 0 7 80 0 42 39 10027
2018-10-11T16:26Z 180 0 6 80 0 42 38 10026
2018-10-11T16:31Z 225 0 6 80 0 42 38 10027
2018-10-11T16:36Z 270 0 6 80 0 42 38 10026
2018-10-11T16:41Z 180 0 3 80 0 42 38 10026
2018-10-11T16:46Z 270 0 3 80 0 42 38 10025
2018-10-11T16:51Z 180 0 3 80 0 42 38 10026
2018-10-11T16:56Z 225 0 3 80 0 42 37 10025
2018-10-11T17:01Z 180 0 6 80 0 42 37 10024
2018-10-11T17:06Z 225 0 6 79 0 42 37 10025
2018-10-11T17:12Z 225 1 6 79 0 42 37 10024
2018-10-11T17:17Z 225 0 6 79 0 42 37 10022
2018-10-11T17:22Z 225 0 3 79 0 42 37 10021
2018-10-11T17:27Z 270 0 3 79 0 42 37 10023
2018-10-11T17:32Z 135 0 4 79 0 42 37 10023
2018-10-11T17:37Z 135 0 4 79 0 42 37 10023
2018-10-11T17:42Z 225 0 3 79 0 42 37 10022
2018-10-11T17:47Z 270 0 3 79 0 42 37 10022
2018-10-11T17:52Z 225 0 3 79 0 42 37 10023
2018-10-11T17:57Z 135 1 6 80 0 42 37 10023
2018-10-11T18:02Z 135 3 9 80 0 42 37 10023
2018-10-11T18:07Z 135 4 11 80 0 42 37 10022
2018-10-11T18:12Z 135 6 11 80 0 42 37 10023
2018-10-11T18:20Z 135 8 14 80 0 42 38 10021
2018-10-11T18:26Z 180 7 14 80 0 42 39 10021
2018-10-11T18:31Z 180 4 13 80 0 42 38 10021
2018-10-11T18:36Z 180 1 12 80 0 42 38 10019
2018-10-11T18:41Z 45 1 7 80 0 42 37 10021
2018-10-11T18:46Z 45 2 6 80 0 42 37 10019
2018-10-11T18:52Z 45 2 8 80 0 42 37 10018
2018-10-11T18:57Z 45 3 9 80 0 42 37 10018
2018-10-11T19:02Z 45 0 9 80 0 42 37 10019
2018-10-11T19:07Z 315 0 6 80 0 42 36 10019
2018-10-11T19:12Z 45 1 6 80 0 42 36 10019
2018-10-11T19:17Z 45 0 6 80 0 42 36 10019
2018-10-11T19:22Z 0 0 6 80 0 42 36 10019
2018-10-11T19:27Z 45 0 3 80 0 42 36 10019
2018-10-11T19:33Z 45 1 6 80 0 42 36 10019
2018-10-11T19:38Z 45 3 10 80 0 42 36 10018
2018-10-11T19:43Z 45 3 10 80 0 42 37 10017
2018-10-11T19:48Z 45 2 10 80 0 42 37 10017
2018-10-11T19:53Z 45 0 9 80 0 42 37 10018
2018-10-11T19:58Z 315 0 3 80 0 42 37 10018
2018-10-11T20:03Z 315 0 3 80 0 42 37 10017
2018-10-11T20:08Z 315 0 5 79 0 42 37 10016
2018-10-11T20:13Z 315 0 5 79 0 42 37 10018
2018-10-11T20:18Z 45 4 8 79 0 42 37 10017
2018-10-11T20:23Z 45 2 9 79 0 42 37 10017
2018-10-11T20:28Z 45 3 8 79 0 42 37 10016
2018-10-11T20:33Z 45 1 8 79 0 42 37 10016
2018-10-11T20:39Z 45 1 7 79 0 42 37 10016
2018-10-11T20:44Z 45 0 7 79 0 42 37 10014
2018-10-11T20:49Z 45 0 6 79 0 42 37 10014
2018-10-11T20:54Z 45 2 6 79 0 42 36 10014
2018-10-11T20:59Z 45 3 8 79 0 42 37 10013
2018-10-11T21:04Z 45 5 9 79 0 42 37 10015
2018-10-11T21:09Z 45 3 10 79 0 42 37 10015
2018-10-11T21:14Z 45 3 12 79 0 42 37 10014
2018-10-11T21:19Z 45 3 12 79 0 42 36 10014
2018-10-11T21:24Z 45 3 10 79 0 42 36 10015
2018-10-11T21:29Z 45 3 10 79 0 42 37 10015
2018-10-11T21:34Z 45 6 12 79 0 42 37 10014
2018-10-11T21:40Z 45 6 13 79 0 42 37 10015
2018-10-11T21:46Z 45 7 20 79 0 42 37 10015
2018-10-11T21:51Z 45 9 22 79 0 42 37 10016
2018-10-11T21:57Z 45 5 22 79 0 42 36 10016
2018-10-11T22:02Z 45 3 11 78 0 42 36 10018
2018-10-11T22:07Z 45 3 9 78 0 42 36 10019
2018-10-11T22:12Z 45 3 10 78 0 42 36 10019
2018-10-11T22:17Z 45 2 10 78 0 42 36 10019
2018-10-11T22:22Z 45 2 9 78 0 42 37 10020
2018-10-11T22:27Z 45 1 6 78 0 42 37 10021
2018-10-11T22:32Z 45 0 5 78 0 42 37 10022
2018-10-11T22:37Z 45 0 8 78 0 42 37 10021
2018-10-11T22:42Z 45 0 8 78 0 42 37 10021
2018-10-11T22:47Z 45 1 8 78 0 42 37 10023
2018-10-11T22:53Z 45 3 9 78 0 42 37 10024
2018-10-11T22:58Z 45 4 9 78 0 42 36 10023
2018-10-11T23:03Z 45 4 12 78 0 42 36 10024
2018-10-11T23:08Z 45 1 12 78 0 42 36 10024
2018-10-11T23:13Z 315 0 7 78 0 42 36 10026
2018-10-11T23:18Z 45 2 5 79 0 42 36 10027
2018-10-11T23:23Z 45 2 5 79 0 42 36 10027
2018-10-11T23:28Z 45 3 5 79 0 42 36 10027
2018-10-11T23:33Z 45 2 6 80 0 42 37 10028
2018-10-11T23:38Z 45 1 6 80 0 42 37 10027
2018-10-11T23:43Z 45 1 6 80 0 42 37 10028
2018-10-11T23:48Z 45 2 6 81 0 42 38 10029
2018-10-11T23:53Z 45 0 6 81 0 42 38 10027
2018-10-11T23:59Z 45 2 5 82 0 42 39 10029
2018-10-12T00:04Z 45 0 6 82 0 42 39 10031
2018-10-12T00:09Z 45 0 6 83 0 42 40 10031
2018-10-12T00:14Z 45 0 3 85 0 42 41 10031
2018-10-12T00:19Z 45 0 5 86 0 42 48 10031
2018-10-12T00:24Z 45 0 5 87 0 42 51 10032
2018-10-12T00:29Z 45 0 9 88 0 42 54 10034
2018-10-12T00:34Z 45 3 9 89 0 42 58 10034
2018-10-12T00:39Z 45 1 9 89 0 42 60 10033
2018-10-12T00:44Z 45 1 8 89 0 42 60 10034
2018-10-12T00:49Z 45 2 7 90 0 42 61 10035
2018-10-12T00:54Z 45 1 10 91 0 42 62 10034
2018-10-12T01:00Z 45 3 10 92 0 42 61 10036
2018-10-12T01:05Z 45 0 9 93 0 42 61 10036
2018-10-12T01:10Z 45 2 9 94 0 42 59 10035
2018-10-12T01:15Z 45 5 10 94 0 42 56 10036
2018-10-12T01:20Z 45 3 13 94 0 42 56 10037
2018-10-12T01:25Z 45 5 11 95 0 42 55 10037
2018-10-12T01:30Z 45 1 14 96 0 42 54 10038
2018-10-12T01:35Z 45 0 14 98 0 42 52 10038
2018-10-12T01:40Z 45 0 14 99 0 42 51 10040
2018-10-12T01:45Z 45 6 16 100 0 42 48 10039
2018-10-12T01:50Z 180 3 16 100 0 42 48 10039
2018-10-12T01:55Z 45 3 12 100 0 42 48 10039
2018-10-12T02:00Z 135 5 12 100 0 42 48 10040
2018-10-12T02:06Z 225 5 14 100 0 42 49 10040
2018-10-12T02:11Z 45 5 14 101 0 42 47 10041
2018-10-12T02:16Z 45 3 11 103 0 42 44 10041
2018-10-12T02:21Z 45 4 14 105 0 42 42 10040
2018-10-12T02:26Z 45 1 15 104 0 42 43 10040
2018-10-12T02:31Z 180 6 15 102 0 42 44 10040
2018-10-12T02:36Z 225 0 15 100 0 42 47 10040
2018-10-12T02:41Z 45 3 11 101 0 42 46 10039
2018-10-12T02:46Z 45 0 9 101 0 42 46 10037
2018-10-12T02:51Z 180 0 9 103 0 42 43 10039
2018-10-12T02:56Z 225 0 6 105 0 42 42 10040
2018-10-12T03:01Z 45 1 8 107 0 42 39 10039
2018-10-12T03:07Z 45 1 8 108 0 42 38 10038
2018-10-12T03:16Z 45 1 7 108 0 42 38 10038
2018-10-12T03:21Z 45 0 7 110 0 42 37 10038
2018-10-12T03:26Z 180 0 9 114 0 42 33 10037
2018-10-12T03:31Z 45 0 9 118 0 42 30 10038
2018-10-12T03:36Z 45 6 18 121 0 42 26 10037
2018-10-12T03:42Z 45 3 18 121 0 42 25 10036
2018-10-12T03:47Z 45 2 13 121 0 42 25 10037
2018-10-12T03:52Z 45 1 12 122 0 42 24 10036
2018-10-12T03:57Z 45 9 20 124 0 42 22 10034
2018-10-12T04:02Z 45 8 20 122 0 42 22 10035
2018-10-12T04:07Z 45 2 25 119 0 42 25 10033
2018-10-12T04:12Z 45 2 25 121 0 42 23 10033
2018-10-12T04:18Z 45 3 9 122 0 42 22 10031
2018-10-12T04:23Z 45 4 13 122 0 42 22 10032
2018-10-12T04:28Z 45 4 13 122 0 42 23 10031
2018-10-12T04:33Z 45 3 14 122 0 42 22 10031
2018-10-12T04:38Z 45 3 14 122 0 42 22 10031
2018-10-12T04:43Z 45 4 18 123 0 42 22 10028
2018-10-12T04:52Z 45 1 18 124 0 42 23 10029
2018-10-12T04:57Z 45 3 14 124 0 42 22 10027
2018-10-12T05:02Z 45 2 14 125 0 42 22 10026
2018-10-12T05:07Z 45 3 14 124 0 42 22 10024
2018-10-12T05:12Z 90 9 21 119 0 42 24 10024
2018-10-12T05:17Z 45 3 21 119 0 42 25 10023
2018-10-12T05:23Z 45 12 33 116 0 42 27 10021
2018-10-12T05:28Z 135 9 33 115 0 42 27 10021
2018-10-12T05:33Z 135 11 22 115 0 42 27 10021
2018-10-12T05:38Z 45 6 22 115 0 42 28 10020
2018-10-12T05:43Z 45 12 27 112 0 42 30 10017
2018-10-12T05:48Z 45 3 27 112 0 42 30 10017
2018-10-12T05:57Z 45 3 13 113 0 42 30 10016
2018-10-12T06:02Z 45 2 15 116 0 42 28 10016
2018-10-12T06:07Z 45 3 15 119 0 42 26 10014
2018-10-12T06:12Z 45 9 20 119 0 42 25 10013
2018-10-12T06:17Z 90 8 22 116 0 42 27 10012
2018-10-12T06:22Z 90 3 22 114 0 42 29 10010
2018-10-12T06:27Z 45 1 18 116 0 42 27 10010
2018-10-12T06:33Z 45 5 18 117 0 42 26 10010
2018-10-12T06:38Z 45 6 18 116 0 42 26 10009
2018-10-12T06:43Z 45 6 22 116 0 42 26 10007
2018-10-12T06:48Z 45 8 22 114 0 42 27 10007
2018-10-12T06:53Z 45 0 22 112 0 42 30 10006
2018-10-12T06:58Z 90 2 18 114 0 42 29 10007
2018-10-12T07:03Z 45 7 13 115 0 42 26 10007
2018-10-12T07:08Z 45 3 13 115 0 42 27 10005
2018-10-12T07:13Z 45 2 15 115 0 42 27 10003
2018-10-12T07:18Z 45 3 15 116 0 42 26 10004
2018-10-12T07:23Z 45 4 13 116 0 42 26 10002
2018-10-12T07:28Z 135 12 24 114 0 42 27 10002
2018-10-12T07:37Z 90 3 13 0 0 0 0 10002
2018-10-12T07:42Z 45 0 18 0 0 0 0 10002
2018-10-12T07:47Z 45 6 18 0 0 0 0 10003
2018-10-12T07:54Z 45 6 23 105 0 0 34 10001
2018-10-12T07:59Z 45 6 23 105 0 0 34 10001
2018-10-12T08:09Z 45 3 13 108 0 0 31 9999
2018-10-12T08:14Z 45 1 9 110 0 0 29 9999
2018-10-12T08:20Z 45 3 14 110 0 0 29 9997
2018-10-12T08:25Z 45 7 16 108 0 0 31 9998
2018-10-12T08:31Z 45 12 34 106 0 0 32 9999
2018-10-12T08:36Z 45 21 64 101 0 0 39 10000
2018-10-12T08:41Z 90 20 64 96 0 0 46 9999
2018-10-12T08:46Z 45 20 45 93 1 1 54 10003
2018-10-12T08:51Z 45 10 37 89 1 1 62 10004
2018-10-12T08:56Z 45 4 36 87 1 1 67 10005
2018-10-12T09:01Z 45 3 15 86 2 2 70 10004
2018-10-12T09:06Z 45 2 13 85 2 2 70 10004
2018-10-12T09:11Z 180 0 9 85 2 2 72 10003
2018-10-12T09:16Z 45 0 9 85 2 2 73 10004
2018-10-12T09:21Z 45 0 3 85 2 2 73 10003
2018-10-12T09:26Z 270 0 3 85 2 2 73 10007
2018-10-12T09:32Z 45 0 2 85 2 2 74 10007
2018-10-12T09:37Z 45 0 2 85 2 2 72 10007
2018-10-12T09:42Z 45 1 4 85 2 2 72 10009
2018-10-12T09:47Z 45 1 8 85 1 2 74 10006
2018-10-12T09:52Z 45 5 12 85 2 3 71 10007
2018-10-12T09:57Z 45 3 12 84 2 3 72 10008
2018-10-12T10:02Z 90 5 10 84 1 3 71 10008
2018-10-12T10:07Z 225 3 10 84 1 3 72 10008
2018-10-12T10:12Z 90 3 9 83 1 3 73 10008
2018-10-12T10:17Z 45 1 9 83 1 3 74 10008
2018-10-12T10:22Z 45 0 6 83 1 3 74 10008
2018-10-12T10:27Z 45 0 4 83 1 3 74 10008
2018-10-12T10:32Z 45 0 3 83 1 3 75 10010
2018-10-12T10:38Z 45 3 7 83 1 3 75 10010
2018-10-12T10:43Z 45 3 9 83 1 3 75 10010
2018-10-12T10:48Z 45 2 9 83 1 3 75 10009
2018-10-12T10:53Z 45 1 12 83 0 3 75 10012
2018-10-12T10:58Z 45 3 12 83 0 3 76 10012
2018-10-12T11:03Z 45 1 9 83 0 3 76 10012
2018-10-12T11:08Z 45 3 12 83 0 3 76 10012
2018-10-12T11:13Z 45 3 12 83 0 3 76 10014
2018-10-12T11:18Z 45 5 12 83 0 3 76 10013
2018-10-12T11:23Z 45 3 12 83 0 3 76 10014
2018-10-12T11:28Z 225 3 14 83 0 3 76 10014
2018-10-12T11:33Z 45 5 14 83 0 3 75 10016
2018-10-12T11:39Z 225 4 13 83 0 3 75 10016
2018-10-12T11:44Z 45 4 13 83 0 3 75 10016
2018-10-12T11:49Z 45 4 14 83 0 3 75 10017
2018-10-12T11:54Z 45 3 14 83 0 3 75 10018
2018-10-12T11:59Z 45 3 13 83 0 3 75 10019
2018-10-12T12:04Z 180 6 12 82 0 3 75 10019
2018-10-12T12:09Z 45 3 12 82 0 3 75 10018
2018-10-12T12:14Z 135 8 19 82 0 3 74 10019
2018-10-12T12:19Z 135 5 19 82 0 3 74 10021
2018-10-12T12:28Z 45 3 15 82 0 3 74 10022
2018-10-12T12:33Z 45 7 19 82 0 3 74 10022
2018-10-12T12:38Z 45 3 19 82 0 3 74 10023
2018-10-12T12:43Z 90 0 9 82 0 3 75 10026
2018-10-12T12:49Z 45 3 9 82 0 3 75 10027
2018-10-12T12:54Z 135 1 9 82 0 3 75 10027
2018-10-12T12:59Z 45 3 12 82 0 3 76 10028
2018-10-12T13:04Z 180 2 12 82 0 3 76 10029
2018-10-12T13:09Z 270 0 9 82 0 3 76 10030
2018-10-12T13:14Z 180 1 5 82 0 3 76 10033
2018-10-12T13:19Z 45 0 8 82 0 3 77 10034
2018-10-12T13:24Z 270 0 8 82 0 3 77 10035
2018-10-12T13:29Z 45 1 8 82 0 3 77 10034
2018-10-12T13:34Z 45 2 11 82 0 3 77 10034
2018-10-12T13:39Z 45 1 11 82 0 3 77 10034
2018-10-12T13:44Z 45 3 10 82 0 3 77 10035
2018-10-12T13:50Z 45 3 10 82 0 3 77 10034
2018-10-12T13:55Z 45 2 10 82 0 3 77 10033
2018-10-12T14:04Z 180 2 8 82 0 3 77 10034
2018-10-12T14:09Z 45 3 10 82 0 3 77 10035
2018-10-12T14:14Z 45 1 10 82 0 3 77 10035
2018-10-12T14:19Z 45 2 10 82 0 3 77 10037
2018-10-12T14:24Z 225 1 6 82 0 3 77 10037
2018-10-12T14:29Z 45 1 6 82 0 3 77 10037
2018-10-12T14:34Z 90 1 6 82 0 3 77 10037
2018-10-12T14:39Z 45 0 6 82 0 3 77 10037
2018-10-12T14:44Z 90 0 3 81 0 3 77 10037
2018-10-12T14:49Z 225 0 3 81 0 3 77 10037
2018-10-12T14:54Z 225 0 3 82 0 3 77 10038
2018-10-12T15:00Z 0 0 3 82 0 3 77 10037
2018-10-12T15:05Z 135 2 6 82 0 3 76 10037
2018-10-12T15:10Z 135 0 6 82 0 3 76 10036
2018-10-12T15:15Z 180 0 6 82 0 3 76 10036
2018-10-12T15:20Z 225 1 6 82 0 3 76 10038
2018-10-12T15:25Z 225 0 6 82 0 3 76 10037
2018-10-12T15:30Z 45 0 6 81 0 3 77 10038
2018-10-12T15:35Z 225 0 6 81 0 3 77 10038
2018-10-12T15:40Z 225 0 3 81 0 3 77 10038
2018-10-12T15:45Z 315 0 3 81 0 3 77 10039
2018-10-12T15:50Z 315 0 0 81 0 3 77 10039
2018-10-12T15:55Z 315 0 3 81 0 3 78 10038
2018-10-12T16:01Z 225 0 6 81 0 3 78 10037
2018-10-12T16:06Z 225 2 6 81 0 3 78 10037
2018-10-12T16:11Z 180 2 6 81 0 3 78 10035
2018-10-12T16:16Z 90 0 6 81 0 3 78 10035
2018-10-12T16:21Z 45 3 10 81 0 3 78 10034
2018-10-12T16:26Z 45 0 10 81 0 3 78 10033
2018-10-12T16:31Z 225 0 6 81 0 3 78 10034
2018-10-12T16:36Z 225 0 6 81 0 3 78 10033
2018-10-12T16:41Z 180 0 6 81 0 3 78 10034
2018-10-12T16:46Z 225 0 3 80 0 3 79 10033
2018-10-12T16:51Z 225 0 6 80 0 3 79 10033
2018-10-12T17:00Z 0 0 3 80 0 3 79 10033
2018-10-12T17:06Z 315 0 3 81 0 3 79 10033
2018-10-12T17:11Z 315 0 3 81 0 3 79 10033
2018-10-12T17:16Z 180 0 3 81 0 3 78 10034
2018-10-12T17:21Z 225 0 3 81 0 3 78 10033
2018-10-12T17:26Z 90 0 3 81 0 3 78 10033
2018-10-12T17:31Z 270 0 1 81 0 3 78 10033
2018-10-12T17:36Z 270 0 0 81 0 3 78 10030
2018-10-12T17:41Z 315 0 0 81 0 3 78 10030
2018-10-12T17:46Z 315 0 0 81 0 3 77 10029
2018-10-12T17:51Z 315 0 0 81 0 3 77 10029
2018-10-12T17:56Z 90 0 3 81 0 3 77 10027
2018-10-12T18:01Z 225 0 3 81 0 3 77 10026
2018-10-12T18:06Z 270 0 3 81 0 3 77 10027
2018-10-12T18:12Z 270 0 0 81 0 3 77 10027
2018-10-12T18:17Z 225 0 0 81 0 3 77 10026
2018-10-12T18:22Z 180 0 0 81 0 3 77 10025
2018-10-12T18:27Z 135 0 0 81 0 3 78 10026
2018-10-12T18:32Z 135 0 3 81 0 3 79 10025
2018-10-12T18:37Z 225 0 3 81 0 3 79 10025
2018-10-12T18:42Z 45 0 4 81 0 3 79 10024
2018-10-12T18:47Z 45 0 6 81 0 3 80 10023
2018-10-12T18:52Z 90 2 6 81 0 3 82 10021
2018-10-12T18:57Z 180 1 7 81 0 3 83 10020
2018-10-12T19:02Z 180 3 7 81 0 3 83 10019
2018-10-12T19:07Z 135 1 7 81 0 3 84 10017
2018-10-12T19:13Z 45 1 7 80 0 3 85 10018
2018-10-12T19:18Z 90 0 6 80 0 3 85 10016
2018-10-12T19:23Z 45 0 4 80 0 3 85 10014
2018-10-12T19:28Z 45 1 5 80 0 3 85 10015
2018-10-12T19:33Z 45 0 5 80 0 3 85 10015
2018-10-12T19:38Z 45 0 5 80 0 3 85 10015
2018-10-12T19:43Z 45 0 4 80 0 3 85 10014
2018-10-12T19:48Z 45 1 6 80 0 3 86 10013
2018-10-12T19:53Z 45 0 6 80 0 3 86 10015
2018-10-12T19:58Z 45 0 3 80 0 3 86 10015
2018-10-12T20:03Z 45 0 5 80 0 3 86 10016
2018-10-12T20:08Z 45 0 5 80 0 3 86 10016
2018-10-12T20:13Z 45 0 3 80 0 3 86 10015
2018-10-12T20:19Z 45 0 3 80 0 3 86 10016
2018-10-12T20:24Z 45 0 6 80 0 3 86 10015
2018-10-12T20:29Z 225 1 6 80 0 3 86 10017
2018-10-12T20:34Z 90 0 4 80 0 3 86 10018
2018-10-12T20:39Z 45 1 5 80 0 3 87 10017
2018-10-12T20:44Z 45 1 6 80 0 3 87 10018
2018-10-12T20:49Z 180 3 6 80 0 3 87 10018
2018-10-12T20:54Z 180 2 7 80 0 3 87 10016
2018-10-12T20:59Z 225 0 9 80 0 3 87 10018
2018-10-12T21:04Z 180 2 6 80 0 3 87 10018
2018-10-12T21:09Z 225 1 6 80 0 3 87 10018
2018-10-12T21:14Z 45 1 6 80 0 3 87 10019
2018-10-12T21:20Z 90 1 6 80 0 3 87 10021
2018-10-12T21:25Z 45 2 8 80 0 3 87 10021
2018-10-12T21:30Z 45 0 8 80 0 3 87 10022
2018-10-12T21:35Z 90 1 6 80 0 3 87 10022
2018-10-12T21:40Z 45 0 10 80 0 3 87 10022
2018-10-12T21:45Z 45 0 10 79 0 3 87 10022
2018-10-12T21:51Z 45 1 6 79 0 3 87 10021
2018-10-12T21:56Z 45 1 5 79 0 3 87 10021
2018-10-12T22:01Z 45 1 6 79 0 3 87 10022
2018-10-12T22:06Z 45 0 6 79 0 3 87 10023
2018-10-12T22:11Z 45 0 4 79 0 3 87 10023
2018-10-12T22:16Z 45 2 6 79 0 3 88 10024
2018-10-12T22:21Z 45 3 6 79 0 3 88 10025
2018-10-12T22:26Z 45 4 9 78 0 3 88 10024
2018-10-12T22:32Z 45 3 9 78 0 3 88 10025
2018-10-12T22:37Z 45 3 9 78 0 3 88 10026
2018-10-12T22:42Z 45 4 9 78 0 3 88 10027
2018-10-12T22:47Z 45 3 9 78 0 3 88 10027
2018-10-12T22:52Z 45 2 8 79 0 3 88 10027
2018-10-12T22:57Z 180 3 6 79 0 3 88 10027
2018-10-12T23:02Z 180 2 6 79 0 3 87 10027
2018-10-12T23:07Z 180 3 9 79 0 3 87 10027
2018-10-12T23:12Z 45 3 9 79 0 3 86 10029
2018-10-12T23:17Z 45 2 8 79 0 3 86 10029
2018-10-12T23:22Z 45 3 8 80 0 3 85 10029
2018-10-12T23:27Z 90 1 6 80 0 3 84 10030
2018-10-12T23:33Z 90 2 7 80 0 3 83 10030
2018-10-12T23:38Z 45 3 9 81 0 3 82 10031
2018-10-12T23:43Z 45 3 9 81 0 3 82 10032
2018-10-12T23:50Z 45 2 10 81 0 3 82 10033
2018-10-12T23:55Z 45 3 10 81 0 3 81 10034
2018-10-13T00:00Z 45 6 10 81 0 3 81 10035
2018-10-13T00:05Z 45 3 10 81 0 3 81 10035
2018-10-13T00:10Z 45 4 9 81 0 3 81 10037
2018-10-13T00:15Z 45 2 9 82 0 3 81 10037
2018-10-13T00:20Z 45 1 9 82 0 3 81 10038
2018-10-13T00:25Z 45 1 6 82 0 3 80 10039
2018-10-13T00:30Z 45 3 7 82 0 3 79 10041
2018-10-13T00:35Z 45 0 7 83 0 3 79 10042
2018-10-13T00:41Z 45 1 6 84 0 3 78 10042
2018-10-13T00:46Z 45 2 6 84 0 3 76 10044
2018-10-13T00:51Z 45 0 6 85 0 3 75 10043
2018-10-13T00:56Z 45 0 9 85 0 3 73 10043
2018-10-13T01:01Z 45 1 9 86 0 3 73 10043
2018-10-13T01:06Z 45 3 6 86 0 3 72 10043
2018-10-13T01:11Z 45 2 6 87 0 3 71 10044
2018-10-13T01:16Z 45 3 6 90 0 3 66 10045
2018-10-13T01:21Z 45 1 9 91 0 3 63 10045
2018-10-13T01:26Z 45 5 12 94 0 3 59 10045
2018-10-13T01:31Z 45 1 12 96 0 3 55 10047
2018-10-13T01:36Z 45 2 6 97 0 3 53 10047
2018-10-13T01:42Z 45 2 6 97 0 3 52 10047
2018-10-13T01:47Z 225 2 10 96 0 3 54 10047
2018-10-13T01:53Z 270 0 8 97 0 3 53 10047
2018-10-13T01:58Z 225 3 6 98 0 3 50 10048
2018-10-13T02:03Z 45 1 6 100 0 3 49 10046
2018-10-13T02:08Z 45 0 6 101 0 3 46 10047
2018-10-13T02:13Z 45 1 6 103 0 3 43 10047
2018-10-13T02:18Z 45 2 6 105 0 3 40 10048
2018-10-13T02:23Z 45 0 5 107 0 3 38 10049
2018-10-13T02:28Z 45 1 5 109 0 3 35 10049
2018-10-13T02:37Z 45 1 4 111 0 3 33 10050
2018-10-13T02:42Z 45 0 4 112 0 3 33 10049
2018-10-13T02:47Z 45 2 6 111 0 3 33 10050
2018-10-13T02:53Z 45 0 6 108 0 3 36 10049
2018-10-13T02:58Z 45 3 9 106 0 3 39 10049
2018-10-13T03:03Z 135 1 9 104 0 3 41 10050
2018-10-13T03:08Z 45 2 7 103 0 3 42 10048
2018-10-13T03:13Z 45 2 8 105 0 3 39 10048
2018-10-13T03:18Z 90 0 8 106 0 3 39 10048
2018-10-13T03:23Z 45 1 7 107 0 3 38 10047
2018-10-13T03:28Z 45 0 7 108 0 3 37 10047
2018-10-13T03:33Z 45 5 13 108 0 3 35 10047
2018-10-13T03:38Z 45 8 15 107 0 3 36 10046
2018-10-13T03:43Z 45 6 15 105 0 3 38 10045
2018-10-13T03:48Z 135 5 15 104 0 3 40 10044
2018-10-13T03:53Z 225 0 15 104 0 3 40 10043
2018-10-13T04:03Z 225 11 27 105 0 3 39 10040
2018-10-13T04:08Z 180 5 27 102 0 3 42 10039
2018-10-13T04:13Z 90 5 22 99 0 3 46 10039
2018-10-13T04:18Z 225 12 19 98 0 3 47 10038
2018-10-13T04:23Z 180 6 19 99 0 3 46 10037
2018-10-13T04:28Z 90 6 16 102 0 3 42 10036
2018-10-13T04:33Z 180 4 14 105 0 3 38 10037
2018-10-13T04:38Z 45 4 14 106 0 3 37 10035
2018-10-13T04:43Z 45 6 15 107 0 3 36 10033
2018-10-13T04:48Z 225 3 15 109 0 3 34 10034
2018-10-13T04:53Z 225 0 9 112 0 3 32 10032
2018-10-13T04:58Z 45 3 11 116 0 3 28 10032
2018-10-13T05:04Z 45 2 11 116 0 3 27 10031
2018-10-13T05:09Z 45 1 22 114 0 3 28 10029
2018-10-13T05:14Z 45 0 15 112 0 3 29 10028
2018-10-13T05:19Z 45 1 9 111 0 3 31 10028
2018-10-13T05:24Z 45 2 9 110 0 3 32 10027
2018-10-13T05:29Z 90 0 12 109 0 3 32 10025
2018-10-13T05:36Z 45 3 8 110 0 3 32 10024
2018-10-13T05:41Z 45 0 8 109 0 3 32 10022
2018-10-13T05:46Z 45 4 14 109 0 3 33 10022
2018-10-13T05:51Z 90 3 14 107 0 3 35 10019
2018-10-13T05:56Z 180 6 12 107 0 3 35 10020
2018-10-13T06:01Z 45 8 12 108 0 3 35 10019
2018-10-13T06:07Z 225 6 13 107 0 3 35 10017
2018-10-13T06:12Z 135 3 16 106 0 3 36 10016
2018-10-13T06:17Z 45 4 16 107 0 3 36 10014
2018-10-13T06:22Z 180 5 22 106 0 3 36 10014
2018-10-13T06:28Z 45 6 22 104 0 3 40 10014
2018-10-13T06:33Z 45 6 21 104 0 3 39 10014
2018-10-13T06:38Z 45 6 18 105 0 3 38 10013
2018-10-13T06:43Z 45 4 13 107 0 3 36 10011
2018-10-13T06:48Z 45 3 15 109 0 3 35 10011
2018-10-13T06:53Z 180 6 18 108 0 3 35 10010
2018-10-13T06:58Z 180 6 18 105 0 3 36 10009
2018-10-13T07:03Z 45 3 17 104 0 3 38 10009
2018-10-13T07:08Z 45 1 9 104 0 3 39 10009
2018-10-13T07:13Z 180 12 19 104 0 3 39 10008
2018-10-13T07:19Z 225 12 19 101 0 3 42 10007
2018-10-13T07:24Z 225 8 22 99 0 3 46 10006
2018-10-13T07:29Z 225 9 22 97 0 3 47 10005
2018-10-13T07:35Z 45 2 18 96 0 3 48 10005
2018-10-13T07:40Z 180 1 13 97 0 3 48 10004
2018-10-13T07:45Z 270 3 13 99 0 3 45 10003
2018-10-13T07:50Z 45 0 9 101 0 3 42 10003
2018-10-13T07:55Z 90 4 9 103 0 3 41 10003
2018-10-13T08:00Z 45 3 13 104 0 3 39 10004
2018-10-13T08:05Z 225 11 18 103 0 3 39 10005
2018-10-13T08:10Z 225 7 28 101 0 3 41 10005
2018-10-13T08:15Z 225 7 28 99 0 3 44 10002
2018-10-13T08:20Z 225 5 14 98 0 3 46 10003
2018-10-13T08:26Z 225 3 9 97 0 3 48 10002
2018-10-13T08:31Z 270 3 9 96 0 3 48 10001
2018-10-13T08:36Z 225 6 13 95 0 3 49 10002
2018-10-13T08:41Z 225 2 13 95 0 2 49 10003
2018-10-13T08:46Z 90 0 9 95 0 2 50 10004
2018-10-13T08:51Z 45 8 18 94 0 2 52 10005
2018-10-13T08:56Z 45 3 18 94 0 2 54 10005
2018-10-13T09:01Z 45 8 15 92 0 1 56 10005
2018-10-13T09:06Z 45 12 27 91 0 1 58 10003
2018-10-13T09:11Z 45 8 28 90 0 1 60 10004
2018-10-13T09:16Z 45 9 31 89 0 1 63 10008
2018-10-13T09:21Z 45 10 31 88 0 1 65 10006
2018-10-13T09:27Z 45 11 24 87 0 1 66 10006
2018-10-13T09:32Z 180 9 25 86 0 1 68 10007
2018-10-13T09:37Z 45 6 25 86 0 1 69 10008
2018-10-13T09:42Z 45 4 25 85 0 1 70 10007
2018-10-13T09:47Z 45 3 12 85 0 1 71 10008
2018-10-13T09:52Z 45 7 28 85 0 0 71 10010
2018-10-13T10:01Z 45 15 28 84 0 0 74 10010
2018-10-13T10:06Z 225 12 27 84 0 0 74 10011
2018-10-13T10:11Z 45 14 29 83 0 0 74 10011
2018-10-13T10:16Z 45 10 29 83 0 0 73 10010
2018-10-13T10:21Z 45 8 20 83 0 0 74 10010
2018-10-13T10:26Z 45 6 20 83 0 0 74 10011
2018-10-13T10:31Z 225 6 15 83 0 0 74 10011
2018-10-13T10:37Z 225 6 13 83 0 0 73 10012
2018-10-13T10:42Z 180 8 14 82 0 0 73 10013
2018-10-13T10:47Z 225 11 19 82 0 0 72 10014
2018-10-13T10:52Z 90 4 19 82 0 0 72 10012
2018-10-13T10:57Z 45 5 17 82 0 0 70 10014
2018-10-13T11:02Z 45 3 12 82 0 0 70 10014
2018-10-13T11:07Z 225 3 12 83 0 0 70 10014
2018-10-13T11:12Z 180 2 9 83 0 0 70 10014
2018-10-13T11:17Z 135 5 13 83 0 0 71 10016
2018-10-13T11:22Z 225 2 13 83 0 0 71 10014
2018-10-13T11:27Z 45 2 9 83 0 0 71 10016
2018-10-13T11:32Z 45 3 9 83 0 0 71 10018
2018-10-13T11:38Z 225 3 11 83 0 0 71 10020
2018-10-13T11:44Z 225 4 12 83 0 0 71 10022
2018-10-13T11:49Z 225 6 12 83 0 0 72 10023
2018-10-13T11:54Z 225 4 10 83 0 0 72 10023
2018-10-13T11:59Z 45 1 10 83 0 0 72 10022
2018-10-13T12:04Z 45 3 10 83 0 0 72 10024
2018-10-13T12:09Z 45 1 12 83 0 0 73 10026
2018-10-13T12:16Z 45 0 12 83 0 0 73 10026
2018-10-13T12:21Z 45 1 9 83 0 0 73 10026
2018-10-13T12:26Z 45 2 9 83 0 0 74 10027
2018-10-13T12:31Z 45 1 10 83 0 0 74 10029
2018-10-13T12:36Z 45 1 10 83 0 0 74 10030
2018-10-13T12:41Z 45 3 12 83 0 0 75 10030
2018-10-13T12:46Z 45 0 12 83 0 0 75 10031
2018-10-13T12:51Z 45 1 9 83 0 0 75 10033
2018-10-13T12:57Z 45 0 9 83 0 0 75 10034
2018-10-13T13:02Z 45 0 6 83 0 0 76 10033
2018-10-13T13:08Z 45 0 6 83 0 0 76 10033
2018-10-13T13:13Z 45 0 6 83 0 0 76 10033
2018-10-13T13:18Z 225 2 6 82 0 0 76 10033
2018-10-13T13:24Z 45 3 10 82 0 0 76 10033
2018-10-13T13:29Z 180 2 10 82 0 0 77 10033
2018-10-13T13:34Z 45 4 10 82 0 0 76 10033
2018-10-13T13:39Z 135 3 10 82 0 0 76 10035
2018-10-13T13:44Z 45 1 9 82 0 0 76 10036
2018-10-13T13:49Z 270 0 8 82 0 0 76 10036
2018-10-13T13:54Z 45 0 6 82 0 0 76 10037
2018-10-13T13:59Z 45 0 6 82 0 0 77 10038
2018-10-13T14:04Z 45 0 7 82 0 0 77 10037
2018-10-13T14:10Z 45 0 7 82 0 0 77 10038
2018-10-13T14:15Z 45 1 6 82 0 0 77 10038
2018-10-13T14:20Z 45 0 6 82 0 0 77 10038
2018-10-13T14:25Z 45 0 6 82 0 0 77 10038
2018-10-13T14:30Z 225 1 6 82 0 0 77 10039
2018-10-13T14:35Z 45 0 6 82 0 0 77 10039
2018-10-13T14:40Z 45 0 6 82 0 0 77 10039
2018-10-13T14:45Z 180 0 6 82 0 0 77 10041
2018-10-13T14:50Z 45 3 7 82 0 0 77 10040
2018-10-13T14:56Z 225 0 8 82 0 0 77 10040
2018-10-13T15:01Z 135 0 8 82 0 0 77 10039
2018-10-13T15:06Z 45 0 7 82 0 0 77 10040
2018-10-13T15:11Z 225 0 5 82 0 0 77 10039
2018-10-13T15:16Z 315 0 3 82 0 0 77 10038
2018-10-13T15:22Z 180 0 5 82 0 0 77 10038
2018-10-13T15:27Z 225 0 5 82 0 0 77 10038
2018-10-13T15:32Z 225 0 3 82 0 0 77 10038
2018-10-13T15:37Z 180 0 4 82 0 0 77 10039
2018-10-13T15:42Z 225 0 4 82 0 0 77 10039
2018-10-13T15:47Z 225 1 6 82 0 0 77 10038
2018-10-13T15:52Z 225 1 7 82 0 0 77 10040
2018-10-13T15:57Z 45 0 7 82 0 0 77 10038
2018-10-13T16:02Z 225 2 7 82 0 0 77 10037
2018-10-13T16:07Z 225 0 6 82 0 0 77 10036
2018-10-13T16:12Z 225 0 5 82 0 0 77 10035
2018-10-13T16:17Z 225 0 6 82 0 0 77 10036
2018-10-13T16:23Z 225 1 6 81 0 0 77 10036
2018-10-13T16:28Z 135 3 9 81 0 0 78 10035
2018-10-13T16:33Z 45 2 10 81 0 0 78 10034
2018-10-13T16:38Z 45 3 10 81 0 0 78 10033
2018-10-13T16:43Z 135 1 10 81 0 0 78 10033
2018-10-13T16:48Z 90 0 5 81 0 0 79 10033
2018-10-13T16:53Z 45 1 6 81 0 0 79 10033
2018-10-13T16:58Z 90 3 7 81 0 0 79 10033
2018-10-13T17:03Z 180 0 7 81 0 0 80 10034
2018-10-13T17:08Z 225 1 7 80 0 0 80 10033
2018-10-13T17:13Z 225 1 7 80 0 0 80 10031
2018-10-13T17:18Z 270 0 6 80 0 0 80 10030
2018-10-13T17:23Z 45 1 7 80 0 0 81 10029
2018-10-13T17:29Z 45 1 9 80 0 0 81 10030
2018-10-13T17:34Z 90 3 10 80 0 0 81 10028
2018-10-13T17:39Z 45 2 10 80 0 0 81 10028
2018-10-13T17:44Z 45 0 8 80 0 0 82 10028
2018-10-13T17:49Z 225 0 4 80 0 0 82 10028
2018-10-13T17:54Z 225 0 3 80 0 0 81 10027
2018-10-13T17:59Z 225 0 3 80 0 0 82 10026
2018-10-13T18:04Z 225 1 4 80 0 0 82 10026
2018-10-13T18:09Z 225 1 6 80 0 0 82 10026
2018-10-13T18:14Z 225 3 8 80 0 0 82 10025
2018-10-13T18:19Z 45 0 8 80 0 0 82 10025
2018-10-13T18:24Z 45 0 6 80 0 0 82 10025
2018-10-13T18:30Z 90 0 6 80 0 0 82 10025
2018-10-13T18:35Z 45 0 4 80 0 0 82 10025
2018-10-13T18:40Z 45 0 5 80 0 0 83 10024
2018-10-13T18:45Z 0 0 7 80 0 0 83 10024
2018-10-13T18:50Z 45 0 7 80 0 0 83 10022
2018-10-13T18:55Z 45 0 6 80 0 0 83 10023
2018-10-13T19:00Z 45 0 6 79 0 0 83 10022
2018-10-13T19:05Z 135 1 6 80 0 0 83 10022
2018-10-13T19:10Z 45 0 7 79 0 0 84 10023
2018-10-13T19:15Z 45 0 7 79 0 0 84 10025
2018-10-13T19:20Z 45 0 6 79 0 0 84 10025
2018-10-13T19:25Z 270 0 5 79 0 0 84 10025
2018-10-13T19:30Z 225 0 5 79 0 0 84 10024
2018-10-13T19:36Z 315 0 3 79 0 0 84 10024
2018-10-13T19:41Z 315 0 3 79 0 0 84 10024
2018-10-13T19:46Z 315 0 3 79 0 0 84 10024
2018-10-13T19:51Z 315 0 6 79 0 0 84 10023
2018-10-13T19:56Z 315 0 6 79 0 0 84 10024
2018-10-13T20:01Z 315 0 3 79 0 0 84 10023
2018-10-13T20:06Z 225 0 3 79 0 0 84 10022
2018-10-13T20:11Z 180 0 0 79 0 0 84 10021
2018-10-13T20:16Z 225 0 3 79 0 0 85 10023
2018-10-13T20:21Z 225 0 6 79 0 0 85 10022
2018-10-13T20:26Z 270 1 6 79 0 0 84 10022
2018-10-13T20:31Z 225 0 6 79 0 0 84 10022
2018-10-13T20:37Z 315 0 4 79 0 0 84 10021
2018-10-13T20:42Z 315 0 3 79 0 0 84 10021
2018-10-13T20:47Z 315 0 0 79 0 0 84 10022
2018-10-13T20:52Z 315 0 0 79 0 0 84 10020
2018-10-13T20:57Z 225 0 3 79 0 0 85 10019
2018-10-13T21:02Z 180 0 3 79 0 0 85 10020
2018-10-13T21:07Z 225 0 3 79 0 0 86 10021
2018-10-13T21:12Z 225 1 3 79 0 0 86 10021
2018-10-13T21:17Z 225 2 6 79 0 0 85 10021
2018-10-13T21:22Z 270 1 7 80 0 0 84 10020
2018-10-13T21:27Z 270 3 7 80 0 0 85 10021
2018-10-13T21:32Z 225 3 7 79 0 0 84 10022
2018-10-13T21:37Z 270 4 7 79 0 0 85 10022
2018-10-13T21:43Z 225 5 9 79 0 0 85 10023
2018-10-13T21:48Z 135 3 9 79 0 0 85 10022
2018-10-13T21:53Z 180 3 8 79 0 0 85 10021
2018-10-13T21:58Z 135 2 8 79 0 0 85 10022
2018-10-13T22:03Z 45 0 7 79 0 0 85 10022
2018-10-13T22:08Z 45 4 10 79 0 0 85 10023
2018-10-13T22:13Z 45 3 10 78 0 0 86 10021
2018-10-13T22:18Z 45 3 9 78 0 0 86 10021
2018-10-13T22:23Z 45 4 9 78 0 0 87 10023
2018-10-13T22:28Z 45 5 10 78 0 0 87 10023
2018-10-13T22:33Z 45 1 11 78 0 0 87 10021
2018-10-13T22:42Z 180 3 9 78 0 0 88 10023
2018-10-13T22:48Z 180 2 9 78 0 0 88 10024
2018-10-13T22:53Z 180 3 8 78 0 0 88 10024
2018-10-13T22:58Z 180 3 7 79 0 0 88 10024
2018-10-13T23:03Z 180 3 7 79 0 0 87 10026
2018-10-13T23:08Z 225 3 8 79 0 0 87 10029
2018-10-13T23:14Z 225 4 9 79 0 0 87 10029
2018-10-13T23:19Z 180 0 9 80 0 0 86 10029
2018-10-13T23:24Z 225 1 6 80 0 0 86 10031
2018-10-13T23:29Z 225 1 7 80 0 0 85 10031
2018-10-13T23:34Z 225 1 7 81 0 0 84 10032
2018-10-13T23:39Z 225 0 6 81 0 0 83 10033
2018-10-13T23:44Z 225 0 3 82 0 0 83 10035
2018-10-13T23:49Z 225 1 3 82 0 0 81 10035
2018-10-13T23:54Z 0 0 5 83 0 0 81 10035
2018-10-13T23:59Z 0 0 5 83 0 0 81 10035
2018-10-14T00:04Z 45 1 7 84 0 0 79 10035
2018-10-14T00:09Z 90 0 7 85 0 0 78 10036
2018-10-14T00:14Z 45 0 4 86 0 0 74 10035
2018-10-14T00:19Z 45 2 6 87 0 0 72 10035
2018-10-14T00:24Z 45 1 9 88 0 0 69 10037
2018-10-14T00:29Z 45 3 9 89 0 0 68 10037
2018-10-14T00:34Z 135 2 12 90 0 0 67 10037
2018-10-14T00:39Z 45 1 12 91 0 0 65 10038
2018-10-14T00:44Z 45 6 13 92 0 0 63 10037
2018-10-14T00:49Z 45 3 17 92 0 0 63 10036
2018-10-14T00:54Z 45 2 17 92 0 0 61 10039
2018-10-14T00:59Z 45 3 10 93 0 0 59 10039
2018-10-14T01:05Z 45 5 14 94 0 0 57 10039
2018-10-14T01:10Z 45 4 14 94 0 0 56 10040
2018-10-14T01:15Z 45 9 17 95 0 0 54 10041
2018-10-14T01:20Z 45 6 17 95 0 0 54 10041
2018-10-14T01:25Z 45 3 17 95 0 0 54 10042
2018-10-14T01:30Z 45 6 18 95 0 0 54 10043
2018-10-14T01:35Z 45 6 18 96 0 0 53 10044
2018-10-14T01:40Z 45 3 18 97 0 0 52 10043