2018-11-24T03:29Z 135 9 22 78 2 3 77 10050
2018-11-24T03:34Z 135 12 22 78 2 3 76 10048
2018-11-24T03:39Z 90 9 27 79 2 3 75 10050
2018-11-24T03:44Z 180 10 27 79 2 3 74 10049
2018-11-24T03:49Z 135 6 27 80 2 3 73 10049
2018-11-24T03:54Z 45 9 17 80 2 3 72 10048
2018-11-24T03:59Z 90 7 24 80 2 3 73 10048
2018-11-24T04:04Z 135 12 28 80 2 3 72 10044
2018-11-24T04:09Z 45 7 28 80 2 3 72 10044
2018-11-24T04:14Z 90 9 23 80 1 3 73 10044
2018-11-24T04:19Z 180 7 24 80 0 3 74 10041
2018-11-24T04:24Z 225 11 25 80 0 3 73 10042
2018-11-24T04:29Z 180 12 25 81 0 3 72 10040
2018-11-24T04:34Z 180 12 25 81 0 3 72 10040
2018-11-24T04:39Z 180 12 26 81 0 3 70 10039
2018-11-24T04:44Z 45 16 32 81 0 3 71 10037
2018-11-24T04:49Z 45 11 32 81 0 3 72 10035
2018-11-24T04:54Z 90 10 32 81 0 3 71 10034
2018-11-24T04:59Z 135 13 32 81 0 3 71 10031
2018-11-24T05:04Z 180 19 37 81 0 3 69 10030
2018-11-24T05:09Z 90 11 37 82 0 3 69 10031
2018-11-24T05:14Z 45 12 30 82 0 3 67 10031
2018-11-24T05:20Z 45 11 30 82 0 3 67 10029
2018-11-24T05:25Z 45 15 27 82 0 3 66 10028
2018-11-24T05:30Z 90 13 34 82 0 3 66 10030
2018-11-24T05:35Z 45 16 34 82 0 3 66 10028
2018-11-24T05:40Z 45 16 34 82 0 3 66 10029
2018-11-24T05:45Z 45 21 35 83 0 3 65 10026
2018-11-24T05:50Z 45 20 43 83 0 3 64 10024
2018-11-24T05:55Z 45 22 47 83 0 3 64 10024
2018-11-24T06:00Z 90 20 47 83 0 3 64 10024
2018-11-24T06:05Z 135 20 48 83 0 3 66 10020
2018-11-24T06:10Z 45 24 49 82 0 3 68 10022
2018-11-24T06:15Z 45 23 49 81 0 3 70 10019
2018-11-24T06:20Z 90 18 48 81 0 3 70 10020
2018-11-24T06:25Z 45 18 39 82 0 3 70 10019
2018-11-24T06:30Z 90 18 43 82 0 3 68 10018
2018-11-24T06:35Z 45 13 43 83 0 3 68 10017
2018-11-24T06:41Z 180 22 39 84 0 3 65 10016
2018-11-24T06:46Z 135 19 44 84 0 3 65 10014
2018-11-24T06:51Z 180 25 50 84 0 3 65 10014
2018-11-24T06:56Z 45 22 50 83 0 3 64 10012
2018-11-24T07:01Z 180 18 40 83 0 3 65 10014
2018-11-24T07:06Z 90 23 44 83 0 3 64 10013
2018-11-24T07:11Z 180 15 44 83 0 3 64 10013
2018-11-24T07:16Z 45 17 51 83 0 3 63 10014
2018-11-24T07:21Z 90 26 51 84 0 3 63 10013
2018-11-24T07:26Z 90 28 50 83 0 3 63 10012
2018-11-24T07:31Z 180 14 50 83 0 3 64 10013
2018-11-24T07:36Z 45 22 48 83 0 3 64 10014
2018-11-24T07:41Z 90 12 48 83 0 3 64 10014
2018-11-24T07:46Z 180 19 48 83 0 3 63 10014
2018-11-24T07:51Z 135 22 48 83 0 3 64 10012
2018-11-24T07:56Z 45 19 47 82 0 3 67 10011
2018-11-24T08:02Z 45 16 43 81 0 3 68 10012
2018-11-24T08:07Z 45 24 50 82 0 3 67 10011
2018-11-24T08:12Z 90 18 50 82 0 3 66 10012
2018-11-24T08:17Z 135 22 50 82 0 3 65 10013
2018-11-24T08:22Z 135 20 47 83 0 3 65 10012
2018-11-24T08:27Z 90 14 42 83 0 3 65 10010
2018-11-24T08:32Z 45 18 41 83 0 3 65 10011
2018-11-24T08:37Z 45 18 41 83 0 3 66 10009