2018-10-27T05:03Z 90 2 18 115 0 0 25 10070
2018-10-27T05:08Z 45 8 18 116 0 0 25 10070
2018-10-27T05:13Z 45 3 15 116 0 0 24 10069
2018-10-27T05:18Z 45 3 20 116 0 0 24 10068
2018-10-27T05:23Z 45 0 20 117 0 0 24 10068
2018-10-27T05:28Z 45 1 6 118 0 0 23 10067
2018-10-27T05:33Z 45 3 9 119 0 0 23 10067
2018-10-27T05:38Z 45 1 9 120 0 0 22 10065
2018-10-27T05:43Z 45 1 9 120 0 0 22 10065
2018-10-27T05:48Z 45 0 16 122 0 0 20 10063
2018-10-27T05:53Z 45 0 5 124 0 0 20 10061
2018-10-27T05:58Z 45 0 9 125 0 0 19 10060
2018-10-27T06:03Z 45 1 9 124 0 0 20 10059
2018-10-27T06:08Z 90 3 9 122 0 0 20 10059
2018-10-27T06:13Z 45 1 12 118 0 0 23 10057
2018-10-27T06:18Z 45 0 12 119 0 0 23 10056
2018-10-27T06:24Z 45 0 4 120 0 0 22 10055
2018-10-27T06:29Z 45 1 5 121 0 0 22 10053
2018-10-27T06:34Z 45 2 6 120 0 0 21 10053
2018-10-27T06:39Z 45 2 7 118 0 0 23 10052
2018-10-27T06:44Z 45 0 7 116 0 0 24 10050
2018-10-27T06:49Z 45 1 4 116 0 0 24 10050
2018-10-27T06:54Z 45 0 4 116 0 0 24 10049
2018-10-27T06:59Z 45 1 4 116 0 0 24 10049
2018-10-27T07:04Z 90 2 5 115 0 0 24 10048
2018-10-27T07:09Z 45 1 6 114 0 0 25 10048
2018-10-27T07:14Z 45 2 6 114 0 0 25 10047
2018-10-27T07:19Z 45 0 5 115 0 0 24 10046
2018-10-27T07:24Z 45 0 4 116 0 0 24 10045
2018-10-27T07:29Z 45 0 4 116 0 0 24 10043
2018-10-27T07:34Z 45 0 4 115 0 0 24 10044
2018-10-27T07:39Z 45 0 4 115 0 0 24 10043
2018-10-27T07:44Z 45 0 6 115 0 0 25 10043
2018-10-27T07:49Z 90 1 6 115 0 0 24 10042
2018-10-27T07:55Z 45 3 7 112 0 0 26 10044
2018-10-27T08:00Z 45 0 7 109 0 0 28 10043
2018-10-27T08:05Z 45 0 5 108 0 0 29 10042
2018-10-27T08:10Z 45 0 6 107 0 0 31 10042
2018-10-27T08:15Z 45 0 6 106 0 0 31 10043
2018-10-27T08:20Z 45 0 4 107 0 0 30 10042
2018-10-27T08:25Z 45 0 4 108 0 0 29 10043
2018-10-27T08:30Z 45 0 3 110 0 0 28 10043
2018-10-27T08:35Z 45 0 3 110 0 0 27 10043
2018-10-27T08:40Z 45 2 6 108 0 0 29 10042
2018-10-27T08:45Z 90 0 6 106 0 0 31 10043
2018-10-27T08:50Z 90 0 3 105 0 0 31 10042
2018-10-27T08:55Z 45 0 3 104 0 0 32 10042
2018-10-27T09:00Z 45 0 3 103 0 0 35 10043
2018-10-27T09:05Z 45 1 5 101 0 0 38 10042
2018-10-27T09:10Z 45 0 5 100 0 0 40 10043
2018-10-27T09:15Z 45 0 4 99 0 0 41 10043
2018-10-27T09:21Z 45 1 4 99 0 0 41 10044
2018-10-27T09:26Z 45 1 4 99 0 0 41 10044
2018-10-27T09:31Z 45 1 4 99 0 0 41 10044
2018-10-27T09:36Z 45 1 4 99 0 0 41 10044
2018-10-27T09:41Z 45 1 4 99 0 0 41 10044
2018-10-27T09:46Z 45 1 4 99 0 0 41 10044
2018-10-27T09:51Z 45 1 6 95 0 0 48 10044
2018-10-27T09:56Z 45 1 6 94 0 0 50 10046
2018-10-27T10:01Z 45 2 7 93 0 0 52 10048
2018-10-27T10:06Z 45 1 7 93 0 0 54 10048
2018-10-27T10:11Z 45 1 6 92 0 0 56 10047
2018-10-27T10:16Z 45 1 6 92 0 0 56 10047
2018-10-27T10:21Z 45 1 6 92 0 0 56 10047
2018-10-27T10:26Z 45 1 6 92 0 0 56 10047
2018-10-27T10:31Z 45 1 6 90 0 0 61 10049
2018-10-27T10:36Z 45 1 6 89 0 0 62 10049
2018-10-27T10:41Z 45 1 6 89 0 0 62 10049
2018-10-27T10:46Z 45 1 6 89 0 0 62 10049
2018-10-27T10:52Z 45 1 4 88 0 0 64 10051
2018-10-27T10:57Z 45 1 4 88 0 0 64 10051
2018-10-27T11:02Z 45 1 4 88 0 0 65 10051
2018-10-27T11:07Z 45 1 4 88 0 0 65 10051
2018-10-27T11:12Z 45 1 4 88 0 0 65 10051
2018-10-27T11:17Z 45 0 6 87 0 0 66 10052
2018-10-27T11:22Z 45 0 6 87 0 0 66 10053
2018-10-27T11:28Z 45 1 4 87 0 0 67 10053
2018-10-27T11:33Z 45 0 5 87 0 0 67 10053
2018-10-27T11:38Z 45 0 5 87 0 0 67 10053
2018-10-27T11:43Z 45 0 5 87 0 0 67 10053
2018-10-27T11:48Z 45 0 3 86 0 0 67 10054
2018-10-27T11:53Z 45 0 3 86 0 0 67 10054
2018-10-27T11:58Z 45 0 3 86 0 0 67 10054
2018-10-27T12:03Z 45 0 3 86 0 0 67 10054
2018-10-27T12:08Z 45 0 3 86 0 0 68 10057
2018-10-27T12:13Z 45 0 3 86 0 0 68 10057
2018-10-27T12:19Z 45 0 3 86 0 0 68 10057
2018-10-27T12:24Z 45 0 3 86 0 0 68 10057
2018-10-27T12:29Z 45 0 3 86 0 0 68 10057
2018-10-27T12:34Z 45 0 5 85 0 0 71 10059
2018-10-27T12:40Z 45 0 5 85 0 0 71 10059
2018-10-27T12:45Z 45 0 5 85 0 0 71 10059
2018-10-27T12:50Z 45 0 5 85 0 0 71 10059
2018-10-27T12:55Z 45 0 5 85 0 0 71 10059
2018-10-27T13:00Z 45 0 5 85 0 0 71 10059
2018-10-27T13:05Z 45 0 5 85 0 0 71 10059
2018-10-27T13:10Z 45 0 4 85 0 0 72 10065
2018-10-27T13:15Z 45 0 4 85 0 0 72 10065
2018-10-27T13:20Z 45 0 4 84 0 0 73 10064
2018-10-27T13:25Z 45 0 4 84 0 0 73 10064
2018-10-27T13:31Z 225 0 4 84 0 0 73 10067
2018-10-27T13:36Z 225 0 4 84 0 0 73 10067
2018-10-27T13:41Z 225 0 4 84 0 0 73 10067
2018-10-27T13:46Z 225 0 4 84 0 0 73 10067
2018-10-27T13:51Z 225 0 4 84 0 0 73 10067
2018-10-27T13:56Z 225 0 4 84 0 0 73 10067
2018-10-27T14:01Z 225 0 4 84 0 0 73 10067
2018-10-27T14:06Z 225 0 4 84 0 0 73 10067
2018-10-27T14:11Z 225 0 4 84 0 0 73 10067
2018-10-27T14:16Z 225 0 4 84 0 0 73 10067
2018-10-27T14:21Z 135 1 4 83 0 0 76 10068
2018-10-27T14:26Z 135 1 4 83 0 0 76 10068
2018-10-27T14:31Z 45 0 4 83 0 0 76 10068
2018-10-27T14:36Z 45 0 4 83 0 0 76 10068
2018-10-27T14:41Z 225 0 3 83 0 0 77 10070
2018-10-27T14:46Z 225 0 3 83 0 0 77 10070
2018-10-27T14:51Z 225 0 3 83 0 0 77 10070
2018-10-27T14:57Z 135 0 3 83 0 0 77 10068
2018-10-27T15:02Z 135 0 3 83 0 0 77 10068
2018-10-27T15:07Z 225 0 6 83 0 0 77 10068
2018-10-27T15:12Z 225 0 6 83 0 0 77 10068
2018-10-27T15:17Z 225 0 6 83 0 0 77 10068
2018-10-27T15:22Z 45 0 5 83 0 0 77 10069
2018-10-27T15:27Z 45 0 5 83 0 0 77 10069
2018-10-27T15:32Z 45 0 3 83 0 0 76 10066
2018-10-27T15:41Z 180 0 3 83 0 0 77 10067
2018-10-27T15:46Z 90 1 6 83 0 0 77 10066
2018-10-27T15:51Z 45 1 6 83 0 0 77 10065
2018-10-27T15:56Z 45 1 6 83 0 0 77 10065
2018-10-27T16:01Z 45 1 6 83 0 0 77 10065
2018-10-27T16:06Z 45 1 6 83 0 0 77 10065
2018-10-27T16:11Z 45 1 6 83 0 0 77 10065
2018-10-27T16:16Z 45 1 6 83 0 0 77 10065
2018-10-27T16:21Z 45 1 6 83 0 0 77 10065
2018-10-27T16:26Z 225 0 6 83 0 0 77 10065
2018-10-27T16:30Z 180 0 0 81 0 0 79 10056
2018-10-27T16:35Z 180 0 0 81 0 0 79 10054
2018-10-27T16:40Z 180 3 8 81 0 0 79 10054
2018-10-27T16:45Z 180 0 9 81 0 0 79 10055
2018-10-27T16:50Z 180 0 4 81 0 0 78 10055
2018-10-27T16:55Z 180 0 4 81 0 0 78 10055
2018-10-27T17:00Z 180 0 0 81 0 0 79 10054
2018-10-27T17:06Z 180 0 0 81 0 0 79 10053
2018-10-27T17:11Z 180 0 0 81 0 0 79 10053
2018-10-27T17:16Z 90 0 4 81 0 0 79 10052
2018-10-27T17:21Z 45 0 4 81 0 0 79 10051
2018-10-27T17:26Z 45 0 4 81 0 0 79 10051
2018-10-27T17:31Z 45 0 5 81 0 0 79 10050
2018-10-27T17:36Z 45 0 6 81 0 0 80 10049
2018-10-27T17:41Z 45 3 8 81 0 0 80 10049
2018-10-27T17:46Z 45 3 9 81 0 0 80 10049
2018-10-27T17:51Z 45 3 9 81 0 0 80 10049
2018-10-27T17:56Z 45 1 9 80 0 0 81 10047
2018-10-27T18:01Z 45 1 9 80 0 0 81 10046
2018-10-27T18:06Z 45 0 11 80 0 0 81 10045
2018-10-27T18:11Z 135 2 11 80 0 0 82 10044
2018-10-27T18:16Z 225 3 9 80 0 0 82 10044
2018-10-27T18:21Z 225 3 10 80 0 0 82 10045
2018-10-27T18:26Z 135 5 10 80 0 0 82 10045
2018-10-27T18:31Z 225 6 11 80 0 0 81 10044
2018-10-27T18:36Z 135 6 13 80 0 0 81 10043
2018-10-27T18:42Z 45 6 17 80 0 0 82 10043
2018-10-27T18:47Z 90 6 17 80 0 0 82 10043
2018-10-27T18:52Z 225 7 15 80 0 0 83 10042
2018-10-27T18:57Z 225 10 15 79 0 0 82 10041
2018-10-27T19:02Z 225 8 17 79 0 0 82 10042
2018-10-27T19:07Z 180 0 4 81 0 0 83 10059
2018-10-27T19:11Z 180 0 4 81 0 0 83 10059
2018-10-27T19:15Z 180 0 4 81 0 0 83 10059
2018-10-27T19:20Z 180 0 4 81 0 0 83 10059
2018-10-27T19:25Z 45 2 6 81 0 0 84 10057
2018-10-27T19:30Z 45 0 6 81 0 0 84 10056
2018-10-27T19:35Z 45 3 8 81 0 0 83 10055
2018-10-27T19:40Z 45 3 9 81 0 0 83 10056
2018-10-27T19:45Z 45 3 9 80 0 0 83 10055
2018-10-27T19:50Z 45 1 9 80 0 0 83 10054
2018-10-27T19:55Z 45 1 9 80 0 0 83 10054
2018-10-27T20:00Z 45 1 9 80 0 0 83 10054
2018-10-27T20:05Z 45 3 9 80 0 0 83 10057
2018-10-27T20:10Z 135 4 12 80 0 0 82 10058
2018-10-27T20:15Z 180 3 12 80 0 0 82 10058
2018-10-27T20:20Z 180 3 12 80 0 0 82 10058
2018-10-27T20:25Z 180 3 12 80 0 0 82 10058
2018-10-27T20:30Z 225 3 9 80 0 0 82 10058
2018-10-27T20:35Z 225 3 9 80 0 0 82 10058
2018-10-27T20:41Z 180 4 9 80 0 0 82 10057
2018-10-27T20:46Z 225 3 9 80 0 0 82 10056
2018-10-27T20:51Z 180 3 9 79 0 0 81 10056
2018-10-27T20:56Z 180 3 9 79 0 0 81 10056
2018-10-27T21:01Z 135 3 9 79 0 0 81 10055
2018-10-27T21:06Z 45 3 9 79 0 0 81 10055
2018-10-27T21:11Z 135 2 9 79 0 0 81 10053
2018-10-27T21:16Z 90 3 9 79 0 0 81 10053
2018-10-27T21:21Z 90 3 9 79 0 0 81 10053
2018-10-27T21:26Z 90 4 6 79 0 0 82 10053
2018-10-27T21:31Z 180 4 9 79 0 0 82 10055
2018-10-27T21:36Z 45 3 9 79 0 0 82 10056
2018-10-27T21:41Z 45 2 9 79 0 0 82 10054
2018-10-27T21:46Z 45 0 9 79 0 0 82 10056
2018-10-27T21:51Z 45 3 6 78 0 0 82 10056
2018-10-27T21:56Z 45 0 6 78 0 0 83 10059
2018-10-27T22:01Z 45 2 6 78 0 0 83 10060
2018-10-27T22:06Z 45 3 9 78 0 0 83 10059
2018-10-27T22:11Z 45 2 9 78 0 0 83 10061
2018-10-27T22:17Z 45 5 9 78 0 0 83 10062
2018-10-27T22:22Z 45 5 12 78 0 0 83 10061
2018-10-27T22:27Z 45 4 15 78 0 0 83 10062
2018-10-27T22:32Z 45 4 15 78 0 0 82 10062
2018-10-27T22:37Z 45 3 12 78 0 0 82 10063
2018-10-27T22:42Z 45 3 9 78 0 0 82 10064
2018-10-27T22:47Z 45 4 12 78 0 0 83 10063
2018-10-27T22:52Z 45 3 12 78 0 0 83 10064
2018-10-27T22:57Z 45 4 9 78 0 0 82 10065
2018-10-27T23:02Z 90 3 9 78 0 0 82 10067
2018-10-27T23:07Z 45 3 9 78 0 0 81 10068
2018-10-27T23:12Z 90 3 9 78 0 0 81 10069
2018-10-27T23:17Z 225 2 7 78 0 0 82 10068
2018-10-27T23:22Z 135 3 7 79 0 0 81 10070
2018-10-27T23:27Z 135 4 9 79 0 0 80 10071
2018-10-27T23:35Z 180 5 12 80 0 0 78 10072
2018-10-27T23:40Z 180 5 12 80 0 0 78 10072
2018-10-27T23:45Z 45 4 15 81 0 0 77 10071
2018-10-27T23:50Z 45 7 16 81 0 0 76 10072
2018-10-27T23:55Z 45 5 18 82 0 0 75 10073
2018-10-28T00:00Z 45 5 18 82 0 0 74 10072
2018-10-28T00:05Z 90 6 13 83 0 0 72 10073
2018-10-28T00:10Z 45 6 16 84 0 0 71 10073
2018-10-28T00:15Z 45 14 25 84 0 0 70 10073
2018-10-28T00:20Z 45 6 25 85 0 0 70 10073
2018-10-28T00:25Z 45 5 22 85 0 0 69 10072
2018-10-28T00:30Z 45 3 23 86 0 0 67 10071
2018-10-28T00:35Z 45 9 23 87 0 0 64 10073
2018-10-28T00:41Z 45 11 24 88 0 0 64 10074
2018-10-28T00:46Z 45 6 24 88 0 0 63 10075
2018-10-28T00:51Z 45 8 18 89 0 0 61 10075
2018-10-28T00:56Z 45 8 22 90 0 0 59 10076
2018-10-28T01:01Z 45 15 34 90 0 0 57 10077
2018-10-28T01:06Z 45 14 34 90 0 0 57 10076
2018-10-28T01:11Z 45 15 43 90 0 0 56 10077
2018-10-28T01:16Z 45 12 43 91 0 0 53 10076
2018-10-28T01:21Z 45 21 34 92 0 0 50 10078
2018-10-28T01:26Z 45 14 34 92 0 0 49 10077
2018-10-28T01:31Z 45 4 31 93 0 0 48 10077
2018-10-28T01:36Z 45 18 31 93 0 0 45 10077
2018-10-28T01:41Z 45 6 31 94 0 0 45 10079
2018-10-28T01:46Z 45 5 22 95 0 0 42 10079
2018-10-28T01:51Z 45 6 21 96 0 0 42 10078
2018-10-28T01:56Z 45 6 21 96 0 0 41 10080
2018-10-28T02:01Z 45 11 22 97 0 0 40 10080
2018-10-28T02:06Z 45 6 22 97 0 0 39 10079
2018-10-28T02:11Z 45 11 28 98 0 0 39 10081
2018-10-28T02:17Z 45 13 28 98 0 0 37 10082
2018-10-28T02:22Z 45 12 27 99 0 0 37 10080
2018-10-28T02:27Z 45 12 32 99 0 0 36 10082
2018-10-28T02:32Z 45 8 32 100 0 0 36 10082
2018-10-28T02:37Z 45 10 25 101 0 0 34 10082
2018-10-28T02:42Z 45 6 25 102 0 0 34 10082
2018-10-28T02:47Z 45 12 35 102 0 0 34 10081
2018-10-28T02:52Z 45 6 35 102 0 0 34 10082
2018-10-28T02:57Z 45 12 20 103 0 0 32 10083
2018-10-28T03:02Z 45 10 21 104 0 0 32 10084
2018-10-28T03:07Z 45 7 21 104 0 0 32 10081
2018-10-28T03:12Z 45 9 23 104 0 0 32 10083
2018-10-28T03:17Z 45 11 26 104 0 0 32 10080
2018-10-28T03:22Z 45 12 26 104 0 0 31 10079
2018-10-28T03:27Z 45 7 26 105 0 0 30 10078
2018-10-28T03:32Z 45 13 26 105 0 0 30 10079
2018-10-28T03:37Z 45 9 25 105 0 0 29 10077
2018-10-28T03:42Z 45 12 22 106 0 0 28 10075
2018-10-28T03:48Z 45 11 25 105 0 0 28 10075
2018-10-28T03:53Z 45 6 25 106 0 0 28 10073
2018-10-28T03:58Z 45 5 19 107 0 0 28 10071
2018-10-28T04:03Z 45 9 22 108 0 0 28 10071
2018-10-28T04:08Z 45 3 22 109 0 0 27 10071
2018-10-28T04:13Z 45 3 22 109 0 0 27 10071
2018-10-28T04:18Z 45 4 17 110 0 0 26 10068
2018-10-28T04:23Z 45 6 17 110 0 0 25 10067
2018-10-28T04:28Z 45 4 18 110 0 0 25 10068
2018-10-28T04:33Z 45 5 18 111 0 0 24 10067
2018-10-28T04:38Z 45 8 25 110 0 0 25 10065
2018-10-28T04:43Z 45 9 25 108 0 0 26 10064
2018-10-28T04:48Z 45 9 25 108 0 0 26 10064
2018-10-28T04:53Z 45 5 27 105 0 0 29 10061
2018-10-28T04:58Z 45 7 27 104 0 0 29 10061
2018-10-28T05:03Z 45 8 21 105 0 0 28 10061
2018-10-28T05:08Z 45 6 21 107 0 0 26 10060
2018-10-28T05:13Z 45 5 18 109 0 0 25 10060
2018-10-28T05:18Z 45 5 18 109 0 0 25 10060
2018-10-28T05:23Z 45 10 24 108 0 0 25 10059
2018-10-28T05:28Z 45 3 24 107 0 0 26 10057
2018-10-28T05:33Z 45 7 18 107 0 0 25 10058
2018-10-28T05:38Z 45 6 19 108 0 0 25 10057
2018-10-28T05:43Z 45 6 19 108 0 0 25 10057
2018-10-28T05:48Z 45 6 19 108 0 0 25 10057
2018-10-28T05:53Z 45 3 10 112 0 0 23 10053
2018-10-28T05:58Z 45 5 14 112 0 0 23 10053
2018-10-28T06:04Z 45 5 14 113 0 0 23 10052
2018-10-28T06:09Z 45 3 13 111 0 0 24 10050
2018-10-28T06:14Z 45 3 13 112 0 0 23 10051
2018-10-28T06:19Z 45 7 16 112 0 0 23 10049
2018-10-28T06:24Z 45 7 16 112 0 0 23 10049
2018-10-28T06:29Z 45 7 16 112 0 0 23 10049
2018-10-28T06:34Z 45 7 16 112 0 0 23 10049
2018-10-28T06:39Z 45 2 9 110 0 0 25 10047
2018-10-28T06:44Z 45 3 9 111 0 0 24 10048
2018-10-28T06:49Z 45 3 9 111 0 0 24 10048
2018-10-28T06:54Z 45 3 9 111 0 0 24 10048
2018-10-28T06:59Z 45 2 7 112 0 0 23 10046
2018-10-28T07:04Z 45 2 7 113 0 0 23 10046
2018-10-28T07:09Z 45 2 7 113 0 0 23 10046
2018-10-28T07:14Z 45 2 7 113 0 0 23 10046
2018-10-28T07:19Z 45 2 7 113 0 0 23 10046
2018-10-28T07:24Z 45 2 7 113 0 0 23 10046
2018-10-28T07:29Z 45 6 18 109 0 0 25 10043
2018-10-28T07:34Z 45 6 18 109 0 0 23 10042
2018-10-28T07:39Z 45 6 17 109 0 0 24 10042
2018-10-28T07:44Z 45 6 17 109 0 0 26 10041
2018-10-28T07:49Z 45 2 16 108 0 0 26 10041
2018-10-28T07:55Z 45 3 16 108 0 0 26 10040
2018-10-28T08:00Z 45 8 22 107 0 0 27 10040
2018-10-28T08:05Z 45 3 22 107 0 0 27 10041
2018-10-28T08:10Z 45 12 22 106 0 0 28 10040
2018-10-28T08:15Z 45 9 22 106 0 0 28 10040
2018-10-28T08:20Z 45 9 22 106 0 0 28 10040
2018-10-28T08:25Z 45 9 22 106 0 0 28 10040
2018-10-28T08:30Z 45 9 22 106 0 0 28 10040
2018-10-28T08:35Z 45 8 18 105 0 0 29 10038
2018-10-28T08:40Z 45 8 18 105 0 0 29 10038
2018-10-28T08:45Z 45 8 18 105 0 0 29 10038
2018-10-28T08:50Z 45 9 25 103 0 0 40 10040
2018-10-28T08:55Z 45 10 26 102 0 0 41 10039
2018-10-28T09:00Z 135 10 26 100 0 0 43 10040
2018-10-28T09:05Z 45 6 26 99 0 0 44 10040
2018-10-28T09:10Z 45 9 26 98 0 0 45 10039
2018-10-28T09:15Z 45 7 22 97 0 0 46 10039
2018-10-28T09:21Z 45 8 26 96 0 0 48 10040
2018-10-28T09:26Z 45 11 26 95 0 0 48 10040
2018-10-28T09:31Z 45 15 33 94 0 0 50 10039
2018-10-28T09:36Z 45 15 40 92 0 0 52 10040
2018-10-28T09:41Z 45 10 46 91 0 0 54 10042
2018-10-28T09:46Z 45 12 46 90 0 0 55 10041
2018-10-28T09:51Z 135 11 35 89 0 0 56 10041
2018-10-28T09:56Z 90 9 28 89 0 0 57 10043
2018-10-28T10:01Z 180 12 31 88 0 0 58 10041
2018-10-28T10:06Z 90 9 31 88 0 0 58 10040
2018-10-28T10:11Z 45 7 23 88 0 0 59 10042
2018-10-28T10:16Z 45 6 18 87 0 0 60 10042
2018-10-28T10:21Z 135 5 18 87 0 0 61 10041
2018-10-28T10:26Z 135 3 13 87 0 0 61 10043
2018-10-28T10:31Z 135 6 15 86 0 0 62 10043
2018-10-28T10:36Z 180 4 15 86 0 0 63 10045
2018-10-28T10:41Z 45 3 10 86 0 0 63 10046
2018-10-28T10:46Z 45 1 10 86 0 0 64 10046
2018-10-28T10:51Z 45 3 10 85 0 0 64 10047
2018-10-28T10:57Z 45 3 10 85 0 0 65 10047
2018-10-28T11:02Z 45 4 14 85 0 0 65 10047
2018-10-28T11:07Z 225 0 14 85 0 0 65 10048
2018-10-28T11:12Z 90 6 15 85 0 0 65 10047
2018-10-28T11:17Z 45 1 15 85 0 0 66 10048
2018-10-28T11:22Z 45 0 15 84 0 0 66 10048
2018-10-28T11:27Z 45 1 15 84 0 0 67 10048
2018-10-28T11:32Z 45 4 10 84 0 0 67 10047
2018-10-28T11:37Z 45 5 15 84 0 0 67 10049
2018-10-28T11:42Z 45 3 15 84 0 0 68 10049
2018-10-28T11:47Z 45 4 19 84 0 0 68 10050
2018-10-28T11:52Z 45 4 19 84 0 0 68 10050
2018-10-28T11:57Z 180 3 10 84 0 0 68 10050
2018-10-28T12:02Z 45 4 13 84 0 0 69 10050
2018-10-28T12:07Z 45 3 13 83 0 0 69 10052
2018-10-28T12:12Z 45 3 13 83 0 0 69 10053
2018-10-28T12:17Z 180 2 13 83 0 0 69 10053
2018-10-28T12:22Z 45 3 14 83 0 0 70 10053
2018-10-28T12:28Z 45 2 14 83 0 0 70 10052
2018-10-28T12:33Z 45 1 14 83 0 0 71 10054
2018-10-28T12:38Z 45 3 11 83 0 0 71 10054
2018-10-28T12:43Z 180 0 9 83 0 0 71 10055
2018-10-28T12:48Z 45 0 9 83 0 0 72 10056
2018-10-28T12:53Z 180 0 9 83 0 0 72 10055
2018-10-28T12:58Z 45 0 9 83 0 0 72 10057
2018-10-28T13:03Z 45 0 4 83 0 0 72 10057
2018-10-28T13:08Z 180 0 4 83 0 0 71 10057
2018-10-28T13:13Z 225 0 4 83 0 0 72 10059
2018-10-28T13:18Z 0 0 4 83 0 0 72 10058
2018-10-28T13:23Z 0 0 4 83 0 0 72 10060
2018-10-28T13:28Z 0 0 4 83 0 0 72 10061
2018-10-28T13:33Z 0 0 0 83 0 0 72 10061
2018-10-28T13:38Z 0 0 0 83 0 0 73 10061
2018-10-28T13:43Z 0 0 0 83 0 0 72 10061
2018-10-28T13:48Z 0 0 0 83 0 0 72 10063
2018-10-28T13:53Z 0 0 0 83 0 0 72 10060
2018-10-28T13:58Z 0 0 0 83 0 0 72 10061
2018-10-28T14:04Z 0 0 0 83 0 0 72 10061
2018-10-28T14:09Z 0 0 0 82 0 0 73 10062
2018-10-28T14:14Z 270 0 0 82 0 0 72 10060
2018-10-28T14:19Z 135 0 3 82 0 0 73 10061
2018-10-28T14:24Z 135 2 9 82 0 0 73 10062
2018-10-28T14:29Z 135 0 9 82 0 0 73 10062
2018-10-28T14:34Z 135 3 13 82 0 0 73 10062
2018-10-28T14:39Z 90 0 13 82 0 0 73 10063
2018-10-28T14:44Z 135 1 9 82 0 0 74 10062
2018-10-28T14:49Z 135 0 9 82 0 0 74 10061
2018-10-28T14:54Z 135 3 9 82 0 0 74 10063
2018-10-28T14:59Z 90 5 9 82 0 0 75 10062
2018-10-28T15:04Z 90 3 10 82 0 0 74 10062
2018-10-28T15:09Z 90 7 13 82 0 0 75 10062
2018-10-28T15:14Z 135 7 13 82 0 0 75 10062
2018-10-28T15:19Z 90 3 13 82 0 0 75 10061
2018-10-28T15:24Z 135 5 14 82 0 0 75 10062
2018-10-28T15:29Z 135 3 14 82 0 0 75 10061
2018-10-28T15:35Z 180 2 9 82 0 0 75 10060
2018-10-28T15:40Z 180 0 9 82 0 0 75 10061
2018-10-28T15:45Z 180 3 9 82 0 0 77 10062
2018-10-28T15:50Z 135 3 9 82 0 0 77 10062
2018-10-28T15:55Z 135 0 9 82 0 0 76 10061
2018-10-28T16:00Z 180 0 9 82 0 0 76 10058
2018-10-28T16:05Z 180 0 0 81 0 0 76 10057
2018-10-28T16:10Z 180 0 0 81 0 0 77 10058
2018-10-28T16:15Z 180 0 0 81 0 0 78 10057
2018-10-28T16:20Z 180 0 0 81 0 0 77 10057
2018-10-28T16:25Z 180 0 0 81 0 0 78 10056
2018-10-28T16:30Z 180 0 0 81 0 0 79 10056
2018-10-28T16:35Z 180 0 0 81 0 0 79 10054
2018-10-28T16:40Z 180 3 8 81 0 0 79 10054
2018-10-28T16:45Z 180 0 9 81 0 0 79 10055
2018-10-28T16:50Z 180 0 4 81 0 0 78 10055
2018-10-28T16:55Z 180 0 4 81 0 0 78 10055
2018-10-28T17:00Z 180 0 0 81 0 0 79 10054
2018-10-28T17:06Z 180 0 0 81 0 0 79 10053
2018-10-28T17:11Z 180 0 0 81 0 0 79 10053
2018-10-28T17:16Z 90 0 4 81 0 0 79 10052
2018-10-28T17:21Z 45 0 4 81 0 0 79 10051
2018-10-28T17:26Z 45 0 4 81 0 0 79 10051
2018-10-28T17:31Z 45 0 5 81 0 0 79 10050
2018-10-28T17:36Z 45 0 6 81 0 0 80 10049
2018-10-28T17:41Z 45 3 8 81 0 0 80 10049
2018-10-28T17:46Z 45 3 9 81 0 0 80 10049
2018-10-28T17:51Z 45 3 9 81 0 0 80 10049
2018-10-28T17:56Z 45 1 9 80 0 0 81 10047
2018-10-28T18:01Z 45 1 9 80 0 0 81 10046
2018-10-28T18:06Z 45 0 11 80 0 0 81 10045
2018-10-28T18:11Z 135 2 11 80 0 0 82 10044
2018-10-28T18:16Z 225 3 9 80 0 0 82 10044
2018-10-28T18:21Z 225 3 10 80 0 0 82 10045
2018-10-28T18:26Z 135 5 10 80 0 0 82 10045
2018-10-28T18:31Z 225 6 11 80 0 0 81 10044
2018-10-28T18:36Z 135 6 13 80 0 0 81 10043
2018-10-28T18:42Z 45 6 17 80 0 0 82 10043
2018-10-28T18:47Z 90 6 17 80 0 0 82 10043
2018-10-28T18:52Z 225 7 15 80 0 0 83 10042
2018-10-28T18:57Z 225 10 15 79 0 0 82 10041
2018-10-28T19:02Z 225 8 17 79 0 0 82 10042
2018-10-28T19:07Z 225 8 17 79 0 0 82 10042
2018-10-28T19:12Z 225 6 13 79 0 0 83 10042
2018-10-28T19:17Z 225 5 13 79 0 0 83 10042
2018-10-28T19:22Z 225 9 13 79 0 0 82 10042
2018-10-28T19:27Z 225 9 13 79 0 0 82 10043
2018-10-28T19:32Z 225 4 14 79 0 0 82 10045
2018-10-28T19:37Z 225 4 14 79 0 0 82 10045
2018-10-28T19:42Z 225 6 17 79 0 0 83 10040
2018-10-28T19:47Z 225 9 13 79 0 0 83 10040
2018-10-28T19:52Z 225 7 13 79 0 0 83 10041
2018-10-28T19:57Z 225 7 13 79 0 0 83 10041
2018-10-28T20:07Z 225 6 10 78 0 0 83 10041
2018-10-28T20:12Z 180 6 10 78 0 0 83 10042
2018-10-28T20:17Z 180 6 10 78 0 0 83 10042
2018-10-28T20:23Z 225 3 9 78 0 0 83 10042
2018-10-28T20:28Z 225 3 9 78 0 0 83 10041
2018-10-28T20:33Z 225 3 7 78 0 0 83 10042
2018-10-28T20:38Z 225 3 7 78 0 0 83 10042
2018-10-28T20:43Z 180 3 7 78 0 0 84 10042
2018-10-28T20:48Z 135 4 7 78 0 0 84 10042
2018-10-28T20:53Z 225 4 7 78 0 0 83 10041
2018-10-28T20:58Z 45 3 9 78 0 0 83 10042
2018-10-28T21:03Z 45 3 9 78 0 0 83 10042
2018-10-28T21:08Z 180 3 6 78 0 0 84 10042
2018-10-28T21:13Z 180 3 6 78 0 0 84 10042
2018-10-28T21:18Z 180 3 6 78 0 0 84 10042
2018-10-28T21:23Z 180 3 6 78 0 0 84 10042
2018-10-28T21:29Z 45 2 6 78 0 0 84 10046
2018-10-28T21:34Z 45 1 6 77 0 0 84 10047
2018-10-28T21:39Z 45 2 6 77 0 0 84 10047
2018-10-28T21:44Z 45 2 6 77 0 0 84 10047
2018-10-28T21:49Z 45 2 6 77 0 0 84 10047
2018-10-28T21:54Z 90 0 6 77 0 0 85 10047
2018-10-28T21:59Z 90 1 6 77 0 0 86 10047
2018-10-28T22:04Z 225 0 6 77 0 0 86 10047
2018-10-28T22:09Z 315 0 3 77 0 0 86 10049
2018-10-28T22:19Z 270 2 6 77 0 0 85 10050
2018-10-28T22:25Z 180 2 6 77 0 0 84 10051
2018-10-28T22:30Z 225 3 9 77 0 0 83 10052
2018-10-28T22:35Z 225 2 9 77 0 0 83 10052
2018-10-28T22:40Z 180 3 6 77 0 0 83 10051
2018-10-28T22:45Z 180 3 6 77 0 0 83 10051
2018-10-28T22:50Z 225 1 7 77 0 0 82 10052
2018-10-28T22:55Z 180 2 6 77 0 0 82 10052
2018-10-28T23:03Z 225 3 9 77 0 0 82 10052
2018-10-28T23:08Z 225 1 9 77 0 0 82 10054
2018-10-28T23:13Z 135 3 9 77 0 0 80 10054
2018-10-28T23:18Z 270 3 6 78 0 0 80 10055
2018-10-28T23:23Z 180 3 9 78 0 0 80 10055
2018-10-28T23:28Z 180 3 9 78 0 0 79 10056
2018-10-28T23:33Z 180 2 8 78 0 0 79 10056
2018-10-28T23:38Z 180 3 6 79 0 0 79 10057
2018-10-28T23:44Z 270 2 7 79 0 0 78 10057
2018-10-28T23:49Z 270 2 7 79 0 0 78 10057
2018-10-28T23:54Z 90 0 6 81 0 0 75 10060
2018-10-28T23:59Z 270 0 6 82 0 0 76 10062
2018-10-29T00:04Z 90 1 3 82 0 0 71 10062
2018-10-29T00:09Z 225 0 4 83 0 0 71 10063
2018-10-29T00:14Z 225 2 7 83 0 0 69 10063
2018-10-29T00:19Z 180 3 9 83 0 0 68 10065
2018-10-29T00:24Z 45 2 13 84 0 0 67 10064
2018-10-29T00:29Z 45 1 13 86 0 0 66 10065
2018-10-29T00:34Z 45 1 9 87 0 0 63 10066
2018-10-29T00:39Z 45 6 14 89 0 0 58 10065
2018-10-29T00:44Z 45 3 14 89 0 0 57 10069
2018-10-29T00:49Z 45 3 14 89 0 0 57 10069
2018-10-29T00:54Z 45 3 14 89 0 0 57 10069
2018-10-29T00:59Z 45 3 14 89 0 0 57 10069
2018-10-29T01:05Z 90 3 12 92 0 0 53 10070
2018-10-29T01:10Z 45 1 9 92 0 0 52 10071
2018-10-29T01:15Z 45 1 12 93 0 0 51 10071
2018-10-29T01:20Z 45 2 12 95 0 0 47 10070
2018-10-29T01:25Z 45 2 12 95 0 0 47 10070
2018-10-29T01:30Z 45 2 12 95 0 0 47 10070
2018-10-29T01:35Z 90 4 13 101 0 0 41 10073
2018-10-29T01:40Z 225 3 13 101 0 0 40 10072
2018-10-29T01:45Z 180 3 13 101 0 0 40 10074
2018-10-29T01:50Z 180 3 13 101 0 0 40 10074
2018-10-29T01:55Z 45 3 13 101 0 0 40 10075
2018-10-29T02:00Z 45 3 13 101 0 0 40 10075
2018-10-29T02:05Z 45 3 13 101 0 0 40 10075
2018-10-29T02:11Z 45 5 17 102 0 0 37 10076
2018-10-29T02:16Z 45 4 22 102 0 0 37 10076
2018-10-29T02:21Z 90 10 30 102 0 0 38 10075
2018-10-29T02:26Z 45 5 30 102 0 0 38 10075
2018-10-29T02:31Z 45 11 25 102 0 0 36 10073
2018-10-29T02:36Z 45 11 25 102 0 0 36 10073
2018-10-29T02:41Z 45 11 25 102 0 0 36 10073
2018-10-29T02:46Z 45 11 25 102 0 0 36 10073
2018-10-29T02:51Z 45 12 26 102 0 0 36 10071
2018-10-29T02:56Z 135 4 26 104 0 0 35 10071
2018-10-29T03:01Z 45 6 18 106 0 0 33 10071
2018-10-29T03:06Z 45 9 18 106 0 0 33 10070
2018-10-29T03:14Z 45 3 22 107 0 0 33 10069
2018-10-29T03:19Z 45 6 22 109 0 0 31 10068
2018-10-29T03:24Z 45 0 18 111 0 0 30 10066
2018-10-29T03:29Z 45 3 10 113 0 0 28 10066
2018-10-29T03:34Z 45 6 18 114 0 0 27 10065
2018-10-29T03:39Z 45 6 18 114 0 0 27 10063
2018-10-29T03:44Z 45 3 14 115 0 0 27 10064
2018-10-29T03:49Z 135 9 22 113 0 0 27 10063
2018-10-29T03:54Z 45 3 22 113 0 0 28 10062
2018-10-29T03:59Z 45 2 17 115 0 0 27 10060
2018-10-29T04:04Z 45 3 18 115 0 0 26 10060
2018-10-29T04:09Z 45 3 18 116 0 0 25 10059
2018-10-29T04:14Z 45 8 18 118 0 0 23 10057
2018-10-29T04:20Z 45 3 20 117 0 0 25 10056
2018-10-29T04:25Z 45 0 20 117 0 0 24 10055
2018-10-29T04:35Z 45 3 12 121 0 0 22 10054
2018-10-29T04:40Z 45 3 12 121 0 0 22 10052
2018-10-29T04:45Z 90 1 9 118 0 0 24 10051
2018-10-29T04:50Z 45 6 13 115 0 0 25 10051
2018-10-29T04:55Z 45 8 21 112 0 0 28 10048
2018-10-29T05:00Z 45 6 22 108 0 0 32 10048
2018-10-29T05:05Z 45 6 22 108 0 0 32 10048
2018-10-29T05:10Z 45 6 22 108 0 0 32 10048
2018-10-29T05:15Z 45 6 22 108 0 0 32 10048
2018-10-29T05:20Z 45 5 15 102 0 0 38 10043
2018-10-29T05:25Z 45 5 18 100 0 0 40 10042
2018-10-29T05:30Z 45 0 18 101 0 0 40 10042
2018-10-29T05:35Z 45 2 11 103 0 0 38 10042
2018-10-29T05:40Z 45 2 11 103 0 0 38 10042
2018-10-29T05:45Z 45 2 11 103 0 0 38 10042
2018-10-29T05:50Z 45 2 11 103 0 0 38 10042
2018-10-29T05:55Z 45 6 15 111 0 0 30 10037
2018-10-29T06:01Z 45 6 15 109 0 0 30 10036
2018-10-29T06:06Z 45 6 15 109 0 0 30 10036
2018-10-29T06:11Z 45 6 19 107 0 0 33 10035
2018-10-29T06:21Z 45 10 22 104 0 0 35 10034
2018-10-29T06:26Z 45 10 22 104 0 0 35 10034
2018-10-29T06:31Z 45 0 18 101 0 0 39 10033
2018-10-29T06:36Z 45 1 7 100 0 0 40 10033
2018-10-29T06:41Z 45 0 7 99 0 0 41 10033
2018-10-29T06:46Z 45 2 7 99 0 0 41 10032
2018-10-29T06:51Z 45 1 7 98 0 0 42 10032
2018-10-29T06:56Z 45 0 7 97 0 0 43 10030
2018-10-29T07:01Z 45 1 8 97 0 0 42 10030
2018-10-29T07:06Z 45 2 9 97 0 0 43 10029
2018-10-29T07:11Z 45 3 11 97 0 0 42 10030
2018-10-29T07:16Z 45 1 11 97 0 0 42 10030
2018-10-29T07:21Z 45 4 12 97 0 0 42 10028
2018-10-29T07:26Z 45 3 12 97 0 0 41 10029
2018-10-29T07:31Z 45 7 15 98 0 0 40 10028
2018-10-29T07:37Z 45 3 15 99 0 0 40 10027
2018-10-29T07:42Z 90 0 15 100 0 0 38 10028
2018-10-29T07:47Z 45 0 3 101 0 0 37 10027
2018-10-29T07:52Z 45 0 4 101 0 0 36 10027
2018-10-29T07:57Z 135 2 6 99 0 0 38 10027
2018-10-29T08:02Z 225 1 6 97 0 0 39 10028
2018-10-29T08:07Z 180 0 4 98 0 0 40 10028
2018-10-29T08:12Z 45 0 3 99 0 0 38 10026
2018-10-29T08:17Z 45 0 4 101 0 0 37 10026
2018-10-29T08:22Z 180 1 4 101 0 0 36 10027
2018-10-29T08:27Z 225 4 11 100 0 0 37 10027
2018-10-29T08:33Z 225 4 11 100 0 0 37 10027
2018-10-29T08:38Z 45 0 11 100 0 0 38 10025
2018-10-29T08:43Z 225 1 6 100 0 0 38 10023
2018-10-29T08:48Z 45 1 6 100 0 0 37 10024
2018-10-29T08:53Z 45 2 6 99 0 0 38 10025
2018-10-29T08:58Z 225 3 9 98 0 0 40 10024
2018-10-29T09:03Z 135 0 9 96 0 0 42 10025
2018-10-29T09:08Z 180 3 7 95 0 0 43 10025
2018-10-29T09:13Z 180 3 9 93 0 0 45 10026
2018-10-29T09:18Z 180 4 12 92 0 0 47 10027
2018-10-29T09:23Z 225 3 12 91 0 0 48 10028
2018-10-29T09:28Z 225 6 11 91 0 0 49 10028
2018-10-29T09:33Z 225 4 11 90 0 0 50 10027
2018-10-29T09:38Z 225 3 9 90 0 0 51 10028
2018-10-29T09:43Z 225 5 9 90 0 0 51 10028
2018-10-29T09:48Z 225 4 9 90 0 0 52 10028
2018-10-29T09:53Z 225 6 9 89 0 0 52 10029
2018-10-29T09:58Z 45 0 9 89 0 0 53 10029
2018-10-29T10:03Z 45 0 9 89 0 0 53 10030
2018-10-29T10:09Z 45 5 22 89 0 0 60 10030
2018-10-29T10:14Z 45 5 22 89 0 0 62 10031
2018-10-29T10:19Z 225 1 11 88 0 0 63 10033
2018-10-29T10:24Z 225 1 11 88 0 0 63 10033
2018-10-29T10:29Z 225 1 11 88 0 0 63 10033
2018-10-29T10:34Z 45 2 10 87 0 0 65 10035
2018-10-29T10:39Z 45 5 14 86 0 0 66 10035
2018-10-29T10:44Z 45 5 14 86 0 0 66 10037
2018-10-29T10:49Z 45 3 22 86 0 0 67 10037
2018-10-29T10:54Z 45 3 22 85 0 0 67 10036
2018-10-29T10:59Z 45 4 15 85 0 0 68 10038
2018-10-29T11:04Z 45 4 15 85 0 0 68 10039
2018-10-29T11:09Z 45 4 15 85 0 0 68 10041
2018-10-29T11:14Z 45 3 12 85 0 0 69 10042
2018-10-29T11:19Z 45 3 13 84 0 0 69 10041
2018-10-29T11:24Z 45 5 14 84 0 0 69 10040
2018-10-29T11:30Z 45 5 18 84 0 0 69 10041
2018-10-29T11:35Z 45 9 19 84 0 0 69 10041
2018-10-29T11:40Z 45 3 19 84 0 0 69 10041
2018-10-29T11:45Z 45 7 18 84 0 0 70 10042
2018-10-29T11:50Z 45 0 18 84 0 0 70 10044
2018-10-29T11:55Z 45 0 13 84 0 0 70 10045
2018-10-29T12:00Z 45 3 15 84 0 0 71 10045
2018-10-29T12:05Z 45 2 15 84 0 0 71 10045
2018-10-29T12:10Z 45 3 12 83 0 0 72 10046
2018-10-29T12:15Z 45 3 15 83 0 0 72 10046
2018-10-29T12:20Z 45 1 15 83 0 0 73 10048
2018-10-29T12:25Z 45 1 11 83 0 0 72 10048
2018-10-29T12:30Z 45 0 9 83 0 0 73 10049
2018-10-29T12:35Z 180 2 7 83 0 0 74 10049
2018-10-29T12:40Z 45 0 7 83 0 0 74 10048
2018-10-29T12:45Z 135 1 4 83 0 0 74 10049
2018-10-29T12:50Z 45 1 7 83 0 0 74 10049
2018-10-29T12:55Z 45 2 8 83 0 0 75 10050
2018-10-29T13:00Z 45 2 7 82 0 0 75 10050
2018-10-29T13:06Z 225 3 13 82 0 0 75 10050
2018-10-29T13:11Z 225 3 13 82 0 0 75 10050
2018-10-29T13:16Z 45 0 6 82 0 0 76 10051
2018-10-29T13:21Z 45 1 6 82 0 0 76 10051
2018-10-29T13:26Z 45 1 7 82 0 0 76 10053
2018-10-29T13:31Z 45 0 7 82 0 0 76 10053
2018-10-29T13:36Z 45 0 6 82 0 0 77 10053
2018-10-29T13:41Z 45 0 6 82 0 0 77 10053
2018-10-29T13:46Z 45 0 6 82 0 0 77 10053
2018-10-29T13:51Z 90 5 15 82 0 0 78 10054
2018-10-29T13:56Z 45 1 15 82 0 0 78 10055
2018-10-29T14:01Z 45 6 12 81 0 0 78 10054
2018-10-29T14:06Z 45 6 12 81 0 0 78 10054
2018-10-29T14:11Z 135 9 18 81 0 0 78 10053
2018-10-29T14:16Z 90 8 21 81 0 0 78 10054
2018-10-29T14:21Z 45 5 22 81 0 0 78 10054
2018-10-29T14:26Z 45 8 18 81 0 0 79 10054
2018-10-29T14:31Z 45 8 18 81 0 0 79 10054
2018-10-29T14:37Z 45 5 18 81 0 0 79 10054
2018-10-29T14:42Z 90 3 15 81 0 0 79 10054
2018-10-29T14:47Z 45 3 9 80 0 0 79 10054
2018-10-29T14:52Z 90 6 12 80 0 0 79 10054
2018-10-29T14:57Z 135 0 9 80 0 0 79 10054
2018-10-29T15:02Z 45 0 15 80 0 0 79 10054
2018-10-29T15:07Z 180 0 15 80 0 0 79 10053
2018-10-29T15:12Z 180 0 15 80 0 0 79 10053
2018-10-29T15:17Z 180 0 15 80 0 0 79 10053
2018-10-29T15:22Z 180 0 15 80 0 0 79 10053
2018-10-29T15:27Z 90 0 6 80 0 0 79 10050
2018-10-29T15:32Z 135 0 6 80 0 0 79 10050
2018-10-29T15:37Z 45 0 6 79 0 0 80 10050
2018-10-29T15:42Z 45 0 6 79 0 0 80 10050
2018-10-29T15:47Z 270 0 2 79 0 0 80 10049
2018-10-29T15:52Z 270 0 2 79 0 0 80 10049
2018-10-29T15:57Z 270 0 0 79 0 0 81 10050
2018-10-29T16:03Z 270 0 0 79 0 0 81 10048
2018-10-29T16:08Z 315 0 0 79 0 0 81 10048
2018-10-29T16:13Z 315 0 0 78 0 0 81 10047
2018-10-29T16:18Z 315 0 0 78 0 0 81 10048
2018-10-29T16:23Z 315 0 0 78 0 0 81 10047
2018-10-29T16:28Z 315 0 0 78 0 0 81 10048
2018-10-29T16:33Z 315 0 3 78 0 0 82 10047
2018-10-29T16:38Z 315 0 3 78 0 0 83 10048
2018-10-29T16:43Z 315 0 0 78 0 0 83 10046
2018-10-29T16:48Z 315 0 3 78 0 0 83 10047
2018-10-29T16:53Z 225 0 6 78 0 0 83 10046
2018-10-29T16:58Z 225 1 6 78 0 0 83 10046
2018-10-29T17:03Z 225 2 6 79 0 0 83 10047
2018-10-29T17:08Z 225 0 6 79 0 0 83 10046
2018-10-29T17:13Z 225 0 6 79 0 0 82 10045
2018-10-29T17:19Z 225 0 6 78 0 0 82 10043
2018-10-29T17:23Z 90 7 22 77 0 0 59 10055
2018-10-29T17:28Z 90 7 22 77 0 0 59 10055
2018-10-29T17:33Z 90 7 22 77 0 0 59 10055
2018-10-29T17:39Z 45 9 22 77 0 0 59 10054
2018-10-29T17:44Z 45 9 22 77 0 0 59 10054
2018-10-29T17:49Z 45 9 22 77 0 0 59 10054
2018-10-29T17:54Z 45 7 27 77 0 0 58 10051
2018-10-29T18:00Z 45 15 27 77 0 0 58 10051
2018-10-29T18:05Z 45 15 27 77 0 0 58 10050
2018-10-29T18:10Z 45 12 32 77 0 0 58 10050
2018-10-29T18:15Z 45 12 32 77 0 0 58 10050
2018-10-29T18:20Z 45 12 32 77 0 0 58 10050
2018-10-29T18:25Z 45 12 32 77 0 0 58 10050
2018-10-29T18:30Z 45 12 32 77 0 0 58 10050
2018-10-29T18:35Z 45 15 28 76 0 0 58 10047
2018-10-29T18:40Z 45 12 26 75 0 0 58 10048
2018-10-29T18:45Z 45 8 25 75 0 0 58 10046
2018-10-29T18:51Z 45 11 19 75 0 0 59 10046
2018-10-29T18:56Z 45 8 19 75 0 0 60 10046
2018-10-29T19:01Z 45 8 19 75 0 0 61 10047
2018-10-29T19:06Z 45 9 23 75 0 0 62 10046
2018-10-29T19:11Z 45 10 23 75 0 0 61 10046
2018-10-29T19:16Z 45 9 20 75 0 0 62 10047
2018-10-29T19:20Z 225 11 19 76 0 0 68 10036
2018-10-29T19:25Z 225 11 19 76 0 0 68 10036
2018-10-29T19:30Z 225 11 19 76 0 0 68 10036
2018-10-29T19:35Z 225 11 19 76 0 0 68 10036
2018-10-29T19:40Z 180 4 15 75 0 0 70 10034
2018-10-29T19:45Z 180 9 15 75 0 0 70 10033
2018-10-29T19:50Z 180 6 15 75 0 0 70 10033
2018-10-29T19:55Z 180 3 14 75 0 0 71 10033
2018-10-29T20:00Z 180 3 14 75 0 0 71 10033
2018-10-29T20:05Z 180 3 14 75 0 0 71 10033
2018-10-29T20:10Z 180 3 14 75 0 0 71 10033
2018-10-29T20:16Z 180 4 15 75 0 0 72 10033
2018-10-29T20:21Z 225 3 11 75 0 0 73 10034
2018-10-29T20:26Z 225 3 9 74 0 0 73 10035
2018-10-29T20:31Z 225 5 13 74 0 0 74 10034
2018-10-29T20:36Z 225 8 13 74 0 0 74 10035
2018-10-29T20:41Z 225 8 13 74 0 0 74 10035
2018-10-29T20:46Z 180 6 13 74 0 0 74 10036
2018-10-29T20:51Z 135 3 13 74 0 0 75 10036
2018-10-29T20:56Z 180 3 13 74 0 0 75 10037
2018-10-29T21:01Z 135 5 12 74 0 0 75 10036
2018-10-29T21:06Z 180 5 12 74 0 0 75 10037
2018-10-29T21:11Z 135 6 15 74 0 0 75 10037
2018-10-29T21:16Z 180 7 15 74 0 0 75 10037
2018-10-29T21:21Z 180 5 15 74 0 0 75 10036
2018-10-29T21:26Z 180 4 12 74 0 0 76 10037
2018-10-29T21:31Z 180 6 11 74 0 0 76 10038
2018-10-29T21:36Z 225 3 10 74 0 0 76 10037
2018-10-29T21:41Z 45 1 8 73 0 0 77 10038
2018-10-29T21:47Z 45 4 10 73 0 0 77 10038
2018-10-29T21:52Z 180 2 10 73 0 0 77 10039
2018-10-29T21:57Z 180 3 9 73 0 0 77 10040
2018-10-29T22:02Z 180 3 8 73 0 0 78 10040
2018-10-29T22:07Z 225 0 8 73 0 0 78 10042
2018-10-29T22:12Z 225 0 8 73 0 0 78 10042
2018-10-29T22:17Z 225 2 7 73 0 0 78 10042
2018-10-29T22:22Z 225 6 10 73 0 0 78 10042
2018-10-29T22:27Z 225 1 10 73 0 0 78 10043
2018-10-29T22:32Z 180 3 7 73 0 0 78 10043
2018-10-29T22:37Z 270 3 6 74 0 0 78 10043
2018-10-29T22:42Z 135 4 10 74 0 0 78 10043
2018-10-29T22:47Z 135 5 10 74 0 0 78 10043
2018-10-29T22:52Z 45 5 11 74 0 0 79 10045
2018-10-29T22:57Z 45 4 11 74 0 0 79 10045
2018-10-29T23:02Z 45 4 12 74 0 0 79 10046
2018-10-29T23:07Z 45 4 12 74 0 0 79 10046
2018-10-29T23:12Z 45 4 12 74 0 0 79 10046
2018-10-29T23:17Z 45 4 12 74 0 0 79 10046
2018-10-29T23:23Z 45 7 14 74 0 0 79 10049
2018-10-29T23:28Z 45 5 15 74 0 0 80 10048
2018-10-29T23:33Z 45 4 15 74 0 0 79 10048
2018-10-29T23:38Z 45 3 9 74 0 0 79 10050
2018-10-29T23:43Z 45 2 9 75 0 0 79 10051
2018-10-29T23:48Z 45 0 9 75 0 0 78 10051
2018-10-29T23:53Z 45 2 9 75 0 0 77 10052
2018-10-29T23:58Z 90 3 6 76 0 0 76 10052
2018-10-30T00:03Z 45 2 9 76 0 0 76 10053
2018-10-30T00:08Z 45 1 9 77 0 0 75 10053
2018-10-30T00:13Z 45 1 9 77 0 0 75 10053
2018-10-30T00:18Z 45 1 9 77 0 0 75 10053
2018-10-30T00:23Z 45 1 9 77 0 0 75 10053
2018-10-30T00:28Z 45 1 9 77 0 0 75 10053
2018-10-30T00:33Z 45 1 9 77 0 0 75 10053
2018-10-30T00:38Z 45 1 9 77 0 0 75 10053
2018-10-30T00:44Z 45 1 9 77 0 0 75 10053
2018-10-30T00:50Z 45 2 7 81 0 0 68 10056
2018-10-30T00:55Z 45 3 13 81 0 0 67 10058
2018-10-30T01:00Z 45 3 13 81 0 0 67 10058
2018-10-30T01:06Z 45 3 13 81 0 0 67 10058
2018-10-30T01:12Z 45 3 13 81 0 0 67 10058
2018-10-30T01:18Z 45 6 15 85 0 0 61 10058
2018-10-30T01:18Z 45 6 15 85 0 0 61 10058
2018-10-30T01:23Z 45 6 15 85 0 0 61 10058
2018-10-30T01:28Z 45 6 15 85 0 0 61 10058
2018-10-30T01:33Z 45 6 15 85 0 0 61 10058
2018-10-30T01:38Z 45 6 15 85 0 0 61 10058
2018-10-30T01:43Z 45 6 15 85 0 0 61 10058
2018-10-30T01:48Z 45 6 15 85 0 0 61 10058
2018-10-30T01:53Z 45 6 15 85 0 0 61 10058
2018-10-30T01:58Z 45 3 11 93 0 0 49 10061
2018-10-30T02:02Z 45 11 22 93 0 0 37 10073
2018-10-30T02:07Z 45 13 31 93 0 0 37 10073
2018-10-30T02:12Z 45 13 32 93 0 0 37 10073
2018-10-30T02:17Z 45 13 32 93 0 0 37 10073
2018-10-30T02:22Z 45 13 32 93 0 0 37 10073
2018-10-30T02:27Z 45 13 32 93 0 0 37 10073
2018-10-30T02:32Z 45 13 32 93 0 0 37 10073
2018-10-30T02:37Z 45 13 32 93 0 0 37 10073
2018-10-30T02:42Z 45 13 32 93 0 0 37 10073
2018-10-30T02:47Z 45 13 32 93 0 0 37 10073
2018-10-30T02:52Z 45 13 32 93 0 0 37 10073
2018-10-30T02:57Z 45 17 35 97 0 0 31 10070
2018-10-30T03:03Z 45 18 35 96 0 0 32 10069
2018-10-30T03:08Z 45 16 31 95 0 0 34 10066
2018-10-30T03:14Z 45 3 12 106 0 0 32 10063
2018-10-30T03:19Z 45 3 12 106 0 0 32 10063
2018-10-30T03:24Z 45 3 12 106 0 0 32 10063
2018-10-30T03:29Z 45 3 12 106 0 0 32 10063
2018-10-30T03:32Z 45 1 8 111 0 0 28 10061
2018-10-30T03:38Z 45 0 8 111 0 0 28 10060
2018-10-30T03:43Z 45 5 14 111 0 0 28 10059
2018-10-30T03:48Z 45 5 14 111 0 0 28 10059
2018-10-30T03:53Z 90 5 18 111 0 0 28 10058
2018-10-30T03:58Z 90 5 18 111 0 0 28 10058
2018-10-30T04:03Z 90 5 18 111 0 0 28 10058
2018-10-30T04:08Z 45 1 13 107 0 0 32 10056
2018-10-30T04:13Z 45 3 9 109 0 0 29 10055
2018-10-30T04:18Z 45 3 9 109 0 0 29 10055
2018-10-30T04:23Z 45 6 13 112 0 0 27 10055
2018-10-30T04:28Z 45 3 16 111 0 0 28 10052
2018-10-30T04:33Z 45 1 16 110 0 0 28 10051
2018-10-30T04:38Z 45 6 16 112 0 0 26 10051
2018-10-30T04:43Z 45 0 16 112 0 0 26 10050
2018-10-30T04:48Z 45 3 11 114 0 0 24 10048
2018-10-30T04:53Z 45 1 11 115 0 0 24 10047
2018-10-30T04:58Z 45 0 8 116 0 0 23 10047
2018-10-30T05:03Z 45 3 9 118 0 0 23 10047
2018-10-30T05:08Z 45 6 14 118 0 0 22 10045
2018-10-30T05:13Z 45 2 14 117 0 0 22 10047
2018-10-30T05:18Z 45 3 11 117 0 0 23 10045
2018-10-30T05:23Z 45 6 15 115 0 0 24 10044
2018-10-30T05:28Z 45 0 15 113 0 0 26 10044
2018-10-30T05:33Z 45 0 15 113 0 0 26 10044
2018-10-30T05:38Z 45 4 15 116 0 0 23 10043
2018-10-30T05:44Z 45 3 15 116 0 0 22 10042
2018-10-30T05:49Z 45 0 15 116 0 0 22 10042
2018-10-30T05:54Z 45 1 11 116 0 0 22 10040
2018-10-30T05:59Z 45 0 4 115 0 0 23 10040
2018-10-30T06:04Z 45 1 6 115 0 0 23 10038
2018-10-30T06:09Z 45 0 6 116 0 0 23 10038
2018-10-30T06:14Z 45 0 5 117 0 0 21 10037
2018-10-30T06:19Z 45 0 5 117 0 0 21 10037
2018-10-30T06:24Z 45 0 5 117 0 0 21 10037
2018-10-30T06:29Z 225 1 4 117 0 0 21 10035
2018-10-30T06:34Z 45 0 3 116 0 0 22 10035
2018-10-30T06:39Z 45 0 3 114 0 0 23 10033
2018-10-30T06:44Z 45 0 3 116 0 0 22 10035
2018-10-30T06:49Z 45 0 3 114 0 0 23 10033
2018-10-30T06:54Z 45 0 3 116 0 0 22 10035
2018-10-30T06:59Z 45 0 3 114 0 0 23 10033
2018-10-30T07:04Z 45 0 1 114 0 0 23 10031
2018-10-30T07:09Z 45 0 1 114 0 0 23 10031
2018-10-30T07:14Z 45 0 1 114 0 0 23 10031
2018-10-30T07:19Z 45 0 1 114 0 0 23 10031
2018-10-30T07:24Z 45 0 1 114 0 0 23 10031
2018-10-30T07:29Z 45 0 1 114 0 0 23 10031
2018-10-30T07:34Z 45 0 1 114 0 0 23 10031
2018-10-30T07:39Z 45 0 1 114 0 0 23 10031
2018-10-30T07:44Z 45 0 1 114 0 0 23 10031
2018-10-30T07:49Z 45 0 1 114 0 0 23 10031
2018-10-30T07:54Z 45 0 1 114 0 0 23 10031
2018-10-30T07:59Z 45 0 1 114 0 0 23 10031
2018-10-30T08:02Z 135 0 3 103 0 0 31 10030
2018-10-30T08:07Z 135 0 1 102 0 0 32 10030
2018-10-30T08:12Z 225 0 1 101 0 0 33 10028
2018-10-30T08:17Z 180 0 1 101 0 0 33 10029
2018-10-30T08:17Z 180 0 1 101 0 0 33 10029
2018-10-30T08:22Z 180 0 1 101 0 0 33 10029
2018-10-30T08:27Z 180 0 1 101 0 0 33 10029
2018-10-30T08:32Z 180 0 1 101 0 0 33 10029
2018-10-30T08:37Z 180 0 1 101 0 0 33 10029
2018-10-30T08:42Z 180 0 1 101 0 0 33 10029
2018-10-30T08:47Z 180 0 1 101 0 0 33 10029
2018-10-30T08:52Z 180 0 1 101 0 0 33 10029
2018-10-30T08:57Z 180 0 1 101 0 0 33 10029
2018-10-30T09:02Z 180 0 1 101 0 0 33 10029
2018-10-30T09:07Z 180 0 1 101 0 0 33 10029
2018-10-30T09:12Z 180 0 1 101 0 0 33 10029
2018-10-30T09:17Z 180 0 1 101 0 0 33 10029
2018-10-30T09:22Z 180 0 1 101 0 0 33 10029
2018-10-30T09:27Z 180 0 1 101 0 0 33 10029
2018-10-30T09:32Z 180 0 1 101 0 0 33 10029
2018-10-30T09:37Z 180 0 1 101 0 0 33 10029
2018-10-30T09:42Z 180 0 1 101 0 0 33 10029
2018-10-30T09:47Z 180 0 1 101 0 0 33 10029
2018-10-30T09:52Z 180 0 1 101 0 0 33 10029
2018-10-30T09:57Z 180 0 1 101 0 0 33 10029
2018-10-30T10:02Z 180 0 1 101 0 0 33 10029
2018-10-30T10:07Z 180 0 1 101 0 0 33 10029
2018-10-30T10:12Z 180 0 1 101 0 0 33 10029
2018-10-30T10:17Z 180 0 1 101 0 0 33 10029
2018-10-30T10:22Z 180 0 1 101 0 0 33 10029
2018-10-30T10:27Z 180 0 1 101 0 0 33 10029
2018-10-30T10:32Z 180 0 1 101 0 0 33 10029
2018-10-30T10:39Z 45 0 1 88 0 0 51 10036
2018-10-30T10:44Z 270 0 1 88 0 0 52 10038
2018-10-30T10:49Z 225 0 1 88 0 0 52 10037
2018-10-30T10:54Z 45 0 0 87 0 0 53 10039
2018-10-30T10:59Z 225 0 2 87 0 0 53 10039
2018-10-30T11:04Z 180 2 6 87 0 0 54 10039
2018-10-30T11:12Z 90 1 5 86 0 0 56 10039
2018-10-30T11:18Z 45 0 6 86 0 0 57 10040
2018-10-30T11:23Z 135 0 6 85 0 0 58 10040
2018-10-30T11:28Z 135 0 6 85 0 0 58 10040
2018-10-30T11:33Z 135 0 6 85 0 0 58 10040
2018-10-30T11:38Z 135 0 6 85 0 0 58 10040
2018-10-30T11:43Z 135 0 6 85 0 0 58 10040
2018-10-30T11:48Z 135 0 6 85 0 0 58 10040
2018-10-30T11:53Z 135 0 6 85 0 0 58 10040
2018-10-30T11:58Z 135 0 6 85 0 0 58 10040
2018-10-30T12:03Z 135 0 6 85 0 0 58 10040
2018-10-30T12:08Z 135 0 6 85 0 0 58 10040
2018-10-30T12:13Z 45 2 8 83 0 0 62 10046
2018-10-30T12:18Z 180 0 7 83 0 0 63 10047
2018-10-30T12:23Z 45 0 5 83 0 0 64 10047
2018-10-30T12:28Z 45 0 3 83 0 0 64 10046
2018-10-30T12:36Z 45 0 4 82 0 0 65 10048
2018-10-30T12:41Z 45 0 4 82 0 0 65 10048
2018-10-30T12:46Z 225 0 3 82 0 0 66 10048
2018-10-30T12:51Z 225 0 3 82 0 0 66 10049
2018-10-30T12:56Z 225 0 3 82 0 0 67 10050
2018-10-30T13:01Z 45 0 3 81 0 0 67 10050
2018-10-30T13:06Z 315 0 3 81 0 0 67 10050
2018-10-30T13:11Z 225 0 3 81 0 0 68 10049
2018-10-30T13:16Z 225 0 3 81 0 0 68 10050
2018-10-30T13:21Z 225 0 2 81 0 0 68 10050
2018-10-30T13:26Z 180 0 1 81 0 0 68 10051
2018-10-30T13:31Z 225 0 1 81 0 0 68 10051
2018-10-30T13:36Z 270 0 0 81 0 0 69 10052
2018-10-30T13:41Z 135 0 2 81 0 0 69 10052
2018-10-30T13:46Z 135 0 2 81 0 0 69 10052
2018-10-30T13:51Z 270 0 1 81 0 0 69 10052
2018-10-30T13:57Z 225 0 1 81 0 0 70 10052
2018-10-30T14:02Z 225 0 0 81 0 0 70 10052
2018-10-30T14:07Z 225 0 0 81 0 0 69 10053
2018-10-30T14:12Z 180 0 1 81 0 0 69 10053
2018-10-30T14:17Z 315 0 4 81 0 0 69 10054
2018-10-30T14:22Z 45 0 4 81 0 0 69 10053
2018-10-30T14:27Z 45 2 7 81 0 0 70 10054
2018-10-30T14:32Z 45 3 9 81 0 0 70 10056
2018-10-30T14:37Z 45 2 9 81 0 0 71 10056
2018-10-30T14:42Z 45 2 6 81 0 0 71 10055
2018-10-30T14:47Z 45 1 8 81 0 0 71 10054
2018-10-30T14:52Z 45 0 8 81 0 0 72 10054
2018-10-30T14:57Z 0 0 7 81 0 0 71 10054
2018-10-30T15:02Z 270 0 4 81 0 0 71 10055
2018-10-30T15:07Z 315 0 4 81 0 0 70 10055
2018-10-30T15:12Z 315 0 4 81 0 0 71 10054
2018-10-30T15:17Z 315 0 4 80 0 0 71 10054
2018-10-30T15:23Z 315 0 5 80 0 0 72 10053
2018-10-30T15:28Z 315 3 9 80 0 0 73 10053
2018-10-30T15:33Z 225 6 10 80 0 0 73 10053
2018-10-30T15:38Z 225 8 15 80 0 0 73 10054
2018-10-30T15:43Z 180 3 15 80 0 0 71 10053
2018-10-30T15:48Z 45 7 13 80 0 0 64 10054
2018-10-30T15:53Z 135 6 13 80 0 0 63 10053
2018-10-30T15:58Z 180 4 12 80 0 0 63 10054
2018-10-30T16:03Z 180 4 12 80 0 0 63 10054
2018-10-30T16:08Z 180 5 13 79 0 0 62 10055
2018-10-30T16:13Z 45 6 17 79 0 0 59 10055
2018-10-30T16:18Z 180 7 17 79 0 0 60 10053
2018-10-30T16:23Z 90 8 16 79 0 0 59 10054
2018-10-30T16:28Z 180 9 16 79 0 0 58 10053
2018-10-30T16:33Z 180 9 16 79 0 0 58 10053
2018-10-30T16:38Z 180 9 16 79 0 0 58 10053
2018-10-30T16:43Z 180 9 16 79 0 0 58 10053
2018-10-30T16:48Z 135 9 18 78 0 0 58 10055
2018-10-30T16:53Z 135 11 19 78 0 0 58 10055
2018-10-30T16:58Z 90 10 21 78 0 0 58 10055
2018-10-30T17:03Z 45 7 21 78 0 0 59 10056
2018-10-30T17:08Z 45 7 21 78 0 0 59 10056
2018-10-30T17:13Z 45 12 22 78 0 0 58 10054
2018-10-30T17:18Z 45 12 22 78 0 0 58 10054
2018-10-30T17:23Z 90 7 22 77 0 0 59 10055
2018-10-30T17:28Z 90 7 22 77 0 0 59 10055
2018-10-30T17:33Z 90 7 22 77 0 0 59 10055
2018-10-30T17:39Z 45 9 22 77 0 0 59 10054
2018-10-30T17:44Z 45 9 22 77 0 0 59 10054
2018-10-30T17:49Z 45 9 22 77 0 0 59 10054
2018-10-30T17:54Z 45 7 27 77 0 0 58 10051
2018-10-30T18:00Z 45 15 27 77 0 0 58 10051
2018-10-30T18:05Z 45 15 27 77 0 0 58 10050
2018-10-30T18:10Z 45 12 32 77 0 0 58 10050
2018-10-30T18:15Z 45 12 32 77 0 0 58 10050
2018-10-30T18:20Z 45 12 32 77 0 0 58 10050
2018-10-30T18:25Z 45 12 32 77 0 0 58 10050
2018-10-30T18:30Z 45 12 32 77 0 0 58 10050
2018-10-30T18:35Z 45 15 28 76 0 0 58 10047
2018-10-30T18:40Z 45 12 26 75 0 0 58 10048
2018-10-30T18:45Z 45 8 25 75 0 0 58 10046
2018-10-30T18:51Z 45 11 19 75 0 0 59 10046
2018-10-30T18:56Z 45 8 19 75 0 0 60 10046
2018-10-30T19:01Z 45 8 19 75 0 0 61 10047
2018-10-30T19:06Z 45 9 23 75 0 0 62 10046
2018-10-30T19:11Z 45 10 23 75 0 0 61 10046
2018-10-30T19:16Z 45 9 20 75 0 0 62 10047
2018-10-30T19:20Z 225 11 19 76 0 0 68 10036
2018-10-30T19:25Z 225 11 19 76 0 0 68 10036
2018-10-30T19:30Z 225 11 19 76 0 0 68 10036
2018-10-30T19:35Z 225 11 19 76 0 0 68 10036
2018-10-30T19:40Z 180 4 15 75 0 0 70 10034
2018-10-30T19:45Z 180 9 15 75 0 0 70 10033
2018-10-30T19:50Z 180 6 15 75 0 0 70 10033
2018-10-30T19:55Z 180 3 14 75 0 0 71 10033
2018-10-30T20:00Z 180 3 14 75 0 0 71 10033
2018-10-30T20:05Z 180 3 14 75 0 0 71 10033
2018-10-30T20:10Z 180 3 14 75 0 0 71 10033
2018-10-30T20:16Z 180 4 15 75 0 0 72 10033
2018-10-30T20:21Z 225 3 11 75 0 0 73 10034
2018-10-30T20:26Z 225 3 9 74 0 0 73 10035
2018-10-30T20:31Z 225 5 13 74 0 0 74 10034
2018-10-30T20:36Z 225 8 13 74 0 0 74 10035
2018-10-30T20:41Z 225 8 13 74 0 0 74 10035
2018-10-30T20:46Z 180 6 13 74 0 0 74 10036
2018-10-30T20:51Z 135 3 13 74 0 0 75 10036
2018-10-30T20:56Z 180 3 13 74 0 0 75 10037
2018-10-30T21:01Z 135 5 12 74 0 0 75 10036
2018-10-30T21:06Z 180 5 12 74 0 0 75 10037
2018-10-30T21:11Z 135 6 15 74 0 0 75 10037
2018-10-30T21:16Z 180 7 15 74 0 0 75 10037
2018-10-30T21:21Z 180 5 15 74 0 0 75 10036
2018-10-30T21:26Z 180 4 12 74 0 0 76 10037
2018-10-30T21:31Z 180 6 11 74 0 0 76 10038
2018-10-30T21:36Z 225 3 10 74 0 0 76 10037
2018-10-30T21:41Z 45 1 8 73 0 0 77 10038
2018-10-30T21:47Z 45 4 10 73 0 0 77 10038
2018-10-30T21:52Z 180 2 10 73 0 0 77 10039
2018-10-30T21:57Z 180 3 9 73 0 0 77 10040
2018-10-30T22:02Z 180 3 8 73 0 0 78 10040
2018-10-30T22:07Z 225 0 8 73 0 0 78 10042
2018-10-30T22:12Z 225 0 8 73 0 0 78 10042
2018-10-30T22:17Z 225 2 7 73 0 0 78 10042
2018-10-30T22:22Z 225 6 10 73 0 0 78 10042
2018-10-30T22:27Z 225 1 10 73 0 0 78 10043
2018-10-30T22:32Z 180 3 7 73 0 0 78 10043
2018-10-30T22:37Z 270 3 6 74 0 0 78 10043
2018-10-30T22:42Z 135 4 10 74 0 0 78 10043
2018-10-30T22:47Z 135 5 10 74 0 0 78 10043
2018-10-30T22:52Z 45 5 11 74 0 0 79 10045
2018-10-30T22:57Z 45 4 11 74 0 0 79 10045
2018-10-30T23:02Z 45 4 12 74 0 0 79 10046
2018-10-30T23:07Z 45 4 12 74 0 0 79 10046
2018-10-30T23:12Z 45 4 12 74 0 0 79 10046
2018-10-30T23:17Z 45 4 12 74 0 0 79 10046
2018-10-30T23:23Z 45 7 14 74 0 0 79 10049
2018-10-30T23:28Z 45 5 15 74 0 0 80 10048
2018-10-30T23:33Z 45 4 15 74 0 0 79 10048
2018-10-30T23:38Z 45 3 9 74 0 0 79 10050
2018-10-30T23:43Z 45 2 9 75 0 0 79 10051
2018-10-30T23:48Z 45 0 9 75 0 0 78 10051
2018-10-30T23:53Z 45 2 9 75 0 0 77 10052
2018-10-30T23:58Z 90 3 6 76 0 0 76 10052
2018-10-31T00:03Z 45 2 9 76 0 0 76 10053
2018-10-31T00:08Z 45 1 9 77 0 0 75 10053
2018-10-31T00:13Z 45 1 9 77 0 0 75 10053
2018-10-31T00:18Z 45 1 9 77 0 0 75 10053
2018-10-31T00:23Z 45 1 9 77 0 0 75 10053
2018-10-31T00:28Z 45 1 9 77 0 0 75 10053
2018-10-31T00:33Z 45 1 9 77 0 0 75 10053
2018-10-31T00:38Z 45 1 9 77 0 0 75 10053
2018-10-31T00:44Z 45 1 9 77 0 0 75 10053
2018-10-31T00:50Z 45 2 7 81 0 0 68 10056
2018-10-31T00:55Z 45 3 13 81 0 0 67 10058
2018-10-31T01:00Z 45 3 13 81 0 0 67 10058
2018-10-31T01:06Z 45 3 13 81 0 0 67 10058
2018-10-31T01:12Z 45 3 13 81 0 0 67 10058
2018-10-31T01:18Z 45 6 15 85 0 0 61 10058
2018-10-31T01:18Z 45 6 15 85 0 0 61 10058
2018-10-31T01:23Z 45 6 15 85 0 0 61 10058
2018-10-31T01:28Z 45 6 15 85 0 0 61 10058
2018-10-31T01:33Z 45 6 15 85 0 0 61 10058
2018-10-31T01:38Z 45 6 15 85 0 0 61 10058
2018-10-31T01:43Z 45 6 15 85 0 0 61 10058
2018-10-31T01:48Z 45 6 15 85 0 0 61 10058
2018-10-31T01:53Z 45 6 15 85 0 0 61 10058
2018-10-31T01:58Z 45 3 11 93 0 0 49 10061
2018-10-31T02:02Z 45 11 22 93 0 0 37 10073
2018-10-31T02:07Z 45 13 31 93 0 0 37 10073
2018-10-31T02:12Z 45 13 32 93 0 0 37 10073
2018-10-31T02:17Z 45 13 32 93 0 0 37 10073
2018-10-31T02:22Z 45 13 32 93 0 0 37 10073
2018-10-31T02:27Z 45 13 32 93 0 0 37 10073
2018-10-31T02:32Z 45 13 32 93 0 0 37 10073
2018-10-31T02:37Z 45 13 32 93 0 0 37 10073
2018-10-31T02:42Z 45 13 32 93 0 0 37 10073
2018-10-31T02:47Z 45 13 32 93 0 0 37 10073
2018-10-31T02:52Z 45 13 32 93 0 0 37 10073
2018-10-31T02:57Z 45 17 35 97 0 0 31 10070
2018-10-31T03:03Z 45 18 35 96 0 0 32 10069
2018-10-31T03:08Z 45 16 31 95 0 0 34 10066
2018-10-31T03:13Z 45 12 30 95 0 0 33 10068
2018-10-31T03:18Z 45 6 25 96 0 0 34 10068
2018-10-31T03:23Z 45 8 22 98 0 0 32 10066
2018-10-31T03:28Z 45 7 22 99 0 0 31 10065
2018-10-31T03:33Z 45 7 26 100 0 0 30 10065
2018-10-31T03:38Z 45 6 31 100 0 0 29 10066
2018-10-31T03:43Z 45 12 31 100 0 0 29 10063
2018-10-31T03:48Z 45 4 21 100 0 0 28 10063
2018-10-31T03:53Z 45 12 21 102 0 0 27 10062
2018-10-31T03:58Z 45 5 21 102 0 0 27 10061
2018-10-31T04:03Z 45 6 17 103 0 0 25 10059
2018-10-31T04:08Z 45 7 25 104 0 0 25 10059
2018-10-31T04:13Z 45 6 25 103 0 0 26 10058
2018-10-31T04:18Z 45 8 15 103 0 0 26 10056
2018-10-31T04:23Z 45 6 22 104 0 0 25 10056
2018-10-31T04:28Z 45 11 22 104 0 0 24 10056
2018-10-31T04:34Z 45 6 22 104 0 0 25 10054
2018-10-31T04:39Z 45 9 19 105 0 0 23 10053
2018-10-31T04:44Z 45 3 19 105 0 0 23 10052
2018-10-31T04:49Z 45 8 15 106 0 0 22 10051
2018-10-31T04:54Z 45 5 15 107 0 0 21 10051
2018-10-31T04:59Z 45 6 15 108 0 0 20 10051
2018-10-31T05:04Z 45 6 15 108 0 0 20 10051
2018-10-31T05:09Z 45 3 13 111 0 0 20 10048
2018-10-31T05:14Z 45 1 13 110 0 0 20 10049
2018-10-31T05:19Z 45 6 10 110 0 0 19 10047
2018-10-31T05:24Z 45 1 10 109 0 0 20 10047
2018-10-31T05:29Z 45 2 12 109 0 0 21 10047
2018-10-31T05:34Z 45 5 12 108 0 0 20 10046
2018-10-31T05:39Z 45 8 18 106 0 0 22 10045
2018-10-31T05:44Z 45 5 20 107 0 0 22 10044
2018-10-31T05:49Z 45 6 20 108 0 0 21 10044
2018-10-31T05:54Z 45 6 12 108 0 0 21 10044
2018-10-31T05:59Z 45 6 12 108 0 0 21 10044
2018-10-31T06:04Z 45 0 9 113 0 0 19 10044
2018-10-31T06:10Z 45 0 6 116 0 0 17 10044
2018-10-31T06:15Z 45 0 6 116 0 0 17 10044
2018-10-31T06:20Z 45 4 18 112 0 0 19 10041
2018-10-31T06:25Z 45 0 18 112 0 0 20 10041
2018-10-31T06:30Z 45 1 6 113 0 0 19 10041
2018-10-31T06:35Z 45 5 14 113 0 0 18 10040
2018-10-31T06:40Z 45 5 14 112 0 0 18 10039
2018-10-31T06:50Z 45 6 15 110 0 0 19 10037
2018-10-31T06:55Z 45 3 15 109 0 0 20 10038
2018-10-31T07:00Z 90 3 12 109 0 0 20 10038
2018-10-31T07:05Z 45 3 15 109 0 0 19 10036
2018-10-31T07:10Z 45 1 15 109 0 0 19 10037
2018-10-31T07:15Z 45 1 15 109 0 0 19 10037
2018-10-31T07:21Z 45 5 9 109 0 0 19 10037
2018-10-31T07:26Z 45 3 10 108 0 0 20 10036
2018-10-31T07:32Z 45 2 15 107 0 0 21 10036
2018-10-31T07:37Z 45 2 15 108 0 0 20 10035
2018-10-31T07:42Z 45 6 15 108 0 0 20 10035
2018-10-31T07:47Z 45 0 15 106 0 0 22 10035
2018-10-31T07:52Z 45 1 12 107 0 0 22 10034
2018-10-31T07:57Z 45 2 6 108 0 0 21 10034
2018-10-31T08:02Z 45 0 13 108 0 0 21 10034
2018-10-31T08:07Z 45 3 13 108 0 0 20 10033
2018-10-31T08:12Z 90 3 10 108 0 0 20 10034
2018-10-31T08:17Z 90 0 10 107 0 0 21 10034
2018-10-31T08:22Z 135 0 8 107 0 0 21 10035
2018-10-31T08:27Z 45 1 5 107 0 0 21 10034
2018-10-31T08:32Z 90 0 6 107 0 0 22 10034
2018-10-31T08:37Z 45 1 6 106 0 0 22 10034
2018-10-31T08:42Z 45 0 6 106 0 0 23 10035
2018-10-31T08:47Z 90 0 3 105 0 0 22 10035
2018-10-31T08:52Z 90 4 8 104 0 0 23 10036
2018-10-31T08:57Z 45 1 8 101 0 0 25 10035
2018-10-31T09:02Z 90 0 6 101 0 0 25 10036
2018-10-31T09:08Z 45 0 3 101 0 0 26 10035
2018-10-31T09:13Z 90 1 5 101 0 0 27 10037
2018-10-31T09:18Z 90 1 5 101 0 0 27 10037
2018-10-31T09:23Z 45 4 9 98 0 0 28 10037
2018-10-31T09:28Z 135 0 8 95 0 0 30 10037
2018-10-31T09:33Z 45 1 9 94 0 0 32 10037
2018-10-31T09:38Z 45 1 9 93 0 0 33 10037
2018-10-31T09:43Z 90 1 9 92 0 0 34 10037
2018-10-31T09:48Z 135 0 9 91 0 0 34 10036
2018-10-31T09:53Z 45 1 6 91 0 0 34 10037
2018-10-31T09:58Z 90 0 6 91 0 0 36 10038
2018-10-31T10:03Z 180 0 3 90 0 0 36 10039
2018-10-31T10:08Z 135 0 3 90 0 0 36 10038
2018-10-31T10:13Z 135 0 3 90 0 0 37 10040
2018-10-31T10:18Z 135 0 3 90 0 0 37 10040
2018-10-31T10:23Z 270 0 0 89 0 0 38 10040
2018-10-31T10:28Z 225 0 0 88 0 0 38 10041
2018-10-31T10:33Z 180 0 0 88 0 0 40 10041
2018-10-31T10:38Z 45 0 2 88 0 0 40 10041
2018-10-31T10:44Z 45 0 2 87 0 0 41 10042
2018-10-31T10:49Z 45 0 3 87 0 0 41 10043
2018-10-31T10:54Z 45 0 3 87 0 0 42 10044
2018-10-31T10:59Z 225 0 3 87 0 0 43 10043
2018-10-31T11:04Z 45 0 3 87 0 0 43 10042
2018-10-31T11:09Z 45 0 1 87 0 0 42 10044
2018-10-31T11:17Z 225 0 1 86 0 0 43 10044
2018-10-31T11:22Z 45 1 3 86 0 0 44 10043
2018-10-31T11:27Z 45 6 13 86 0 0 45 10044
2018-10-31T11:32Z 225 7 13 86 0 0 45 10044
2018-10-31T11:37Z 225 6 15 86 0 0 45 10044
2018-10-31T11:42Z 225 2 15 86 0 0 46 10045
2018-10-31T11:47Z 225 6 13 85 0 0 46 10046
2018-10-31T11:52Z 225 6 13 85 0 0 47 10047
2018-10-31T11:57Z 225 0 13 85 0 0 47 10048
2018-10-31T12:02Z 225 0 11 85 0 0 47 10048
2018-10-31T12:07Z 225 0 5 85 0 0 47 10049
2018-10-31T12:12Z 225 0 5 85 0 0 47 10049
2018-10-31T12:17Z 90 12 43 84 0 0 55 10049
2018-10-31T12:22Z 45 6 43 84 0 0 57 10051
2018-10-31T12:27Z 90 6 24 83 0 0 58 10051
2018-10-31T12:33Z 90 6 24 83 0 0 58 10051
2018-10-31T12:39Z 90 6 24 83 0 0 58 10051
2018-10-31T12:45Z 90 6 24 83 0 0 58 10051
2018-10-31T12:50Z 45 6 27 82 0 0 61 10053
2018-10-31T12:56Z 135 3 16 81 0 0 61 10054
2018-10-31T13:01Z 45 7 18 81 0 0 62 10054
2018-10-31T13:06Z 45 2 18 81 0 0 62 10054
2018-10-31T13:11Z 45 3 15 81 0 0 63 10054
2018-10-31T13:16Z 225 0 9 81 0 0 63 10056
2018-10-31T13:21Z 225 0 6 81 0 0 64 10056
2018-10-31T13:26Z 225 0 6 81 0 0 64 10056
2018-10-31T13:31Z 225 0 5 80 0 0 65 10057
2018-10-31T13:36Z 45 0 5 80 0 0 66 10056
2018-10-31T13:41Z 270 0 5 80 0 0 66 10057
2018-10-31T13:46Z 270 0 5 80 0 0 67 10058
2018-10-31T13:51Z 45 0 5 80 0 0 67 10057
2018-10-31T13:56Z 45 0 5 80 0 0 67 10057
2018-10-31T14:01Z 45 0 5 80 0 0 67 10057
2018-10-31T14:06Z 45 0 4 79 0 0 69 10060
2018-10-31T14:12Z 45 0 4 79 0 0 69 10060
2018-10-31T14:17Z 45 0 4 79 0 0 69 10060
2018-10-31T14:22Z 45 0 6 79 0 0 70 10060
2018-10-31T14:27Z 0 0 4 79 0 0 69 10060
2018-10-31T14:32Z 0 0 0 79 0 0 70 10060
2018-10-31T14:37Z 0 0 3 79 0 0 70 10061
2018-10-31T14:42Z 0 0 3 79 0 0 70 10061
2018-10-31T14:47Z 90 0 4 79 0 0 70 10060
2018-10-31T14:52Z 45 0 5 79 0 0 70 10059
2018-10-31T14:57Z 45 0 9 79 0 0 70 10060
2018-10-31T15:02Z 45 0 9 79 0 0 69 10061
2018-10-31T15:07Z 135 0 4 79 0 0 69 10060
2018-10-31T15:12Z 180 0 4 79 0 0 70 10060
2018-10-31T15:17Z 45 0 5 79 0 0 69 10058
2018-10-31T15:22Z 45 0 9 79 0 0 69 10059
2018-10-31T15:27Z 45 0 9 79 0 0 69 10059
2018-10-31T15:32Z 45 0 4 79 0 0 69 10058
2018-10-31T15:37Z 45 0 4 79 0 0 69 10058
2018-10-31T15:43Z 45 0 3 79 0 0 69 10057
2018-10-31T15:48Z 45 0 3 79 0 0 70 10058
2018-10-31T15:53Z 45 0 4 79 0 0 70 10056
2018-10-31T15:58Z 180 3 13 79 0 0 71 10056
2018-10-31T16:03Z 180 3 13 79 0 0 71 10056
2018-10-31T16:08Z 225 0 8 79 0 0 71 10056
2018-10-31T16:13Z 225 0 8 79 0 0 71 10056
2018-10-31T16:18Z 225 0 8 79 0 0 71 10056
2018-10-31T16:23Z 225 0 8 79 0 0 71 10056
2018-10-31T16:28Z 225 6 19 79 0 0 69 10053
2018-10-31T16:33Z 225 5 19 79 0 0 67 10053
2018-10-31T16:38Z 225 8 15 79 0 0 65 10053
2018-10-31T16:48Z 225 9 15 79 0 0 64 10051
2018-10-31T16:53Z 180 7 15 79 0 0 64 10051
2018-10-31T16:58Z 225 8 15 79 0 0 64 10050
2018-10-31T17:03Z 225 8 15 79 0 0 64 10050
2018-10-31T17:08Z 225 7 14 79 0 0 64 10050
2018-10-31T17:14Z 225 11 19 79 0 0 63 10049
2018-10-31T17:19Z 225 14 20 79 0 0 62 10049
2018-10-31T17:24Z 225 12 20 79 0 0 62 10048
2018-10-31T17:29Z 225 12 20 79 0 0 62 10048
2018-10-31T17:34Z 90 8 22 78 0 0 63 10047
2018-10-31T17:39Z 135 11 21 78 0 0 63 10045
2018-10-31T17:44Z 90 9 21 78 0 0 63 10044
2018-10-31T17:49Z 90 9 21 78 0 0 63 10044
2018-10-31T17:54Z 225 5 15 78 0 0 65 10044
2018-10-31T17:59Z 180 7 15 78 0 0 65 10043
2018-10-31T18:04Z 180 9 22 77 0 0 64 10041
2018-10-31T18:09Z 180 9 22 77 0 0 64 10041
2018-10-31T18:14Z 225 7 15 77 0 0 65 10041
2018-10-31T18:19Z 180 6 15 77 0 0 65 10040
2018-10-31T18:24Z 180 6 15 77 0 0 65 10039
2018-10-31T18:34Z 225 6 14 77 0 0 67 10038
2018-10-31T18:39Z 225 2 19 77 0 0 67 10038
2018-10-31T18:45Z 225 2 19 77 0 0 67 10038
2018-10-31T18:50Z 225 6 15 76 0 0 67 10038
2018-10-31T18:55Z 225 6 15 76 0 0 68 10038
2018-10-31T19:00Z 225 6 15 76 0 0 68 10036
2018-10-31T19:05Z 225 9 15 76 0 0 68 10036
2018-10-31T19:10Z 225 8 15 76 0 0 68 10036
2018-10-31T19:15Z 225 12 15 76 0 0 68 10036
2018-10-31T19:20Z 225 11 19 76 0 0 68 10036
2018-10-31T19:25Z 225 11 19 76 0 0 68 10036
2018-10-31T19:30Z 225 11 19 76 0 0 68 10036
2018-10-31T19:35Z 225 11 19 76 0 0 68 10036
2018-10-31T19:40Z 180 4 15 75 0 0 70 10034
2018-10-31T19:45Z 180 9 15 75 0 0 70 10033
2018-10-31T19:50Z 180 6 15 75 0 0 70 10033
2018-10-31T19:55Z 180 3 14 75 0 0 71 10033
2018-10-31T20:00Z 180 3 14 75 0 0 71 10033
2018-10-31T20:05Z 180 3 14 75 0 0 71 10033
2018-10-31T20:10Z 180 3 14 75 0 0 71 10033
2018-10-31T20:16Z 180 4 15 75 0 0 72 10033
2018-10-31T20:21Z 225 3 11 75 0 0 73 10034
2018-10-31T20:26Z 225 3 9 74 0 0 73 10035
2018-10-31T20:31Z 225 5 13 74 0 0 74 10034
2018-10-31T20:36Z 225 8 13 74 0 0 74 10035
2018-10-31T20:41Z 225 8 13 74 0 0 74 10035
2018-10-31T20:46Z 180 6 13 74 0 0 74 10036
2018-10-31T20:51Z 135 3 13 74 0 0 75 10036
2018-10-31T20:56Z 180 3 13 74 0 0 75 10037
2018-10-31T21:01Z 135 5 12 74 0 0 75 10036
2018-10-31T21:06Z 180 5 12 74 0 0 75 10037
2018-10-31T21:11Z 135 6 15 74 0 0 75 10037
2018-10-31T21:16Z 180 7 15 74 0 0 75 10037
2018-10-31T21:21Z 180 5 15 74 0 0 75 10036
2018-10-31T21:26Z 180 4 12 74 0 0 76 10037
2018-10-31T21:31Z 180 6 11 74 0 0 76 10038
2018-10-31T21:36Z 225 3 10 74 0 0 76 10037
2018-10-31T21:41Z 45 1 8 73 0 0 77 10038
2018-10-31T21:47Z 45 4 10 73 0 0 77 10038
2018-10-31T21:52Z 180 2 10 73 0 0 77 10039
2018-10-31T21:57Z 180 3 9 73 0 0 77 10040
2018-10-31T22:02Z 180 3 8 73 0 0 78 10040
2018-10-31T22:07Z 225 0 8 73 0 0 78 10042
2018-10-31T22:12Z 225 0 8 73 0 0 78 10042
2018-10-31T22:17Z 225 2 7 73 0 0 78 10042
2018-10-31T22:22Z 225 6 10 73 0 0 78 10042
2018-10-31T22:27Z 225 1 10 73 0 0 78 10043
2018-10-31T22:32Z 180 3 7 73 0 0 78 10043
2018-10-31T22:37Z 270 3 6 74 0 0 78 10043
2018-10-31T22:42Z 135 4 10 74 0 0 78 10043
2018-10-31T22:47Z 135 5 10 74 0 0 78 10043
2018-10-31T22:52Z 45 5 11 74 0 0 79 10045
2018-10-31T22:57Z 45 4 11 74 0 0 79 10045
2018-10-31T23:02Z 45 4 12 74 0 0 79 10046
2018-10-31T23:07Z 45 4 12 74 0 0 79 10046
2018-10-31T23:12Z 45 4 12 74 0 0 79 10046
2018-10-31T23:17Z 45 4 12 74 0 0 79 10046
2018-10-31T23:23Z 45 7 14 74 0 0 79 10049
2018-10-31T23:28Z 45 5 15 74 0 0 80 10048
2018-10-31T23:33Z 45 4 15 74 0 0 79 10048
2018-10-31T23:38Z 45 3 9 74 0 0 79 10050
2018-10-31T23:43Z 45 2 9 75 0 0 79 10051
2018-10-31T23:48Z 45 0 9 75 0 0 78 10051
2018-10-31T23:53Z 45 2 9 75 0 0 77 10052
2018-10-31T23:58Z 90 3 6 76 0 0 76 10052
2018-11-01T00:03Z 45 2 9 76 0 0 76 10053
2018-11-01T00:08Z 45 1 9 77 0 0 75 10053
2018-11-01T00:13Z 45 1 9 77 0 0 75 10053
2018-11-01T00:18Z 45 1 9 77 0 0 75 10053
2018-11-01T00:23Z 45 1 9 77 0 0 75 10053
2018-11-01T00:28Z 45 1 9 77 0 0 75 10053
2018-11-01T00:33Z 45 1 9 77 0 0 75 10053
2018-11-01T00:38Z 45 1 9 77 0 0 75 10053
2018-11-01T00:44Z 45 1 9 77 0 0 75 10053
2018-11-01T00:50Z 45 2 7 81 0 0 68 10056
2018-11-01T00:55Z 45 3 13 81 0 0 67 10058
2018-11-01T01:00Z 45 3 13 81 0 0 67 10058
2018-11-01T01:06Z 45 3 13 81 0 0 67 10058
2018-11-01T01:12Z 45 3 13 81 0 0 67 10058
2018-11-01T01:18Z 45 6 15 85 0 0 61 10058
2018-11-01T01:18Z 45 6 15 85 0 0 61 10058
2018-11-01T01:23Z 45 6 15 85 0 0 61 10058
2018-11-01T01:28Z 45 6 15 85 0 0 61 10058
2018-11-01T01:33Z 45 6 15 85 0 0 61 10058
2018-11-01T01:38Z 45 6 15 85 0 0 61 10058
2018-11-01T01:43Z 45 6 15 85 0 0 61 10058
2018-11-01T01:48Z 45 6 15 85 0 0 61 10058
2018-11-01T01:53Z 45 6 15 85 0 0 61 10058
2018-11-01T01:58Z 45 3 11 93 0 0 49 10061
2018-11-01T02:03Z 45 8 15 95 0 0 46 10062
2018-11-01T02:08Z 90 3 15 95 0 0 46 10062
2018-11-01T02:13Z 180 1 11 97 0 0 44 10062
2018-11-01T02:19Z 90 3 15 99 0 0 40 10063
2018-11-01T02:24Z 45 2 15 100 0 0 39 10063
2018-11-01T02:29Z 45 3 13 101 0 0 37 10063
2018-11-01T02:34Z 45 3 26 101 0 0 36 10063
2018-11-01T02:39Z 90 9 26 100 0 0 37 10062
2018-11-01T02:44Z 90 9 26 100 0 0 37 10062
2018-11-01T02:49Z 90 9 26 100 0 0 37 10062
2018-11-01T02:54Z 45 8 26 101 0 0 34 10062
2018-11-01T02:59Z 90 5 26 103 0 0 34 10062
2018-11-01T03:04Z 45 8 31 102 0 0 35 10060
2018-11-01T03:09Z 45 6 31 103 0 0 34 10061
2018-11-01T03:14Z 45 4 15 105 0 0 33 10061
2018-11-01T03:19Z 45 4 15 106 0 0 32 10061
2018-11-01T03:24Z 45 6 15 107 0 0 32 10061
2018-11-01T03:29Z 45 5 22 107 0 0 32 10061
2018-11-01T03:34Z 45 5 22 107 0 0 32 10061
2018-11-01T03:39Z 45 8 14 108 0 0 30 10059
2018-11-01T03:44Z 45 7 18 109 0 0 30 10058
2018-11-01T03:51Z 45 4 23 110 0 0 29 10058
2018-11-01T03:56Z 45 6 22 110 0 0 29 10058
2018-11-01T04:01Z 90 4 22 111 0 0 29 10057
2018-11-01T04:06Z 45 15 31 111 0 0 28 10055
2018-11-01T04:11Z 45 9 31 110 0 0 29 10055
2018-11-01T04:16Z 45 7 18 110 0 0 28 10053
2018-11-01T04:21Z 45 6 18 111 0 0 28 10054
2018-11-01T04:26Z 45 4 18 112 0 0 27 10053
2018-11-01T04:31Z 45 6 18 113 0 0 26 10051
2018-11-01T04:36Z 45 3 22 113 0 0 26 10052
2018-11-01T04:41Z 45 3 27 113 0 0 26 10051
2018-11-01T04:46Z 45 6 27 112 0 0 26 10051
2018-11-01T04:51Z 45 2 18 113 0 0 25 10049
2018-11-01T04:57Z 45 9 22 113 0 0 25 10047
2018-11-01T05:07Z 45 5 22 113 0 0 26 10047
2018-11-01T05:12Z 45 2 22 113 0 0 26 10046
2018-11-01T05:17Z 45 5 22 115 0 0 25 10043
2018-11-01T05:22Z 45 5 22 115 0 0 25 10043
2018-11-01T05:27Z 45 5 22 115 0 0 25 10043
2018-11-01T05:32Z 45 6 20 108 0 0 29 10042
2018-11-01T05:37Z 45 5 19 111 0 0 28 10042
2018-11-01T05:42Z 45 3 17 113 0 0 26 10041
2018-11-01T05:47Z 45 4 21 115 0 0 25 10040
2018-11-01T05:52Z 45 4 21 115 0 0 24 10040
2018-11-01T05:57Z 45 6 15 116 0 0 24 10040
2018-11-01T06:02Z 45 5 15 116 0 0 23 10039
2018-11-01T06:07Z 45 3 18 115 0 0 23 10038
2018-11-01T06:12Z 45 5 21 115 0 0 24 10037
2018-11-01T06:17Z 45 3 21 115 0 0 24 10037
2018-11-01T06:22Z 45 4 11 114 0 0 25 10037
2018-11-01T06:27Z 45 6 14 113 0 0 26 10037
2018-11-01T06:32Z 45 7 24 112 0 0 27 10036
2018-11-01T06:37Z 45 6 24 112 0 0 27 10036
2018-11-01T06:43Z 45 2 15 112 0 0 27 10036
2018-11-01T06:48Z 45 4 21 111 0 0 28 10033
2018-11-01T06:53Z 45 2 21 110 0 0 29 10034
2018-11-01T06:58Z 45 3 16 110 0 0 29 10033
2018-11-01T07:03Z 45 3 14 110 0 0 29 10034
2018-11-01T07:08Z 45 4 14 111 0 0 29 10033
2018-11-01T07:13Z 45 2 11 109 0 0 30 10032
2018-11-01T07:18Z 45 3 10 107 0 0 31 10032
2018-11-01T07:23Z 45 3 13 104 0 0 34 10031
2018-11-01T07:28Z 45 3 13 104 0 0 34 10031
2018-11-01T07:33Z 45 3 13 104 0 0 34 10031
2018-11-01T07:38Z 45 3 13 104 0 0 34 10031
2018-11-01T07:41Z 45 3 22 103 0 0 34 10029
2018-11-01T07:46Z 45 4 15 104 0 0 34 10030
2018-11-01T07:51Z 45 3 15 105 0 0 34 10028
2018-11-01T07:58Z 45 2 10 106 0 0 32 10030
2018-11-01T08:03Z 45 3 15 106 0 0 33 10029
2018-11-01T08:08Z 45 3 15 105 0 0 34 10029
2018-11-01T08:13Z 45 6 17 104 0 0 35 10030
2018-11-01T08:18Z 45 3 17 102 0 0 37 10029
2018-11-01T08:23Z 45 6 16 100 0 0 38 10030
2018-11-01T08:28Z 45 6 13 100 0 0 39 10031
2018-11-01T08:33Z 45 6 13 100 0 0 39 10031
2018-11-01T08:38Z 45 6 13 100 0 0 39 10031
2018-11-01T08:43Z 45 6 13 100 0 0 39 10031
2018-11-01T08:48Z 45 6 21 96 0 0 44 10031
2018-11-01T08:53Z 45 7 23 95 0 0 46 10031
2018-11-01T08:58Z 45 4 23 95 0 0 47 10033
2018-11-01T09:06Z 45 9 24 94 0 0 47 10035
2018-11-01T09:11Z 45 6 24 93 0 0 48 10035
2018-11-01T09:16Z 45 6 15 92 0 0 50 10036
2018-11-01T09:21Z 45 7 18 92 0 0 51 10035
2018-11-01T09:26Z 45 6 18 91 0 0 52 10036
2018-11-01T09:32Z 45 7 22 90 0 0 53 10038
2018-11-01T09:38Z 45 5 22 89 0 0 54 10038
2018-11-01T09:43Z 45 5 22 89 0 0 54 10038
2018-11-01T09:48Z 45 5 22 89 0 0 54 10038
2018-11-01T09:53Z 45 5 22 89 0 0 54 10038
2018-11-01T09:58Z 45 5 22 89 0 0 54 10038
2018-11-01T10:03Z 45 5 22 89 0 0 54 10038
2018-11-01T10:08Z 45 5 22 89 0 0 54 10038
2018-11-01T10:13Z 45 5 23 87 0 0 59 10041
2018-11-01T10:18Z 45 2 19 87 0 0 60 10042
2018-11-01T10:23Z 45 5 19 86 0 0 60 10041
2018-11-01T10:28Z 45 7 18 86 0 0 61 10041
2018-11-01T10:33Z 45 6 18 86 0 0 62 10041
2018-11-01T10:38Z 45 3 16 85 0 0 63 10041
2018-11-01T10:43Z 45 3 15 85 0 0 63 10042
2018-11-01T10:48Z 90 3 15 85 0 0 63 10043
2018-11-01T10:53Z 45 6 15 85 0 0 65 10044
2018-11-01T10:58Z 45 6 15 85 0 0 65 10044
2018-11-01T11:05Z 45 2 16 84 0 0 67 10045
2018-11-01T11:10Z 45 2 16 84 0 0 67 10045
2018-11-01T11:15Z 45 2 16 84 0 0 67 10045
2018-11-01T11:20Z 45 2 16 84 0 0 67 10045
2018-11-01T11:25Z 45 4 13 84 0 0 68 10046
2018-11-01T11:30Z 45 5 14 84 0 0 68 10046
2018-11-01T11:35Z 45 5 15 84 0 0 67 10048
2018-11-01T11:40Z 45 4 15 84 0 0 68 10049
2018-11-01T11:45Z 45 4 14 84 0 0 67 10050
2018-11-01T11:51Z 45 3 15 83 0 0 67 10049
2018-11-01T11:56Z 45 0 15 83 0 0 67 10050
2018-11-01T12:01Z 45 0 15 83 0 0 67 10050
2018-11-01T12:06Z 45 0 15 83 0 0 67 10050
2018-11-01T12:11Z 45 0 15 83 0 0 67 10050
2018-11-01T12:16Z 45 0 15 83 0 0 67 10050
2018-11-01T12:19Z 45 4 17 83 0 0 67 10052
2018-11-01T12:24Z 45 3 15 83 0 0 67 10053
2018-11-01T12:29Z 45 3 15 83 0 0 67 10053
2018-11-01T12:34Z 45 3 15 83 0 0 67 10053
2018-11-01T12:39Z 45 3 15 83 0 0 67 10053
2018-11-01T12:44Z 45 3 15 83 0 0 67 10053
2018-11-01T12:50Z 45 3 15 83 0 0 67 10053
2018-11-01T12:56Z 45 3 15 83 0 0 66 10056
2018-11-01T13:01Z 45 2 15 83 0 0 66 10057
2018-11-01T13:06Z 45 0 9 83 0 0 67 10058
2018-11-01T13:11Z 180 0 8 83 0 0 67 10057
2018-11-01T13:16Z 180 0 8 83 0 0 67 10058
2018-11-01T13:21Z 180 0 4 83 0 0 67 10059
2018-11-01T13:26Z 270 0 4 83 0 0 68 10059
2018-11-01T13:31Z 45 0 4 83 0 0 68 10059
2018-11-01T13:38Z 45 1 4 82 0 0 68 10059
2018-11-01T13:41Z 270 0 5 80 0 0 66 10057
2018-11-01T13:46Z 270 0 5 80 0 0 67 10058
2018-11-01T13:51Z 45 0 5 80 0 0 67 10057
2018-11-01T13:56Z 45 0 5 80 0 0 67 10057
2018-11-01T14:01Z 45 0 5 80 0 0 67 10057
2018-11-01T14:06Z 45 0 4 79 0 0 69 10060
2018-11-01T14:12Z 45 0 4 79 0 0 69 10060
2018-11-01T14:17Z 45 0 4 79 0 0 69 10060
2018-11-01T14:22Z 45 0 6 79 0 0 70 10060
2018-11-01T14:27Z 0 0 4 79 0 0 69 10060
2018-11-01T14:32Z 0 0 0 79 0 0 70 10060
2018-11-01T14:37Z 0 0 3 79 0 0 70 10061
2018-11-01T14:42Z 0 0 3 79 0 0 70 10061
2018-11-01T14:47Z 90 0 4 79 0 0 70 10060
2018-11-01T14:52Z 45 0 5 79 0 0 70 10059
2018-11-01T14:57Z 45 0 9 79 0 0 70 10060
2018-11-01T15:02Z 45 0 9 79 0 0 69 10061
2018-11-01T15:07Z 135 0 4 79 0 0 69 10060
2018-11-01T15:12Z 180 0 4 79 0 0 70 10060
2018-11-01T15:17Z 45 0 5 79 0 0 69 10058
2018-11-01T15:22Z 45 0 9 79 0 0 69 10059
2018-11-01T15:27Z 45 0 9 79 0 0 69 10059
2018-11-01T15:32Z 45 0 4 79 0 0 69 10058
2018-11-01T15:37Z 45 0 4 79 0 0 69 10058
2018-11-01T15:43Z 45 0 3 79 0 0 69 10057
2018-11-01T15:48Z 45 0 3 79 0 0 70 10058
2018-11-01T15:53Z 45 0 4 79 0 0 70 10056
2018-11-01T15:58Z 180 3 13 79 0 0 71 10056
2018-11-01T16:03Z 180 3 13 79 0 0 71 10056
2018-11-01T16:08Z 225 0 8 79 0 0 71 10056
2018-11-01T16:13Z 225 0 8 79 0 0 71 10056
2018-11-01T16:18Z 225 0 8 79 0 0 71 10056
2018-11-01T16:23Z 225 0 8 79 0 0 71 10056
2018-11-01T16:28Z 225 6 19 79 0 0 69 10053
2018-11-01T16:33Z 225 5 19 79 0 0 67 10053
2018-11-01T16:38Z 225 8 15 79 0 0 65 10053
2018-11-01T16:48Z 225 9 15 79 0 0 64 10051
2018-11-01T16:53Z 180 7 15 79 0 0 64 10051
2018-11-01T16:58Z 225 8 15 79 0 0 64 10050
2018-11-01T17:03Z 225 8 15 79 0 0 64 10050
2018-11-01T17:08Z 225 7 14 79 0 0 64 10050
2018-11-01T17:14Z 225 11 19 79 0 0 63 10049
2018-11-01T17:19Z 225 14 20 79 0 0 62 10049
2018-11-01T17:24Z 225 12 20 79 0 0 62 10048
2018-11-01T17:29Z 225 12 20 79 0 0 62 10048
2018-11-01T17:34Z 90 8 22 78 0 0 63 10047
2018-11-01T17:39Z 135 11 21 78 0 0 63 10045
2018-11-01T17:44Z 90 9 21 78 0 0 63 10044
2018-11-01T17:49Z 90 9 21 78 0 0 63 10044
2018-11-01T17:54Z 225 5 15 78 0 0 65 10044
2018-11-01T17:59Z 180 7 15 78 0 0 65 10043
2018-11-01T18:04Z 180 9 22 77 0 0 64 10041
2018-11-01T18:09Z 180 9 22 77 0 0 64 10041
2018-11-01T18:14Z 225 7 15 77 0 0 65 10041
2018-11-01T18:19Z 180 6 15 77 0 0 65 10040
2018-11-01T18:24Z 180 6 15 77 0 0 65 10039
2018-11-01T18:34Z 225 6 14 77 0 0 67 10038
2018-11-01T18:39Z 225 2 19 77 0 0 67 10038
2018-11-01T18:45Z 225 2 19 77 0 0 67 10038
2018-11-01T18:50Z 225 6 15 76 0 0 67 10038
2018-11-01T18:55Z 225 6 15 76 0 0 68 10038
2018-11-01T19:00Z 225 6 15 76 0 0 68 10036
2018-11-01T19:05Z 225 9 15 76 0 0 68 10036
2018-11-01T19:10Z 225 8 15 76 0 0 68 10036
2018-11-01T19:15Z 225 12 15 76 0 0 68 10036
2018-11-01T19:20Z 225 11 19 76 0 0 68 10036
2018-11-01T19:25Z 225 11 19 76 0 0 68 10036
2018-11-01T19:30Z 225 11 19 76 0 0 68 10036
2018-11-01T19:35Z 225 11 19 76 0 0 68 10036
2018-11-01T19:40Z 180 4 15 75 0 0 70 10034
2018-11-01T19:45Z 180 9 15 75 0 0 70 10033
2018-11-01T19:50Z 180 6 15 75 0 0 70 10033
2018-11-01T19:55Z 180 3 14 75 0 0 71 10033
2018-11-01T20:00Z 180 3 14 75 0 0 71 10033
2018-11-01T20:05Z 180 3 14 75 0 0 71 10033
2018-11-01T20:10Z 180 3 14 75 0 0 71 10033
2018-11-01T20:16Z 180 4 15 75 0 0 72 10033
2018-11-01T20:21Z 225 3 11 75 0 0 73 10034
2018-11-01T20:26Z 225 3 9 74 0 0 73 10035
2018-11-01T20:31Z 225 5 13 74 0 0 74 10034
2018-11-01T20:36Z 225 8 13 74 0 0 74 10035
2018-11-01T20:41Z 225 8 13 74 0 0 74 10035
2018-11-01T20:46Z 180 6 13 74 0 0 74 10036
2018-11-01T20:51Z 135 3 13 74 0 0 75 10036
2018-11-01T20:56Z 180 3 13 74 0 0 75 10037
2018-11-01T21:01Z 135 5 12 74 0 0 75 10036
2018-11-01T21:06Z 180 5 12 74 0 0 75 10037
2018-11-01T21:11Z 135 6 15 74 0 0 75 10037
2018-11-01T21:16Z 180 7 15 74 0 0 75 10037
2018-11-01T21:21Z 180 5 15 74 0 0 75 10036
2018-11-01T21:26Z 180 4 12 74 0 0 76 10037
2018-11-01T21:31Z 180 6 11 74 0 0 76 10038
2018-11-01T21:36Z 225 3 10 74 0 0 76 10037
2018-11-01T21:41Z 45 1 8 73 0 0 77 10038
2018-11-01T21:47Z 45 4 10 73 0 0 77 10038
2018-11-01T21:52Z 180 2 10 73 0 0 77 10039
2018-11-01T21:57Z 180 3 9 73 0 0 77 10040
2018-11-01T22:02Z 180 3 8 73 0 0 78 10040
2018-11-01T22:07Z 225 0 8 73 0 0 78 10042
2018-11-01T22:12Z 225 0 8 73 0 0 78 10042
2018-11-01T22:17Z 225 2 7 73 0 0 78 10042
2018-11-01T22:22Z 225 6 10 73 0 0 78 10042
2018-11-01T22:27Z 225 1 10 73 0 0 78 10043
2018-11-01T22:32Z 180 3 7 73 0 0 78 10043
2018-11-01T22:37Z 270 3 6 74 0 0 78 10043
2018-11-01T22:42Z 135 4 10 74 0 0 78 10043
2018-11-01T22:47Z 135 5 10 74 0 0 78 10043
2018-11-01T22:52Z 45 5 11 74 0 0 79 10045
2018-11-01T22:57Z 45 4 11 74 0 0 79 10045
2018-11-01T23:02Z 45 4 12 74 0 0 79 10046
2018-11-01T23:07Z 45 4 12 74 0 0 79 10046
2018-11-01T23:12Z 45 4 12 74 0 0 79 10046
2018-11-01T23:17Z 45 4 12 74 0 0 79 10046
2018-11-01T23:23Z 45 7 14 74 0 0 79 10049
2018-11-01T23:28Z 45 5 15 74 0 0 80 10048
2018-11-01T23:33Z 45 4 15 74 0 0 79 10048
2018-11-01T23:38Z 45 3 9 74 0 0 79 10050
2018-11-01T23:43Z 45 2 9 75 0 0 79 10051
2018-11-01T23:48Z 45 0 9 75 0 0 78 10051
2018-11-01T23:53Z 45 2 9 75 0 0 77 10052
2018-11-01T23:58Z 90 3 6 76 0 0 76 10052
2018-11-02T00:03Z 45 2 9 76 0 0 76 10053
2018-11-02T00:08Z 45 1 9 77 0 0 75 10053
2018-11-02T00:13Z 45 1 9 77 0 0 75 10053
2018-11-02T00:18Z 45 1 9 77 0 0 75 10053
2018-11-02T00:23Z 45 1 9 77 0 0 75 10053
2018-11-02T00:28Z 45 1 9 77 0 0 75 10053
2018-11-02T00:33Z 45 1 9 77 0 0 75 10053
2018-11-02T00:38Z 45 1 9 77 0 0 75 10053
2018-11-02T00:44Z 45 1 9 77 0 0 75 10053
2018-11-02T00:50Z 45 2 7 81 0 0 68 10056
2018-11-02T00:55Z 45 3 13 81 0 0 67 10058
2018-11-02T01:00Z 45 3 13 81 0 0 67 10058
2018-11-02T01:06Z 45 3 13 81 0 0 67 10058
2018-11-02T01:12Z 45 3 13 81 0 0 67 10058
2018-11-02T01:18Z 45 6 15 85 0 0 61 10058
2018-11-02T01:18Z 45 6 15 85 0 0 61 10058
2018-11-02T01:23Z 45 6 15 85 0 0 61 10058
2018-11-02T01:28Z 45 6 15 85 0 0 61 10058
2018-11-02T01:33Z 45 6 15 85 0 0 61 10058
2018-11-02T01:38Z 45 6 15 85 0 0 61 10058
2018-11-02T01:43Z 45 6 15 85 0 0 61 10058
2018-11-02T01:48Z 45 6 15 85 0 0 61 10058
2018-11-02T01:53Z 45 6 15 85 0 0 61 10058
2018-11-02T01:58Z 45 3 11 93 0 0 49 10061
2018-11-02T02:03Z 45 8 15 95 0 0 46 10062
2018-11-02T02:08Z 90 3 15 95 0 0 46 10062
2018-11-02T02:13Z 180 1 11 97 0 0 44 10062
2018-11-02T02:19Z 90 3 15 99 0 0 40 10063
2018-11-02T02:24Z 45 2 15 100 0 0 39 10063
2018-11-02T02:29Z 45 3 13 101 0 0 37 10063
2018-11-02T02:34Z 45 3 26 101 0 0 36 10063
2018-11-02T02:39Z 90 9 26 100 0 0 37 10062
2018-11-02T02:44Z 90 9 26 100 0 0 37 10062
2018-11-02T02:49Z 90 9 26 100 0 0 37 10062
2018-11-02T02:54Z 45 8 26 101 0 0 34 10062
2018-11-02T02:59Z 90 5 26 103 0 0 34 10062
2018-11-02T03:04Z 45 8 31 102 0 0 35 10060
2018-11-02T03:08Z 45 2 12 111 0 0 30 10071
2018-11-02T03:18Z 45 0 9 114 0 0 27 10072
2018-11-02T03:23Z 45 6 14 114 0 0 27 10071
2018-11-02T03:28Z 45 1 14 114 0 0 27 10071
2018-11-02T03:33Z 45 1 14 114 0 0 27 10071
2018-11-02T03:38Z 45 1 13 117 0 0 25 10070
2018-11-02T03:43Z 45 2 13 119 0 0 23 10069
2018-11-02T03:48Z 45 3 13 119 0 0 23 10070
2018-11-02T03:53Z 45 8 14 119 0 0 22 10069
2018-11-02T03:59Z 90 9 18 118 0 0 23 10068
2018-11-02T04:05Z 45 6 18 117 0 0 24 10069
2018-11-02T04:10Z 45 6 18 117 0 0 24 10069
2018-11-02T04:15Z 45 6 18 117 0 0 24 10069
2018-11-02T04:20Z 45 6 18 117 0 0 24 10069
2018-11-02T04:25Z 45 6 18 117 0 0 24 10069
2018-11-02T04:30Z 45 6 18 117 0 0 24 10069
2018-11-02T04:35Z 45 6 18 117 0 0 24 10069
2018-11-02T04:40Z 45 6 18 117 0 0 24 10069
2018-11-02T04:45Z 45 6 18 117 0 0 24 10069
2018-11-02T04:50Z 45 6 18 117 0 0 24 10069
2018-11-02T04:55Z 45 6 18 117 0 0 24 10069
2018-11-02T05:00Z 45 6 18 117 0 0 24 10069
2018-11-02T05:06Z 45 6 18 117 0 0 24 10069
2018-11-02T05:12Z 45 6 18 117 0 0 24 10069
2018-11-02T05:18Z 45 0 10 107 0 0 32 10055
2018-11-02T05:23Z 45 4 14 104 0 0 34 10056
2018-11-02T05:28Z 45 4 14 102 0 0 36 10055
2018-11-02T05:33Z 45 1 14 102 0 0 36 10055