2018-09-30T06:13Z 45 4 9 113 0 0 31 9996
2018-09-30T06:18Z 45 4 12 114 0 0 30 9995
2018-09-30T06:26Z 45 3 12 115 0 0 29 9993
2018-09-30T06:31Z 45 3 14 115 0 0 28 9994
2018-09-30T06:36Z 45 3 14 115 0 0 28 9993
2018-09-30T06:41Z 45 3 12 114 0 0 30 9993
2018-09-30T06:46Z 45 3 12 115 0 0 29 9993
2018-09-30T06:51Z 45 1 9 116 0 0 28 9993
2018-09-30T06:56Z 45 4 15 115 0 0 29 9993
2018-09-30T07:04Z 45 3 15 109 0 0 35 9989
2018-09-30T07:10Z 45 1 12 107 0 0 37 9990
2018-09-30T07:15Z 45 2 11 107 0 0 36 9990
2018-09-30T07:20Z 45 1 6 108 0 0 36 9989
2018-09-30T07:25Z 45 0 6 107 0 0 36 9987
2018-09-30T07:30Z 45 2 8 105 0 0 38 9986
2018-09-30T07:35Z 45 1 9 105 0 0 37 9985
2018-09-30T07:40Z 45 1 9 107 0 0 37 9986
2018-09-30T07:45Z 45 0 6 108 0 0 36 9986
2018-09-30T07:50Z 45 1 6 107 0 0 34 9986
2018-09-30T07:55Z 45 2 7 108 0 0 34 9983
2018-09-30T08:00Z 45 1 7 108 0 0 33 9983
2018-09-30T08:05Z 45 0 6 108 0 0 33 9983
2018-09-30T08:10Z 45 0 6 108 0 0 33 9983
2018-09-30T08:16Z 45 0 7 107 0 0 34 9984
2018-09-30T08:21Z 45 0 7 106 0 0 35 9982
2018-09-30T08:26Z 45 0 3 107 0 0 35 9984
2018-09-30T08:31Z 45 0 3 107 0 0 36 9985
2018-09-30T08:36Z 45 0 4 106 0 0 36 9986
2018-09-30T08:41Z 45 1 4 106 0 0 36 9987
2018-09-30T08:46Z 45 0 4 106 0 0 36 9988
2018-09-30T08:51Z 45 1 5 105 0 0 37 9985
2018-09-30T08:56Z 45 0 5 104 0 0 39 9988
2018-09-30T09:01Z 45 0 5 104 0 0 39 9987
2018-09-30T09:06Z 45 0 6 104 0 0 39 9986
2018-09-30T09:11Z 45 1 6 103 0 0 41 9988
2018-09-30T09:17Z 45 1 9 102 0 0 41 9988
2018-09-30T09:22Z 45 1 9 101 0 0 42 9987
2018-09-30T09:27Z 45 3 9 100 0 0 43 9986
2018-09-30T09:32Z 45 2 18 98 0 0 43 9986
2018-09-30T09:37Z 45 5 18 97 0 0 45 9987
2018-09-30T09:42Z 45 2 12 96 0 0 47 9987
2018-09-30T09:47Z 45 4 15 94 0 0 49 9988
2018-09-30T09:52Z 45 1 15 93 0 0 51 9988
2018-09-30T09:57Z 45 3 13 92 0 0 53 9987
2018-09-30T10:02Z 45 2 14 92 0 0 54 9988
2018-09-30T10:07Z 180 0 14 91 0 0 55 9988
2018-09-30T10:12Z 45 3 12 91 0 0 56 9990
2018-09-30T10:17Z 45 3 12 90 0 0 56 9990
2018-09-30T10:23Z 45 1 9 90 0 0 57 9990
2018-09-30T10:28Z 225 0 9 89 0 0 57 9990
2018-09-30T10:33Z 225 1 9 89 0 0 58 9989
2018-09-30T10:38Z 225 0 9 89 0 0 59 9989
2018-09-30T10:43Z 225 1 9 88 0 0 60 9989
2018-09-30T10:48Z 225 1 9 88 0 0 61 9990
2018-09-30T10:53Z 225 0 9 87 0 0 62 9991
2018-09-30T10:58Z 225 1 9 87 0 0 63 9992
2018-09-30T11:03Z 45 0 5 87 0 0 63 9992
2018-09-30T11:08Z 225 0 9 86 0 0 64 9994
2018-09-30T11:13Z 45 1 9 86 0 0 64 9995
2018-09-30T11:18Z 45 1 9 86 0 0 64 9995
2018-09-30T11:24Z 180 1 9 86 0 0 64 9996
2018-09-30T11:29Z 225 1 9 85 0 0 63 9996
2018-09-30T11:34Z 45 0 5 85 0 0 63 9997
2018-09-30T11:39Z 180 0 4 85 0 0 63 9997
2018-09-30T11:44Z 225 2 5 85 0 0 62 9997
2018-09-30T11:49Z 45 2 9 85 0 0 61 9998
2018-09-30T11:54Z 225 0 9 85 0 0 61 9999
2018-09-30T11:59Z 45 0 4 85 0 0 60 10000
2018-09-30T12:04Z 45 0 4 84 0 0 59 10000
2018-09-30T12:09Z 45 0 4 84 0 0 58 10001
2018-09-30T12:14Z 45 0 5 84 0 0 57 10000
2018-09-30T12:19Z 45 2 9 84 0 0 56 10002
2018-09-30T12:24Z 180 0 9 84 0 0 54 10002
2018-09-30T12:30Z 225 0 5 84 0 0 53 10004
2018-09-30T12:35Z 45 0 4 84 0 0 52 10003
2018-09-30T12:40Z 45 0 9 84 0 0 51 10003
2018-09-30T12:45Z 45 1 9 84 0 0 51 10004
2018-09-30T12:50Z 45 0 9 84 0 0 50 10006
2018-09-30T12:55Z 45 0 9 84 0 0 51 10005
2018-09-30T13:00Z 45 0 8 84 0 0 51 10005
2018-09-30T13:05Z 180 0 5 83 0 0 51 10007
2018-09-30T13:10Z 180 0 9 83 0 0 50 10006
2018-09-30T13:15Z 225 0 9 83 0 0 49 10008
2018-09-30T13:20Z 180 0 5 83 0 0 49 10009
2018-09-30T13:25Z 225 0 5 83 0 0 48 10009
2018-09-30T13:30Z 45 1 5 83 0 0 47 10009
2018-09-30T13:36Z 180 1 9 83 0 0 47 10012
2018-09-30T13:41Z 45 0 5 83 0 0 47 10012
2018-09-30T13:46Z 135 1 7 83 0 0 47 10012
2018-09-30T13:51Z 180 2 7 83 0 0 46 10014
2018-09-30T13:56Z 45 2 9 83 0 0 46 10013
2018-09-30T14:01Z 45 0 9 83 0 0 46 10015
2018-09-30T14:06Z 45 0 9 82 0 0 45 10015
2018-09-30T14:11Z 45 3 9 82 0 0 44 10015
2018-09-30T14:16Z 225 0 9 82 0 0 43 10016
2018-09-30T14:21Z 225 1 9 82 0 0 43 10017
2018-09-30T14:26Z 90 0 9 82 0 0 42 10016
2018-09-30T14:31Z 45 0 9 82 0 0 42 10018
2018-09-30T14:37Z 225 0 5 82 0 0 41 10017
2018-09-30T14:42Z 180 0 5 82 0 0 41 10018
2018-09-30T14:47Z 90 1 5 82 0 0 41 10018
2018-09-30T14:52Z 225 0 5 82 0 0 41 10018
2018-09-30T14:57Z 180 1 4 83 0 0 41 10018
2018-09-30T15:02Z 45 0 4 83 0 0 41 10019
2018-09-30T15:07Z 225 1 9 83 0 0 42 10020
2018-09-30T15:12Z 45 2 9 83 0 0 41 10020
2018-09-30T15:17Z 45 2 8 83 0 0 41 10020
2018-09-30T15:22Z 45 2 8 82 0 0 41 10020
2018-09-30T15:27Z 135 2 8 82 0 0 40 10020
2018-09-30T15:32Z 90 1 8 82 0 0 40 10019
2018-09-30T15:37Z 135 0 8 82 0 0 39 10020
2018-09-30T15:43Z 90 0 8 82 0 0 38 10020
2018-09-30T15:48Z 270 0 8 82 0 0 37 10020
2018-09-30T15:53Z 45 0 8 81 0 0 37 10020
2018-09-30T15:58Z 45 0 4 81 0 0 36 10020
2018-09-30T16:03Z 180 2 11 81 0 0 36 10018
2018-09-30T16:08Z 90 0 8 81 0 0 36 10019
2018-09-30T16:13Z 180 0 7 81 0 0 36 10019
2018-09-30T16:18Z 180 0 6 81 0 0 36 10015
2018-09-30T16:23Z 45 0 6 81 0 0 35 10016
2018-09-30T16:28Z 135 0 6 81 0 0 35 10016
2018-09-30T16:33Z 180 0 6 81 0 0 35 10016
2018-09-30T16:38Z 135 0 4 81 0 0 35 10018
2018-09-30T16:44Z 180 0 3 81 0 0 35 10017
2018-09-30T16:49Z 180 0 3 81 0 0 35 10017
2018-09-30T16:54Z 135 0 6 81 0 0 35 10017
2018-09-30T16:59Z 45 0 6 82 0 0 35 10016
2018-09-30T17:04Z 135 0 6 82 0 0 35 10015
2018-09-30T17:09Z 90 0 3 82 0 0 35 10015
2018-09-30T17:14Z 225 0 3 82 0 0 34 10015
2018-09-30T17:19Z 315 0 3 82 0 0 34 10016
2018-09-30T17:24Z 180 0 3 82 0 0 34 10016
2018-09-30T17:29Z 90 0 6 82 0 0 34 10016
2018-09-30T17:34Z 90 0 6 82 0 0 34 10015
2018-09-30T17:39Z 225 0 4 82 0 0 34 10016
2018-09-30T17:44Z 225 0 4 82 0 0 34 10014
2018-09-30T17:50Z 315 0 3 82 0 0 34 10013
2018-09-30T17:55Z 270 0 3 81 0 0 34 10012
2018-09-30T18:00Z 225 0 3 81 0 0 34 10010
2018-09-30T18:05Z 45 0 3 81 0 0 34 10011
2018-09-30T18:10Z 180 0 3 81 0 0 34 10010
2018-09-30T18:15Z 225 0 3 81 0 0 34 10010
2018-09-30T18:20Z 135 0 1 81 0 0 34 10009
2018-09-30T18:25Z 135 0 1 81 0 0 34 10009
2018-09-30T18:30Z 135 0 3 81 0 0 34 10009
2018-09-30T18:35Z 180 0 3 81 0 0 34 10009
2018-09-30T18:40Z 225 0 3 80 0 0 34 10009
2018-09-30T18:45Z 180 0 3 80 1 1 33 10009
2018-09-30T18:51Z 225 0 3 80 1 1 33 10008
2018-09-30T18:56Z 225 0 0 80 1 1 33 10007
2018-09-30T19:01Z 225 0 0 80 1 1 33 10008
2018-09-30T19:06Z 225 0 0 80 1 1 34 10007
2018-09-30T19:11Z 225 0 0 80 1 1 33 10007
2018-09-30T19:16Z 90 0 3 80 1 1 34 10009
2018-09-30T19:21Z 45 0 3 80 1 1 34 10008
2018-09-30T19:26Z 45 0 0 80 1 1 34 10007
2018-09-30T19:31Z 45 0 0 80 1 1 34 10007
2018-09-30T19:36Z 45 0 0 80 1 1 34 10006
2018-09-30T19:41Z 45 0 0 80 0 1 34 10005
2018-09-30T19:46Z 45 0 0 80 0 1 34 10007
2018-09-30T19:51Z 45 0 0 80 0 1 34 10006
2018-09-30T19:57Z 45 0 0 80 0 1 34 10007
2018-09-30T20:02Z 225 0 2 80 0 1 34 10006
2018-09-30T20:07Z 45 0 2 80 0 1 34 10006
2018-09-30T20:12Z 45 0 0 79 0 1 34 10005
2018-09-30T20:17Z 270 0 0 79 0 1 34 10006
2018-09-30T20:22Z 270 0 0 79 0 1 34 10006
2018-09-30T20:27Z 45 0 3 79 0 1 34 10008
2018-09-30T20:32Z 45 0 3 79 0 1 34 10006
2018-09-30T20:37Z 225 0 3 79 0 1 34 10006
2018-09-30T20:42Z 225 0 3 79 0 1 34 10008
2018-09-30T20:47Z 225 0 3 79 0 1 34 10008
2018-09-30T20:52Z 225 1 3 79 0 1 34 10008
2018-09-30T20:58Z 180 3 6 79 0 1 34 10007
2018-09-30T21:03Z 225 3 9 79 0 1 34 10008
2018-09-30T21:11Z 225 0 6 79 0 1 34 10006
2018-09-30T21:16Z 225 0 3 79 0 1 34 10007
2018-09-30T21:21Z 225 2 3 79 0 1 34 10007
2018-09-30T21:26Z 45 2 6 79 0 1 34 10008
2018-09-30T21:31Z 225 1 6 79 0 1 34 10008
2018-09-30T21:36Z 225 0 5 79 0 1 34 10007
2018-09-30T21:41Z 225 1 3 79 0 1 34 10009
2018-09-30T21:46Z 225 0 3 79 0 1 34 10008
2018-09-30T21:51Z 270 0 3 78 0 1 35 10010
2018-09-30T21:56Z 270 0 3 79 0 1 35 10011
2018-09-30T22:01Z 270 0 0 79 0 1 35 10010
2018-09-30T22:06Z 270 0 0 78 0 1 35 10011
2018-09-30T22:11Z 270 0 0 78 0 1 35 10012
2018-09-30T22:17Z 270 0 0 78 0 1 35 10011
2018-09-30T22:22Z 315 0 0 78 0 1 35 10014
2018-09-30T22:27Z 315 0 0 78 0 1 35 10014
2018-09-30T22:32Z 315 0 0 78 0 1 35 10015
2018-09-30T22:37Z 270 0 0 78 0 1 35 10014
2018-09-30T22:42Z 270 0 0 78 0 1 35 10015
2018-09-30T22:47Z 135 0 0 79 0 1 35 10015
2018-09-30T22:52Z 180 0 0 79 0 1 35 10016
2018-09-30T22:57Z 180 0 0 79 0 1 35 10016
2018-09-30T23:02Z 135 0 2 79 0 1 34 10017
2018-09-30T23:07Z 180 0 2 79 0 1 34 10018
2018-09-30T23:12Z 180 0 0 79 0 1 34 10018
2018-09-30T23:18Z 135 0 0 79 0 1 34 10018
2018-09-30T23:23Z 135 0 0 79 0 1 34 10019
2018-09-30T23:28Z 225 0 0 80 0 1 34 10020
2018-09-30T23:33Z 225 0 0 80 0 1 34 10020
2018-09-30T23:38Z 90 0 0 80 0 1 34 10022
2018-09-30T23:43Z 90 0 3 80 0 1 34 10023
2018-09-30T23:48Z 90 0 3 80 0 1 34 10023
2018-09-30T23:53Z 90 1 3 80 0 1 34 10024
2018-09-30T23:58Z 90 0 3 81 0 1 34 10025
2018-10-01T00:03Z 90 0 3 81 0 1 33 10026
2018-10-01T00:08Z 90 0 3 81 0 1 33 10026
2018-10-01T00:13Z 45 0 3 82 0 1 33 10025
2018-10-01T00:18Z 45 0 6 82 0 1 34 10026
2018-10-01T00:23Z 45 0 6 82 0 1 34 10026
2018-10-01T00:28Z 45 1 3 83 0 1 35 10026
2018-10-01T00:33Z 45 0 6 83 0 1 34 10027
2018-10-01T00:40Z 45 0 3 84 0 1 37 10028
2018-10-01T00:45Z 45 0 6 84 0 1 37 10029
2018-10-01T00:51Z 45 0 6 85 0 1 38 10030
2018-10-01T00:56Z 45 2 6 85 0 1 40 10030
2018-10-01T01:01Z 45 0 6 85 0 1 40 10030
2018-10-01T01:06Z 45 1 4 85 0 1 48 10031
2018-10-01T01:11Z 45 0 4 86 0 1 46 10031
2018-10-01T01:16Z 45 1 6 87 0 1 46 10031
2018-10-01T01:21Z 45 1 7 87 0 1 49 10031
2018-10-01T01:26Z 45 0 7 88 0 1 51 10031
2018-10-01T01:31Z 180 0 7 90 0 1 58 10030
2018-10-01T01:36Z 135 0 3 91 0 1 60 10032
2018-10-01T01:41Z 135 0 7 93 0 1 60 10032
2018-10-01T01:46Z 45 0 7 95 0 1 58 10032
2018-10-01T01:51Z 225 2 4 97 0 1 52 10032
2018-10-01T01:57Z 270 0 4 100 0 1 48 10033
2018-10-01T02:02Z 45 4 18 102 0 1 44 10032
2018-10-01T02:07Z 45 0 18 105 0 1 43 10033
2018-10-01T02:12Z 45 6 12 107 0 1 40 10033
2018-10-01T02:17Z 180 1 12 107 0 1 40 10033
2018-10-01T02:22Z 45 1 11 108 0 1 39 10034
2018-10-01T02:27Z 45 2 11 108 0 1 38 10034
2018-10-01T02:32Z 45 0 9 108 0 1 38 10034
2018-10-01T02:37Z 225 4 9 107 0 1 38 10035
2018-10-01T02:42Z 90 4 9 105 0 1 40 10035
2018-10-01T02:47Z 225 6 13 103 0 1 43 10035
2018-10-01T02:52Z 45 6 18 102 0 1 45 10035
2018-10-01T02:58Z 45 3 18 102 0 1 44 10034
2018-10-01T03:03Z 45 3 13 102 0 1 45 10035
2018-10-01T03:08Z 45 4 11 100 0 1 45 10033
2018-10-01T03:13Z 45 3 14 101 0 1 45 10033
2018-10-01T03:18Z 135 6 14 101 0 1 43 10034
2018-10-01T03:23Z 45 3 13 101 0 1 45 10031
2018-10-01T03:28Z 45 3 13 101 0 1 46 10030
2018-10-01T03:33Z 45 6 13 100 0 1 46 10029
2018-10-01T03:38Z 45 6 13 100 0 1 46 10029
2018-10-01T03:43Z 45 2 9 105 0 1 41 10029
2018-10-01T03:48Z 45 1 9 106 0 1 39 10027
2018-10-01T03:53Z 45 3 13 106 0 1 39 10024
2018-10-01T03:58Z 45 6 13 105 0 1 40 10025
2018-10-01T04:03Z 45 10 22 104 0 1 42 10024
2018-10-01T04:08Z 45 7 28 103 0 1 44 10022
2018-10-01T04:13Z 45 12 28 103 0 1 45 10023
2018-10-01T04:19Z 45 13 28 104 0 1 44 10023
2018-10-01T04:24Z 45 5 31 103 0 1 46 10022
2018-10-01T04:29Z 45 15 32 102 0 1 46 10021
2018-10-01T04:34Z 45 9 32 103 0 1 44 10022
2018-10-01T04:39Z 45 8 27 106 0 1 40 10020
2018-10-01T04:44Z 90 5 22 109 0 1 38 10018
2018-10-01T04:49Z 45 6 13 110 0 1 35 10018
2018-10-01T04:54Z 45 5 13 110 0 1 35 10018
2018-10-01T04:59Z 45 4 13 110 0 1 34 10017
2018-10-01T05:04Z 45 5 18 112 0 1 32 10015
2018-10-01T05:09Z 45 3 18 113 0 1 32 10015
2018-10-01T05:14Z 45 0 13 115 0 1 30 10015
2018-10-01T05:20Z 90 5 11 117 0 1 28 10014
2018-10-01T05:25Z 45 1 15 116 0 1 28 10013
2018-10-01T05:30Z 45 3 15 117 0 1 28 10012
2018-10-01T05:35Z 45 3 9 115 0 1 28 10011
2018-10-01T05:40Z 45 4 12 115 0 1 28 10009
2018-10-01T05:45Z 45 0 12 116 0 1 28 10009
2018-10-01T05:50Z 45 5 12 117 0 1 27 10008
2018-10-01T05:55Z 45 3 12 116 0 1 28 10006
2018-10-01T06:00Z 45 0 10 115 0 1 29 10005
2018-10-01T06:05Z 45 2 8 115 0 1 28 10004
2018-10-01T06:10Z 45 3 8 115 0 1 28 10003
2018-10-01T06:15Z 45 0 8 116 0 1 28 10003
2018-10-01T06:20Z 45 0 3 119 0 1 25 10003
2018-10-01T06:26Z 45 0 6 119 0 1 25 10001
2018-10-01T06:31Z 45 1 6 118 0 1 24 10000
2018-10-01T06:36Z 45 1 6 114 0 1 27 10000
2018-10-01T06:41Z 45 0 4 113 0 1 28 9998
2018-10-01T06:46Z 45 0 3 115 0 1 28 10000
2018-10-01T06:51Z 45 0 4 117 0 1 27 9999
2018-10-01T06:56Z 45 0 5 118 0 1 28 9999
2018-10-01T07:01Z 45 1 6 118 0 1 27 10000
2018-10-01T07:06Z 45 2 8 113 0 1 30 10000
2018-10-01T07:11Z 45 0 8 109 0 1 33 10001
2018-10-01T07:16Z 45 2 9 107 0 1 36 10002
2018-10-01T07:21Z 90 8 20 103 0 1 42 10002
2018-10-01T07:27Z 45 15 34 98 0 1 45 9999
2018-10-01T07:32Z 45 25 44 93 0 1 52 10000
2018-10-01T07:37Z 45 25 63 88 0 1 60 9999
2018-10-01T07:42Z 45 17 63 85 1 2 62 9999
2018-10-01T07:47Z 45 3 31 83 2 3 56 10003
2018-10-01T07:52Z 45 12 29 82 5 6 45 10001
2018-10-01T07:57Z 45 2 23 82 7 9 45 10002
2018-10-01T08:02Z 45 0 13 81 9 10 38 10003
2018-10-01T08:10Z 225 12 20 81 9 10 39 10000
2018-10-01T08:15Z 225 6 20 81 9 10 38 9999
2018-10-01T08:20Z 225 6 15 81 9 10 38 9998
2018-10-01T08:25Z 225 0 12 81 9 10 35 9998
2018-10-01T08:30Z 225 0 12 80 9 10 35 9999
2018-10-01T08:35Z 225 0 6 80 9 10 35 10000
2018-10-01T08:40Z 45 0 6 81 7 10 35 9999
2018-10-01T08:46Z 45 1 13 81 6 10 34 9998
2018-10-01T08:51Z 135 7 18 81 3 10 35 9997
2018-10-01T08:56Z 45 3 18 81 1 10 35 10000
2018-10-01T09:01Z 45 0 12 81 1 10 35 10003
2018-10-01T09:06Z 45 1 9 81 0 10 35 10003
2018-10-01T09:11Z 90 3 23 81 0 10 35 10002
2018-10-01T09:16Z 45 3 23 81 0 10 35 10001
2018-10-01T09:21Z 45 1 9 81 0 10 36 10002
2018-10-01T09:26Z 45 3 15 81 0 10 36 10001
2018-10-01T09:31Z 45 4 16 81 0 10 36 10001
2018-10-01T09:36Z 45 4 16 81 0 10 36 10001
2018-10-01T09:41Z 45 3 14 81 0 10 35 10001
2018-10-01T09:47Z 45 2 12 81 0 10 35 10000
2018-10-01T09:52Z 45 5 12 81 0 10 36 9998
2018-10-01T09:57Z 135 5 12 81 0 10 37 9999
2018-10-01T10:02Z 45 9 15 80 0 10 38 9999
2018-10-01T10:07Z 45 6 15 80 0 10 38 9999
2018-10-01T10:12Z 90 3 12 80 0 10 38 9997
2018-10-01T10:17Z 45 1 12 80 0 10 39 9997
2018-10-01T10:22Z 45 5 12 80 0 10 39 9994
2018-10-01T10:27Z 45 1 12 80 0 10 38 9996
2018-10-01T10:32Z 45 3 10 80 0 10 38 9995
2018-10-01T10:37Z 45 8 15 80 0 10 39 9995
2018-10-01T10:42Z 90 6 19 80 0 10 38 9998
2018-10-01T10:47Z 45 3 19 80 0 10 38 9998
2018-10-01T10:53Z 45 4 12 80 0 10 38 9999
2018-10-01T10:58Z 45 2 10 80 0 10 37 9998
2018-10-01T11:03Z 45 2 9 79 0 10 38 10000
2018-10-01T11:08Z 45 0 9 79 0 10 37 10001
2018-10-01T11:13Z 45 0 6 79 0 10 37 10001
2018-10-01T11:18Z 45 0 6 79 0 10 37 10001
2018-10-01T11:23Z 45 0 3 79 0 10 37 10002
2018-10-01T11:28Z 45 0 3 79 0 10 38 10002
2018-10-01T11:33Z 45 0 3 79 0 10 38 10003
2018-10-01T11:38Z 90 0 3 79 0 10 38 10004
2018-10-01T11:43Z 45 0 3 79 0 10 38 10006
2018-10-01T11:48Z 45 0 6 79 0 10 39 10008
2018-10-01T11:54Z 135 0 6 79 0 10 40 10009
2018-10-01T11:59Z 90 3 6 80 0 10 41 10010
2018-10-01T12:04Z 45 1 6 80 0 10 40 10012
2018-10-01T12:09Z 45 0 6 80 0 10 39 10012
2018-10-01T12:14Z 45 1 3 80 0 10 39 10015
2018-10-01T12:19Z 225 0 3 80 0 10 38 10014
2018-10-01T12:24Z 45 0 6 80 0 10 38 10016
2018-10-01T12:29Z 45 1 6 80 0 10 38 10017
2018-10-01T12:34Z 45 0 6 79 0 10 38 10019
2018-10-01T12:39Z 45 0 6 79 0 10 38 10019
2018-10-01T12:44Z 45 0 3 79 0 10 38 10019
2018-10-01T12:49Z 315 0 3 79 0 10 37 10019
2018-10-01T12:54Z 315 0 3 79 0 10 38 10021
2018-10-01T12:59Z 0 0 3 79 0 10 38 10022
2018-10-01T13:04Z 0 0 0 79 0 10 37 10023
2018-10-01T13:09Z 270 0 3 79 0 10 38 10025
2018-10-01T13:15Z 45 0 7 79 0 10 37 10025
2018-10-01T13:20Z 45 0 7 79 0 10 38 10026
2018-10-01T13:25Z 135 2 6 80 0 10 38 10027
2018-10-01T13:30Z 45 0 6 80 0 10 38 10028
2018-10-01T13:35Z 135 5 10 80 0 10 41 10027
2018-10-01T13:40Z 135 9 15 80 0 10 41 10027
2018-10-01T13:45Z 135 11 18 80 0 10 42 10027
2018-10-01T13:50Z 135 9 18 80 0 10 42 10027
2018-10-01T13:55Z 90 7 18 80 0 10 41 10027
2018-10-01T14:00Z 135 9 15 80 0 10 41 10028
2018-10-01T14:05Z 90 6 15 80 0 10 39 10027
2018-10-01T14:10Z 45 7 18 80 0 10 39 10027
2018-10-01T14:16Z 45 3 18 80 0 10 38 10026
2018-10-01T14:21Z 45 5 18 79 0 10 38 10026
2018-10-01T14:26Z 135 6 18 79 0 10 39 10025
2018-10-01T14:31Z 135 5 15 79 0 10 38 10028
2018-10-01T14:36Z 90 3 12 79 0 10 38 10027
2018-10-01T14:41Z 90 1 9 79 0 10 38 10027
2018-10-01T14:46Z 90 0 8 79 0 10 37 10027
2018-10-01T14:51Z 45 1 9 79 0 10 38 10028
2018-10-01T14:56Z 90 0 9 79 0 10 37 10027
2018-10-01T15:01Z 90 0 6 79 0 10 37 10029
2018-10-01T15:06Z 90 0 6 79 0 10 37 10027
2018-10-01T15:14Z 135 0 6 79 0 10 37 10026
2018-10-01T15:19Z 90 3 9 80 0 10 37 10026
2018-10-01T15:24Z 180 3 9 79 0 10 37 10025
2018-10-01T15:29Z 45 1 9 79 0 10 37 10027
2018-10-01T15:35Z 135 0 9 79 0 10 37 10027
2018-10-01T15:40Z 45 0 3 79 0 10 36 10024
2018-10-01T15:45Z 90 0 3 79 0 10 36 10024
2018-10-01T15:50Z 180 0 5 79 0 10 36 10023
2018-10-01T15:55Z 180 0 5 79 0 10 36 10024
2018-10-01T16:00Z 45 0 3 79 0 10 35 10024
2018-10-01T16:05Z 225 0 3 79 0 10 35 10024
2018-10-01T16:10Z 270 0 3 79 0 10 35 10026
2018-10-01T16:15Z 180 0 0 79 0 10 35 10025
2018-10-01T16:20Z 225 0 0 79 0 10 35 10025
2018-10-01T16:25Z 270 0 0 79 0 10 35 10025
2018-10-01T16:30Z 270 0 0 79 0 10 36 10025
2018-10-01T16:36Z 270 0 0 79 0 10 36 10024
2018-10-01T16:41Z 270 0 0 79 0 10 35 10023
2018-10-01T16:46Z 225 0 2 79 0 10 35 10024
2018-10-01T16:51Z 225 0 2 79 0 10 36 10024
2018-10-01T16:56Z 270 0 0 79 0 10 36 10023
2018-10-01T17:01Z 225 0 3 79 0 10 36 10022
2018-10-01T17:06Z 270 0 3 79 0 10 36 10021
2018-10-01T17:11Z 270 0 0 79 0 10 36 10022
2018-10-01T17:16Z 270 0 0 79 0 10 36 10021
2018-10-01T17:21Z 225 0 0 79 0 10 36 10021
2018-10-01T17:26Z 225 0 0 79 0 10 35 10021
2018-10-01T17:31Z 225 1 3 79 0 10 35 10020
2018-10-01T17:36Z 315 0 3 79 0 10 35 10019
2018-10-01T17:42Z 315 0 3 79 0 10 35 10019
2018-10-01T17:47Z 315 0 3 79 0 10 35 10019
2018-10-01T17:52Z 225 1 6 79 0 10 35 10019
2018-10-01T17:57Z 225 3 6 79 0 10 35 10018
2018-10-01T18:02Z 225 3 6 79 0 10 35 10017
2018-10-01T18:07Z 225 2 9 79 0 10 35 10016
2018-10-01T18:12Z 180 0 9 79 0 10 35 10016
2018-10-01T18:17Z 270 0 6 79 0 10 35 10016
2018-10-01T18:22Z 225 0 6 79 0 10 35 10015
2018-10-01T18:27Z 225 1 6 79 0 10 35 10014
2018-10-01T18:32Z 270 0 3 79 0 10 35 10014
2018-10-01T18:37Z 45 0 0 79 0 9 35 10013
2018-10-01T18:43Z 180 0 3 80 0 9 35 10012
2018-10-01T18:48Z 180 0 3 80 0 9 35 10010
2018-10-01T18:53Z 225 1 3 80 0 9 36 10011
2018-10-01T18:58Z 270 0 3 80 0 9 36 10009
2018-10-01T19:03Z 225 0 3 80 0 9 36 10010
2018-10-01T19:08Z 225 0 3 80 0 9 36 10011
2018-10-01T19:13Z 225 0 3 80 0 9 36 10010
2018-10-01T19:18Z 225 0 3 80 0 9 36 10010
2018-10-01T19:23Z 180 0 3 80 0 9 36 10010
2018-10-01T19:28Z 180 0 3 80 0 9 36 10008
2018-10-01T19:33Z 135 0 3 80 0 9 36 10007
2018-10-01T19:38Z 45 0 3 80 0 9 35 10008
2018-10-01T19:43Z 45 0 3 80 0 9 35 10009
2018-10-01T19:49Z 180 0 3 80 0 9 35 10009
2018-10-01T19:54Z 180 2 6 79 0 9 35 10009
2018-10-01T19:59Z 180 2 6 79 0 9 35 10009
2018-10-01T20:04Z 180 4 6 79 0 9 35 10008
2018-10-01T20:09Z 180 3 6 79 0 9 34 10007
2018-10-01T20:17Z 270 3 6 79 0 9 35 10007
2018-10-01T20:22Z 225 2 6 79 0 9 34 10006
2018-10-01T20:27Z 225 1 6 79 0 9 34 10006
2018-10-01T20:32Z 225 0 6 79 0 9 34 10006
2018-10-01T20:37Z 180 0 6 79 0 9 34 10006
2018-10-01T20:42Z 180 2 6 79 0 9 34 10007
2018-10-01T20:47Z 180 3 6 79 0 9 34 10007
2018-10-01T20:52Z 180 2 6 79 0 9 34 10006
2018-10-01T20:57Z 90 2 6 79 0 9 34 10005
2018-10-01T21:03Z 180 1 6 79 0 9 34 10004
2018-10-01T21:08Z 135 3 6 79 0 9 34 10006
2018-10-01T21:13Z 180 3 6 79 0 9 34 10006
2018-10-01T21:18Z 180 3 6 79 0 9 34 10006
2018-10-01T21:23Z 45 3 9 79 0 9 34 10006
2018-10-01T21:28Z 45 4 9 79 0 9 34 10005
2018-10-01T21:33Z 45 4 13 79 1 10 34 10006
2018-10-01T21:38Z 45 6 15 79 1 10 34 10007
2018-10-01T21:43Z 45 6 15 79 1 10 34 10008
2018-10-01T21:48Z 45 5 18 79 1 10 34 10007
2018-10-01T21:53Z 45 6 18 79 1 10 34 10007
2018-10-01T21:58Z 45 4 17 78 1 10 34 10009
2018-10-01T22:03Z 45 6 17 78 1 10 35 10011
2018-10-01T22:09Z 45 5 15 78 1 10 35 10011
2018-10-01T22:14Z 45 5 12 78 1 10 35 10011
2018-10-01T22:19Z 45 7 15 78 1 10 35 10012
2018-10-01T22:24Z 45 5 15 78 1 10 35 10012
2018-10-01T22:29Z 45 4 15 78 1 10 35 10012
2018-10-01T22:34Z 90 6 12 78 0 10 35 10012
2018-10-01T22:39Z 45 7 14 78 0 10 35 10014
2018-10-01T22:44Z 225 11 21 77 0 10 35 10014
2018-10-01T22:49Z 225 6 21 77 0 10 35 10013
2018-10-01T22:54Z 135 6 15 77 0 10 35 10015
2018-10-01T22:59Z 45 3 12 77 0 10 35 10016
2018-10-01T23:04Z 135 4 9 77 0 10 35 10017
2018-10-01T23:10Z 90 4 12 78 0 10 35 10018
2018-10-01T23:15Z 90 4 12 78 1 11 35 10020
2018-10-01T23:20Z 90 3 11 78 1 11 35 10021
2018-10-01T23:25Z 90 4 9 78 1 11 35 10019
2018-10-01T23:30Z 45 3 7 78 1 11 35 10018
2018-10-01T23:35Z 180 2 9 78 1 11 35 10019
2018-10-01T23:40Z 180 1 9 79 1 11 34 10019
2018-10-01T23:45Z 45 1 5 80 1 11 34 10020
2018-10-01T23:50Z 45 1 8 80 1 11 35 10021
2018-10-01T23:55Z 180 0 8 80 1 11 35 10022
2018-10-02T00:00Z 45 0 6 81 1 11 35 10023
2018-10-02T00:05Z 90 1 6 81 1 11 35 10024
2018-10-02T00:10Z 45 0 6 82 1 11 35 10024
2018-10-02T00:16Z 180 0 6 82 0 11 37 10025
2018-10-02T00:21Z 180 0 6 82 0 11 37 10026
2018-10-02T00:26Z 225 0 6 82 0 11 36 10027
2018-10-02T00:31Z 225 0 6 81 0 11 37 10028
2018-10-02T00:36Z 45 0 6 81 0 11 36 10030
2018-10-02T00:41Z 45 0 4 81 0 11 36 10030
2018-10-02T00:46Z 45 0 3 82 0 11 36 10031
2018-10-02T00:51Z 180 0 2 82 0 11 37 10031
2018-10-02T00:59Z 135 0 4 82 0 11 37 10033
2018-10-02T01:04Z 135 0 2 82 0 11 39 10034
2018-10-02T01:09Z 45 0 2 83 0 11 39 10035
2018-10-02T01:14Z 45 2 4 83 0 11 40 10036
2018-10-02T01:19Z 90 0 4 83 0 11 39 10035
2018-10-02T01:24Z 180 1 4 83 0 11 40 10036
2018-10-02T01:30Z 225 0 4 84 0 11 41 10035
2018-10-02T01:35Z 45 0 4 85 0 11 44 10036
2018-10-02T01:43Z 180 0 4 88 0 11 55 10035
2018-10-02T01:48Z 225 0 4 89 0 11 57 10036
2018-10-02T01:53Z 180 1 4 89 0 11 59 10036
2018-10-02T01:58Z 225 1 6 90 0 11 60 10035
2018-10-02T02:03Z 90 2 7 90 0 11 60 10035
2018-10-02T02:08Z 45 3 9 91 0 11 60 10036
2018-10-02T02:13Z 180 1 9 91 0 11 60 10035
2018-10-02T02:18Z 225 1 9 92 0 11 59 10036
2018-10-02T02:23Z 45 1 9 94 0 11 58 10037
2018-10-02T02:28Z 90 0 8 95 0 11 57 10037
2018-10-02T02:33Z 90 1 8 96 0 11 54 10036
2018-10-02T02:38Z 45 0 8 99 0 11 52 10036
2018-10-02T02:43Z 180 2 8 101 0 11 47 10037
2018-10-02T02:49Z 45 0 8 104 0 11 43 10034
2018-10-02T02:54Z 45 0 6 107 0 11 41 10034
2018-10-02T02:59Z 135 3 7 107 0 11 39 10034
2018-10-02T03:04Z 45 2 7 105 0 11 41 10032
2018-10-02T03:09Z 225 6 9 102 0 11 43 10033
2018-10-02T03:14Z 225 4 10 100 0 11 47 10033
2018-10-02T03:19Z 225 4 12 97 0 11 51 10031
2018-10-02T03:24Z 45 0 12 98 0 11 51 10032
2018-10-02T03:29Z 45 4 11 100 0 11 47 10031
2018-10-02T03:34Z 45 0 11 103 0 11 45 10031
2018-10-02T03:39Z 225 2 7 105 0 11 42 10030
2018-10-02T03:44Z 45 0 7 108 0 11 40 10029
2018-10-02T03:50Z 45 3 13 109 0 11 36 10028
2018-10-02T03:55Z 90 5 15 108 0 11 38 10027
2018-10-02T04:00Z 45 3 15 110 0 11 36 10027
2018-10-02T04:05Z 45 2 11 112 0 11 34 10025
2018-10-02T04:10Z 45 1 12 111 0 11 34 10025
2018-10-02T04:15Z 180 5 12 111 0 11 34 10024
2018-10-02T04:20Z 180 1 12 112 0 11 33 10024
2018-10-02T04:25Z 45 1 9 115 0 11 31 10023
2018-10-02T04:30Z 45 5 14 117 0 11 29 10022
2018-10-02T04:35Z 45 4 14 115 0 11 30 10020
2018-10-02T04:40Z 45 0 18 114 0 11 31 10020
2018-10-02T04:45Z 45 0 18 117 0 11 30 10020
2018-10-02T04:50Z 45 2 9 119 0 11 28 10020
2018-10-02T04:56Z 45 1 9 119 0 11 27 10019
2018-10-02T05:01Z 45 3 9 116 0 11 29 10017
2018-10-02T05:06Z 135 3 13 112 0 11 32 10014
2018-10-02T05:11Z 225 1 13 108 0 11 35 10013
2018-10-02T05:16Z 45 0 13 111 0 11 33 10013
2018-10-02T05:21Z 135 0 7 113 0 11 31 10014
2018-10-02T05:26Z 45 0 7 116 0 11 30 10013
2018-10-02T05:31Z 45 1 8 117 0 11 29 10012
2018-10-02T05:36Z 45 1 9 118 0 11 28 10011
2018-10-02T05:41Z 45 0 9 120 0 11 27 10010
2018-10-02T05:46Z 45 1 13 119 0 11 27 10008
2018-10-02T05:51Z 45 4 13 117 0 11 29 10009
2018-10-02T05:57Z 45 3 12 114 0 11 31 10009
2018-10-02T06:02Z 45 0 9 112 0 11 32 10006
2018-10-02T06:07Z 45 0 9 109 0 11 34 10007
2018-10-02T06:12Z 45 0 9 107 0 11 36 10006
2018-10-02T06:17Z 135 2 9 106 0 11 39 10005
2018-10-02T06:22Z 45 1 9 104 0 11 40 10003
2018-10-02T06:27Z 180 0 9 105 0 11 40 10002
2018-10-02T06:32Z 45 6 17 107 0 11 39 10000
2018-10-02T06:37Z 45 5 17 108 0 11 38 9999
2018-10-02T06:42Z 45 4 16 108 0 11 38 9996
2018-10-02T06:47Z 45 4 16 108 0 11 38 9995
2018-10-02T06:52Z 45 3 12 108 0 11 37 9996
2018-10-02T06:57Z 45 2 13 109 0 11 37 9996
2018-10-02T07:03Z 45 4 13 109 0 11 36 9994
2018-10-02T07:08Z 45 3 13 107 0 11 38 9992
2018-10-02T07:13Z 45 7 26 106 0 11 41 9992
2018-10-02T07:18Z 45 9 27 103 0 11 44 9993
2018-10-02T07:23Z 45 12 27 100 0 11 48 9992
2018-10-02T07:28Z 45 6 25 99 0 11 49 9992
2018-10-02T07:33Z 45 7 22 98 0 11 51 9991
2018-10-02T07:38Z 45 7 28 97 0 10 53 9989
2018-10-02T07:43Z 45 8 28 95 0 9 55 9988
2018-10-02T07:48Z 45 6 22 95 0 5 56 9987
2018-10-02T07:53Z 45 7 22 95 0 3 55 9989
2018-10-02T07:58Z 45 6 18 96 0 2 54 9987
2018-10-02T08:04Z 45 9 22 97 0 2 52 9986
2018-10-02T08:11Z 45 6 22 98 0 2 49 9988
2018-10-02T08:17Z 45 4 19 99 0 2 48 9991
2018-10-02T08:22Z 90 2 13 101 0 2 47 9987
2018-10-02T08:27Z 45 6 16 102 0 2 46 9988
2018-10-02T08:32Z 45 4 16 102 0 2 45 9989
2018-10-02T08:37Z 45 7 20 102 0 2 45 9990
2018-10-02T08:42Z 45 8 20 100 0 2 47 9990
2018-10-02T08:47Z 45 5 17 98 0 2 50 9992
2018-10-02T08:52Z 45 9 18 96 0 2 52 9994
2018-10-02T08:57Z 90 4 18 94 0 2 55 9994
2018-10-02T09:02Z 45 4 19 92 0 2 57 9996
2018-10-02T09:07Z 45 9 21 91 0 2 59 9996
2018-10-02T09:12Z 135 7 21 90 0 2 61 9995
2018-10-02T09:17Z 45 6 15 89 0 2 62 9997
2018-10-02T09:23Z 45 16 31 89 0 2 63 10002
2018-10-02T09:28Z 45 30 54 86 0 2 64 10000
2018-10-02T09:33Z 45 23 54 83 0 2 62 10001
2018-10-02T09:38Z 45 18 53 81 0 2 54 10000
2018-10-02T09:43Z 45 15 53 80 0 2 46 10001
2018-10-02T09:48Z 45 14 37 79 0 2 40 9999
2018-10-02T09:53Z 180 14 29 78 0 2 38 10001
2018-10-02T09:58Z 45 8 26 78 0 2 37 9999
2018-10-02T10:03Z 180 7 22 78 0 2 37 9998
2018-10-02T10:08Z 45 5 18 78 0 2 37 9999
2018-10-02T10:13Z 45 6 15 78 0 2 37 10000
2018-10-02T10:18Z 45 5 15 78 0 2 36 10004
2018-10-02T10:24Z 45 6 14 78 1 3 35 10003
2018-10-02T10:29Z 90 6 17 78 1 3 35 10002
2018-10-02T10:34Z 45 3 17 78 1 3 36 10004
2018-10-02T10:39Z 45 2 15 78 1 3 36 10004
2018-10-02T10:44Z 45 2 14 78 1 3 36 10005
2018-10-02T10:49Z 90 0 7 77 1 3 36 10006
2018-10-02T10:54Z 45 1 6 77 1 3 36 10009
2018-10-02T10:59Z 225 0 6 78 1 3 35 10010
2018-10-02T11:04Z 45 0 6 77 1 3 35 10010
2018-10-02T11:09Z 90 0 5 77 2 5 35 10012
2018-10-02T11:14Z 45 0 6 77 2 5 35 10011
2018-10-02T11:19Z 45 0 6 77 2 6 35 10010
2018-10-02T11:24Z 45 0 3 77 2 6 35 10009
2018-10-02T11:30Z 45 0 3 77 2 6 35 10011
2018-10-02T11:35Z 180 0 3 77 2 6 35 10012
2018-10-02T11:40Z 45 0 3 77 2 6 35 10013
2018-10-02T11:45Z 135 0 3 77 2 6 35 10014
2018-10-02T11:50Z 0 0 2 77 2 6 35 10016
2018-10-02T11:55Z 45 1 6 77 2 6 35 10019
2018-10-02T12:05Z 45 3 10 78 1 6 35 10021
2018-10-02T12:10Z 45 5 13 77 2 7 35 10022
2018-10-02T12:15Z 45 4 13 77 2 7 35 10022
2018-10-02T12:20Z 45 3 15 77 1 7 35 10023
2018-10-02T12:25Z 45 6 18 77 1 7 35 10022
2018-10-02T12:30Z 45 5 18 77 1 7 35 10024
2018-10-02T12:35Z 45 6 18 77 1 7 35 10024
2018-10-02T12:40Z 45 6 18 77 1 7 35 10025
2018-10-02T12:46Z 45 6 15 77 1 7 35 10026
2018-10-02T12:51Z 135 6 15 77 1 7 35 10025
2018-10-02T12:56Z 45 8 16 77 1 7 35 10026
2018-10-02T13:01Z 45 9 16 77 1 7 35 10026
2018-10-02T13:06Z 90 9 15 77 1 7 35 10026
2018-10-02T13:11Z 225 6 15 77 0 7 35 10025
2018-10-02T13:16Z 225 8 15 77 0 7 35 10027
2018-10-02T13:21Z 225 9 18 77 0 7 35 10026
2018-10-02T13:26Z 180 4 18 77 0 7 35 10027
2018-10-02T13:31Z 45 6 15 77 0 7 36 10026
2018-10-02T13:36Z 135 5 15 76 0 7 36 10026
2018-10-02T13:41Z 45 4 15 76 0 7 36 10025
2018-10-02T13:47Z 135 6 15 76 0 7 36 10024
2018-10-02T13:52Z 225 4 10 76 0 7 36 10023
2018-10-02T13:57Z 225 6 10 76 0 7 36 10022
2018-10-02T14:02Z 225 3 10 76 0 7 36 10022
2018-10-02T14:07Z 225 4 9 76 0 7 36 10023
2018-10-02T14:12Z 225 3 9 76 0 7 36 10024
2018-10-02T14:17Z 180 3 6 76 1 9 36 10025
2018-10-02T14:22Z 90 3 6 76 1 9 36 10028
2018-10-02T14:27Z 90 3 8 76 1 9 36 10029
2018-10-02T14:32Z 45 3 9 76 1 9 36 10029
2018-10-02T14:37Z 225 3 9 76 1 9 36 10029
2018-10-02T14:42Z 225 4 9 76 1 9 36 10029
2018-10-02T14:47Z 225 5 9 76 1 9 36 10030
2018-10-02T14:53Z 225 3 9 76 2 10 36 10031
2018-10-02T14:58Z 225 5 9 76 2 10 36 10031
2018-10-02T15:03Z 225 3 9 76 2 10 36 10030
2018-10-02T15:08Z 225 3 6 76 2 10 36 10031
2018-10-02T15:13Z 225 0 6 76 2 11 36 10031
2018-10-02T15:18Z 270 0 6 76 2 11 36 10031
2018-10-02T15:23Z 270 0 0 76 2 11 36 10031
2018-10-02T15:28Z 270 0 3 76 2 11 36 10031
2018-10-02T15:33Z 270 0 3 76 2 11 36 10033
2018-10-02T15:41Z 270 0 0 76 2 11 36 10034
2018-10-02T15:46Z 270 0 2 76 2 11 36 10034
2018-10-02T15:51Z 90 1 4 76 1 11 36 10035
2018-10-02T15:56Z 180 0 4 76 1 11 36 10033
2018-10-02T16:01Z 135 0 3 76 1 11 36 10035
2018-10-02T16:07Z 315 0 3 76 1 11 36 10033
2018-10-02T16:12Z 45 0 3 76 0 11 36 10031
2018-10-02T16:17Z 45 0 3 76 0 11 36 10031
2018-10-02T16:22Z 45 1 4 76 0 11 36 10031
2018-10-02T16:27Z 45 0 6 76 1 13 36 10031
2018-10-02T16:32Z 45 0 6 76 1 13 36 10030
2018-10-02T16:37Z 45 2 4 76 1 13 36 10030
2018-10-02T16:42Z 45 1 5 76 1 13 36 10028
2018-10-02T16:47Z 45 0 4 76 1 13 36 10026
2018-10-02T16:52Z 45 1 4 76 1 13 36 10025
2018-10-02T16:57Z 45 2 4 76 1 13 36 10025
2018-10-02T17:02Z 45 0 4 76 1 13 36 10025
2018-10-02T17:07Z 180 0 3 76 1 13 36 10023
2018-10-02T17:12Z 180 0 3 76 1 13 36 10023
2018-10-02T17:17Z 225 0 2 76 1 13 36 10024
2018-10-02T17:22Z 45 0 2 76 1 13 36 10023
2018-10-02T17:28Z 135 0 2 76 0 13 36 10021
2018-10-02T17:33Z 225 1 2 76 1 14 36 10020
2018-10-02T17:38Z 225 2 5 76 1 14 36 10019
2018-10-02T17:43Z 225 3 6 76 1 14 37 10019
2018-10-02T17:48Z 225 4 9 76 1 14 37 10019
2018-10-02T17:53Z 225 6 9 76 1 14 37 10019
2018-10-02T17:58Z 225 6 11 76 1 14 37 10018
2018-10-02T18:06Z 225 2 11 76 1 14 37 10018
2018-10-02T18:11Z 225 4 10 76 1 14 37 10016
2018-10-02T18:16Z 225 4 10 76 1 14 37 10016
2018-10-02T18:21Z 225 4 9 76 1 14 37 10014
2018-10-02T18:26Z 225 6 11 76 1 14 37 10014
2018-10-02T18:31Z 225 5 11 76 0 14 37 10014
2018-10-02T18:36Z 180 3 10 76 0 14 37 10014
2018-10-02T18:42Z 90 1 10 76 0 14 37 10015
2018-10-02T18:47Z 180 1 6 76 0 14 37 10015
2018-10-02T18:52Z 180 2 6 76 0 14 37 10014
2018-10-02T18:57Z 135 0 6 76 0 14 37 10013
2018-10-02T19:02Z 225 3 6 76 0 14 37 10012
2018-10-02T19:07Z 225 3 6 76 0 14 37 10012
2018-10-02T19:12Z 225 6 9 76 0 14 37 10011
2018-10-02T19:17Z 225 4 9 76 0 14 37 10011
2018-10-02T19:22Z 225 3 9 76 0 14 37 10012
2018-10-02T19:27Z 225 2 9 76 0 14 37 10011
2018-10-02T19:32Z 45 1 5 76 0 14 37 10012
2018-10-02T19:37Z 135 1 5 76 0 14 37 10011
2018-10-02T19:42Z 45 2 5 76 0 14 37 10011
2018-10-02T19:48Z 135 2 6 76 0 14 37 10011
2018-10-02T19:53Z 135 3 6 76 0 14 37 10010
2018-10-02T19:58Z 45 1 6 76 0 14 37 10009
2018-10-02T20:03Z 45 1 5 75 0 14 37 10010
2018-10-02T20:08Z 90 2 5 76 0 14 37 10010
2018-10-02T20:13Z 45 1 5 76 0 14 37 10010
2018-10-02T20:18Z 45 2 6 76 0 14 37 10011
2018-10-02T20:23Z 45 2 6 76 0 14 37 10012
2018-10-02T20:28Z 45 3 9 76 0 14 37 10011
2018-10-02T20:36Z 45 2 9 76 0 14 37 10012
2018-10-02T20:41Z 45 2 6 75 0 14 37 10010
2018-10-02T20:46Z 90 1 4 75 0 14 37 10011
2018-10-02T20:51Z 135 1 5 75 0 14 37 10012
2018-10-02T20:56Z 45 1 7 75 0 14 37 10013
2018-10-02T21:02Z 45 0 7 75 0 14 37 10012
2018-10-02T21:07Z 45 0 6 75 0 14 37 10013
2018-10-02T21:12Z 45 1 6 75 0 14 37 10013
2018-10-02T21:17Z 45 2 9 76 0 14 37 10013
2018-10-02T21:22Z 45 2 9 76 0 14 37 10012
2018-10-02T21:27Z 45 3 6 76 0 13 37 10014
2018-10-02T21:32Z 45 3 6 76 0 13 37 10014
2018-10-02T21:37Z 45 3 9 76 0 13 37 10014
2018-10-02T21:42Z 45 3 9 76 0 13 37 10014
2018-10-02T21:47Z 90 3 9 76 0 13 37 10014
2018-10-02T21:52Z 45 4 9 76 0 13 37 10015
2018-10-02T21:57Z 45 2 9 76 0 13 37 10015
2018-10-02T22:02Z 45 3 9 76 1 14 37 10016
2018-10-02T22:08Z 45 4 9 76 1 14 37 10016
2018-10-02T22:13Z 45 3 9 76 1 14 37 10018
2018-10-02T22:18Z 45 3 9 76 1 14 37 10018
2018-10-02T22:23Z 45 0 6 76 1 14 37 10019
2018-10-02T22:28Z 45 0 5 76 1 14 37 10020
2018-10-02T22:33Z 45 0 3 76 1 14 37 10021
2018-10-02T22:38Z 45 0 6 76 1 14 37 10021
2018-10-02T22:43Z 45 0 6 76 1 14 37 10022
2018-10-02T22:48Z 45 1 6 76 1 14 37 10023
2018-10-02T22:53Z 45 1 6 76 1 14 37 10023
2018-10-02T22:58Z 45 1 5 76 1 14 37 10023
2018-10-02T23:03Z 45 2 5 76 0 14 37 10023
2018-10-02T23:09Z 45 2 6 76 0 14 37 10024
2018-10-02T23:14Z 45 3 6 76 0 13 37 10025
2018-10-02T23:19Z 45 2 6 76 0 13 37 10025
2018-10-02T23:24Z 45 2 9 76 0 13 37 10026
2018-10-02T23:29Z 45 1 9 76 0 13 37 10027
2018-10-02T23:34Z 45 1 6 76 0 13 37 10027
2018-10-02T23:39Z 45 1 6 76 0 13 37 10026
2018-10-02T23:44Z 45 1 6 76 0 13 37 10025
2018-10-02T23:49Z 45 1 6 76 0 13 37 10027
2018-10-02T23:54Z 45 1 5 77 0 13 37 10027
2018-10-02T23:59Z 45 1 5 77 0 13 36 10027
2018-10-03T00:04Z 45 2 9 77 0 13 36 10026
2018-10-03T00:09Z 45 3 9 77 0 13 36 10025
2018-10-03T00:15Z 45 3 8 77 0 13 36 10026
2018-10-03T00:20Z 45 2 6 78 0 13 36 10027
2018-10-03T00:25Z 45 2 7 78 0 13 36 10027
2018-10-03T00:30Z 45 1 7 78 0 13 36 10027
2018-10-03T00:35Z 45 1 7 78 0 13 36 10028
2018-10-03T00:40Z 45 0 7 79 0 13 36 10029
2018-10-03T00:45Z 45 0 8 79 0 13 36 10031
2018-10-03T00:50Z 45 1 8 80 0 13 37 10031
2018-10-03T00:55Z 45 0 5 80 0 13 37 10032
2018-10-03T01:00Z 45 0 5 81 0 13 37 10033
2018-10-03T01:05Z 45 0 5 82 0 13 37 10033
2018-10-03T01:10Z 45 0 6 82 0 13 42 10033
2018-10-03T01:16Z 45 3 6 83 0 13 45 10031
2018-10-03T01:21Z 45 0 6 84 0 13 46 10033
2018-10-03T01:26Z 45 0 6 85 0 13 50 10034
2018-10-03T01:31Z 45 0 5 85 0 13 54 10035
2018-10-03T01:36Z 45 2 6 86 0 13 53 10035
2018-10-03T01:41Z 45 2 6 86 0 13 56 10036
2018-10-03T01:46Z 45 0 8 87 0 13 58 10036
2018-10-03T01:51Z 45 0 9 88 0 13 60 10035
2018-10-03T01:56Z 45 0 9 88 0 13 60 10035
2018-10-03T02:01Z 45 0 3 94 0 13 60 10035
2018-10-03T02:06Z 45 1 6 95 0 13 56 10035
2018-10-03T02:11Z 180 0 6 97 0 13 54 10035
2018-10-03T02:16Z 45 0 5 97 0 13 52 10035
2018-10-03T02:22Z 45 0 5 98 0 13 51 10035
2018-10-03T02:27Z 45 0 3 99 0 13 51 10035
2018-10-03T02:32Z 90 0 4 99 0 13 48 10035
2018-10-03T02:37Z 45 0 4 101 0 13 47 10035
2018-10-03T02:42Z 90 0 4 103 0 13 45 10033
2018-10-03T02:47Z 270 0 3 106 0 13 41 10033
2018-10-03T02:52Z 45 0 3 109 0 13 39 10031
2018-10-03T02:57Z 45 0 6 110 0 13 36 10033
2018-10-03T03:02Z 45 0 6 112 0 13 35 10033
2018-10-03T03:07Z 90 0 5 112 0 13 34 10032
2018-10-03T03:12Z 45 0 5 113 0 13 34 10032
2018-10-03T03:17Z 45 0 9 115 0 13 33 10030
2018-10-03T03:23Z 45 2 9 117 0 13 30 10031
2018-10-03T03:28Z 45 2 9 119 0 13 29 10028
2018-10-03T03:33Z 45 3 8 119 0 13 29 10027
2018-10-03T03:38Z 45 1 8 119 0 13 29 10027
2018-10-03T03:43Z 45 5 10 114 0 13 31 10026
2018-10-03T03:48Z 45 3 12 110 0 13 36 10025
2018-10-03T03:53Z 45 0 12 106 0 13 39 10025
2018-10-03T03:58Z 45 0 12 104 0 13 41 10023
2018-10-03T04:03Z 45 0 9 102 0 13 43 10024
2018-10-03T04:08Z 45 3 9 101 0 13 45 10022
2018-10-03T04:13Z 135 0 9 100 0 13 46 10020
2018-10-03T04:18Z 90 0 4 99 0 13 47 10020
2018-10-03T04:23Z 270 0 4 99 0 13 48 10017
2018-10-03T04:29Z 45 0 9 102 0 13 44 10018
2018-10-03T04:34Z 45 0 9 104 0 13 42 10015
2018-10-03T04:39Z 225 1 9 106 0 13 39 10017
2018-10-03T04:44Z 180 1 8 107 0 13 37 10015
2018-10-03T04:49Z 90 3 12 106 0 13 37 10015
2018-10-03T04:54Z 45 3 14 106 0 13 36 10015
2018-10-03T04:59Z 45 3 14 107 0 13 36 10014
2018-10-03T05:04Z 45 1 12 109 0 13 34 10013
2018-10-03T05:09Z 45 6 15 111 0 13 31 10011
2018-10-03T05:14Z 45 6 15 111 0 13 31 10011
2018-10-03T05:19Z 45 3 14 112 0 13 31 10008
2018-10-03T05:24Z 45 3 11 111 0 13 31 10008
2018-10-03T05:30Z 45 2 11 113 0 13 31 10008
2018-10-03T05:35Z 90 0 7 115 0 13 29 10007
2018-10-03T05:40Z 45 1 6 117 0 13 27 10006
2018-10-03T05:45Z 90 0 4 118 0 13 27 10005
2018-10-03T05:50Z 45 2 5 118 0 13 26 10004
2018-10-03T05:55Z 45 3 9 115 0 13 28 10002
2018-10-03T06:00Z 45 3 9 113 0 13 29 10001
2018-10-03T06:05Z 45 3 9 115 0 13 29 10001
2018-10-03T06:10Z 135 4 11 114 0 13 28 10001
2018-10-03T06:15Z 45 3 11 114 0 13 29 9999
2018-10-03T06:20Z 45 3 11 115 0 13 28 9999
2018-10-03T06:28Z 45 4 17 115 0 13 28 9998
2018-10-03T06:33Z 45 2 17 115 0 13 28 9996
2018-10-03T06:38Z 45 5 18 113 0 13 29 9994
2018-10-03T06:43Z 45 13 18 112 0 13 30 9995
2018-10-03T06:49Z 45 3 22 110 0 13 32 9996
2018-10-03T06:54Z 45 7 21 112 0 13 31 9994
2018-10-03T06:59Z 45 6 14 111 0 13 31 9994
2018-10-03T07:04Z 45 8 22 110 0 13 31 9992
2018-10-03T07:09Z 45 5 22 110 0 13 31 9992
2018-10-03T07:14Z 45 9 16 109 0 13 31 9993
2018-10-03T07:19Z 45 6 18 109 0 13 30 9992
2018-10-03T07:24Z 45 5 18 108 0 13 31 9991
2018-10-03T07:29Z 45 5 13 109 0 13 31 9990
2018-10-03T07:34Z 45 3 13 110 0 13 31 9990
2018-10-03T07:39Z 45 10 20 111 0 13 30 9989
2018-10-03T07:44Z 45 7 20 109 0 13 32 9989
2018-10-03T07:50Z 45 5 18 108 0 13 33 9986
2018-10-03T07:55Z 45 3 18 106 0 13 35 9987
2018-10-03T08:00Z 45 3 11 106 0 13 35 9987
2018-10-03T08:05Z 45 3 13 105 0 13 36 9988
2018-10-03T08:10Z 45 4 13 105 0 13 37 9988
2018-10-03T08:15Z 45 0 11 105 0 13 36 9989
2018-10-03T08:20Z 45 3 11 106 0 13 35 9990
2018-10-03T08:25Z 45 3 8 106 0 13 34 9990
2018-10-03T08:30Z 45 1 9 106 0 13 34 9990
2018-10-03T08:35Z 45 3 9 107 0 13 34 9989
2018-10-03T08:40Z 45 3 12 106 0 13 35 9989
2018-10-03T08:45Z 45 0 12 104 0 13 37 9988
2018-10-03T08:50Z 45 1 9 103 0 13 38 9988
2018-10-03T08:56Z 180 3 6 101 0 13 40 9989
2018-10-03T09:01Z 45 0 7 99 0 13 42 9989
2018-10-03T09:06Z 45 0 8 99 0 13 44 9988
2018-10-03T09:11Z 180 1 8 98 0 13 44 9990
2018-10-03T09:16Z 45 5 9 98 0 13 45 9990
2018-10-03T09:21Z 45 1 11 97 0 13 46 9992
2018-10-03T09:26Z 225 3 11 97 0 13 49 9992
2018-10-03T09:31Z 225 3 11 97 0 13 49 9992
2018-10-03T09:36Z 270 4 13 95 0 13 52 9990
2018-10-03T09:41Z 225 7 13 94 0 13 53 9992
2018-10-03T09:46Z 225 6 12 93 0 13 55 9993
2018-10-03T09:51Z 225 6 12 93 0 13 55 9993
2018-10-03T09:56Z 225 1 24 92 0 13 57 9993
2018-10-03T10:01Z 225 3 9 92 0 13 58 9992
2018-10-03T10:06Z 225 6 13 91 1 14 58 9990
2018-10-03T10:12Z 225 6 13 91 1 14 58 9990
2018-10-03T10:17Z 45 0 9 91 1 13 60 9994
2018-10-03T10:22Z 90 1 13 91 1 13 61 9994
2018-10-03T10:27Z 45 6 18 90 1 13 62 9993
2018-10-03T10:32Z 180 9 18 89 1 13 62 9993
2018-10-03T10:40Z 90 0 14 88 1 13 63 9996
2018-10-03T10:45Z 45 3 9 87 1 13 63 9998
2018-10-03T10:50Z 45 4 18 87 1 13 64 10001
2018-10-03T10:55Z 45 9 22 87 1 13 64 10002
2018-10-03T11:00Z 45 5 28 86 1 11 65 10003
2018-10-03T11:05Z 45 11 28 85 1 11 65 10003
2018-10-03T11:13Z 45 0 23 84 0 11 61 10004
2018-10-03T11:18Z 135 0 9 83 0 10 58 10006
2018-10-03T11:23Z 45 5 14 83 0 10 58 10008
2018-10-03T11:28Z 45 2 14 82 0 10 56 10008
2018-10-03T11:33Z 45 0 12 82 0 10 53 10008
2018-10-03T11:39Z 45 3 13 81 0 10 52 10011
2018-10-03T11:44Z 45 2 13 81 0 10 49 10014
2018-10-03T11:49Z 45 14 29 80 0 10 48 10015
2018-10-03T11:54Z 135 18 36 80 0 10 50 10016
2018-10-03T11:59Z 90 14 36 80 0 10 51 10016
2018-10-03T12:04Z 45 13 46 80 0 9 55 10017
2018-10-03T12:09Z 45 11 46 80 0 9 57 10018
2018-10-03T12:14Z 45 11 28 80 0 9 52 10020
2018-10-03T12:19Z 45 6 26 79 3 13 44 10021
2018-10-03T12:24Z 45 8 23 78 6 15 39 10023
2018-10-03T12:29Z 135 9 19 77 10 19 37 10024
2018-10-03T12:34Z 45 8 19 77 11 20 37 10027
2018-10-03T12:39Z 45 6 19 76 15 24 36 10026
2018-10-03T12:45Z 45 6 17 76 16 26 36 10026
2018-10-03T12:50Z 45 3 17 76 16 26 36 10026
2018-10-03T12:55Z 45 3 12 76 18 27 36 10026
2018-10-03T13:00Z 45 3 11 76 18 27 36 10028
2018-10-03T13:05Z 45 3 13 76 18 27 36 10029
2018-10-03T13:10Z 45 1 13 76 18 27 36 10031
2018-10-03T13:15Z 45 1 9 76 18 27 36 10030
2018-10-03T13:20Z 45 2 13 76 14 27 36 10032
2018-10-03T13:25Z 45 0 13 76 10 27 36 10034
2018-10-03T13:30Z 45 0 9 76 9 28 36 10036
2018-10-03T13:35Z 180 0 9 76 7 29 36 10036
2018-10-03T13:40Z 45 0 3 76 6 31 36 10036
2018-10-03T13:46Z 225 0 3 76 6 32 36 10038
2018-10-03T13:51Z 180 0 4 76 6 32 36 10039
2018-10-03T13:56Z 225 0 5 76 5 32 36 10041
2018-10-03T14:01Z 180 2 6 76 6 33 36 10041
2018-10-03T14:06Z 180 0 6 76 7 35 36 10041
2018-10-03T14:11Z 45 0 5 76 9 35 36 10040
2018-10-03T14:16Z 180 0 3 76 9 35 36 10039
2018-10-03T14:21Z 90 0 3 76 11 37 36 10038
2018-10-03T14:26Z 45 0 2 76 11 37 36 10038
2018-10-03T14:31Z 45 0 3 76 11 39 36 10035
2018-10-03T14:36Z 45 0 3 76 11 40 36 10035
2018-10-03T14:41Z 45 0 3 76 11 41 36 10035
2018-10-03T14:46Z 45 0 3 76 11 41 36 10035
2018-10-03T14:52Z 45 0 3 76 13 42 36 10035
2018-10-03T14:57Z 45 0 5 76 14 44 36 10035
2018-10-03T15:02Z 45 0 5 76 14 45 36 10035
2018-10-03T15:07Z 45 1 5 76 13 44 36 10035
2018-10-03T15:12Z 90 0 5 76 13 45 36 10034
2018-10-03T15:17Z 45 0 4 76 11 45 36 10033
2018-10-03T15:22Z 45 1 6 76 11 46 36 10033
2018-10-03T15:27Z 225 0 6 76 11 46 36 10031
2018-10-03T15:32Z 45 0 4 76 10 46 36 10031
2018-10-03T15:37Z 45 0 4 76 9 46 36 10030
2018-10-03T15:42Z 45 0 2 76 9 48 36 10028
2018-10-03T15:47Z 45 0 3 76 7 48 36 10029
2018-10-03T15:53Z 45 0 3 76 6 48 36 10028
2018-10-03T15:58Z 45 0 2 76 5 48 36 10028
2018-10-03T16:03Z 45 0 3 76 3 48 36 10026
2018-10-03T16:08Z 45 0 4 76 3 48 37 10026
2018-10-03T16:13Z 45 0 4 76 2 48 37 10025
2018-10-03T16:18Z 45 0 5 76 2 48 37 10026
2018-10-03T16:23Z 180 0 5 76 1 46 37 10026
2018-10-03T16:28Z 225 1 4 76 1 46 37 10025
2018-10-03T16:33Z 180 1 4 76 1 46 37 10025
2018-10-03T16:38Z 45 0 4 76 1 46 37 10024
2018-10-03T16:43Z 225 1 5 76 0 46 37 10024
2018-10-03T16:48Z 45 1 5 76 0 46 37 10022
2018-10-03T16:53Z 225 2 4 76 0 46 37 10022
2018-10-03T16:59Z 225 1 5 76 0 46 36 10021
2018-10-03T17:04Z 45 0 5 76 0 46 36 10020
2018-10-03T17:09Z 225 0 3 76 0 46 36 10020
2018-10-03T17:14Z 225 0 3 76 0 46 36 10020
2018-10-03T17:19Z 225 0 3 76 1 48 36 10021
2018-10-03T17:24Z 225 0 3 76 1 48 36 10020
2018-10-03T17:29Z 225 0 3 76 1 46 36 10020
2018-10-03T17:36Z 225 0 2 76 1 46 36 10018
2018-10-03T17:41Z 270 0 2 76 1 46 36 10016
2018-10-03T17:46Z 225 0 2 76 1 46 36 10015
2018-10-03T17:51Z 225 0 2 76 1 46 36 10015
2018-10-03T17:56Z 270 0 0 76 1 46 36 10014
2018-10-03T18:01Z 270 0 0 76 1 46 36 10014
2018-10-03T18:06Z 270 0 0 76 1 46 36 10014
2018-10-03T18:11Z 270 0 0 76 1 46 36 10013
2018-10-03T18:17Z 225 0 0 76 1 46 36 10012
2018-10-03T18:22Z 270 0 0 76 0 46 36 10011
2018-10-03T18:27Z 225 0 0 76 0 46 36 10011
2018-10-03T18:32Z 45 0 0 76 0 46 36 10010
2018-10-03T18:37Z 45 0 2 76 0 46 36 10010
2018-10-03T18:42Z 45 0 2 76 0 46 36 10010
2018-10-03T18:47Z 45 1 3 76 0 46 36 10010
2018-10-03T18:52Z 45 3 8 76 0 46 36 10009
2018-10-03T18:57Z 45 3 8 76 0 46 36 10010
2018-10-03T19:02Z 45 3 6 76 0 46 36 10011
2018-10-03T19:07Z 45 3 6 76 0 46 36 10008
2018-10-03T19:12Z 45 2 6 76 0 46 36 10008
2018-10-03T19:17Z 45 3 7 76 0 46 37 10008
2018-10-03T19:23Z 45 1 7 76 0 46 37 10008
2018-10-03T19:28Z 45 0 6 76 0 46 37 10007
2018-10-03T19:33Z 45 2 6 76 0 46 37 10008
2018-10-03T19:38Z 45 2 8 76 0 46 37 10008
2018-10-03T19:43Z 45 4 11 76 0 46 37 10007
2018-10-03T19:48Z 45 2 11 76 0 46 37 10007
2018-10-03T19:53Z 45 1 9 76 0 46 37 10008
2018-10-03T19:58Z 45 0 9 76 0 46 37 10006
2018-10-03T20:03Z 45 2 8 76 0 46 37 10008
2018-10-03T20:08Z 45 4 10 76 0 46 37 10006
2018-10-03T20:13Z 45 2 10 76 0 46 37 10008
2018-10-03T20:18Z 45 0 6 76 0 46 37 10008
2018-10-03T20:24Z 45 0 6 76 0 46 37 10008
2018-10-03T20:29Z 45 0 4 76 0 46 37 10007
2018-10-03T20:34Z 45 0 3 76 0 46 37 10008
2018-10-03T20:39Z 45 1 4 76 0 46 37 10006
2018-10-03T20:44Z 45 0 4 76 0 46 37 10007
2018-10-03T20:49Z 45 0 4 76 0 46 37 10008
2018-10-03T20:54Z 45 0 5 76 0 46 37 10009
2018-10-03T20:59Z 45 1 5 76 0 46 37 10008
2018-10-03T21:04Z 45 2 5 76 0 46 37 10008
2018-10-03T21:09Z 45 1 6 76 0 46 37 10008
2018-10-03T21:14Z 45 0 6 76 0 46 37 10009
2018-10-03T21:19Z 45 0 6 76 0 46 37 10010
2018-10-03T21:24Z 45 0 4 76 0 46 37 10009
2018-10-03T21:30Z 45 0 4 76 0 46 37 10011
2018-10-03T21:35Z 45 1 4 76 0 46 37 10012
2018-10-03T21:40Z 45 0 4 76 0 46 37 10011
2018-10-03T21:45Z 45 1 6 76 0 46 37 10011
2018-10-03T21:50Z 45 0 6 76 0 46 37 10011
2018-10-03T21:55Z 45 0 4 76 0 46 37 10011
2018-10-03T22:00Z 45 3 6 76 0 45 37 10013
2018-10-03T22:05Z 45 2 6 76 0 45 37 10013
2018-10-03T22:10Z 45 2 6 76 0 45 37 10012
2018-10-03T22:15Z 45 1 6 76 0 45 37 10012
2018-10-03T22:20Z 45 1 6 76 0 45 37 10012
2018-10-03T22:25Z 45 0 5 76 0 45 37 10012
2018-10-03T22:31Z 45 0 5 76 0 45 37 10013
2018-10-03T22:36Z 45 0 5 76 0 45 37 10012
2018-10-03T22:41Z 45 1 6 76 0 45 37 10012
2018-10-03T22:46Z 45 3 9 76 0 45 37 10011
2018-10-03T22:51Z 45 3 9 76 0 45 37 10012
2018-10-03T22:56Z 45 0 9 76 0 45 37 10013
2018-10-03T23:01Z 45 2 9 76 0 45 37 10014
2018-10-03T23:06Z 45 0 9 76 0 45 37 10014
2018-10-03T23:11Z 45 1 8 76 0 45 37 10015
2018-10-03T23:19Z 45 3 6 76 0 45 37 10016
2018-10-03T23:24Z 45 2 7 76 0 45 37 10016
2018-10-03T23:29Z 45 1 9 77 0 45 37 10017
2018-10-03T23:34Z 45 1 9 77 0 45 36 10017
2018-10-03T23:39Z 45 0 6 77 0 45 36 10018
2018-10-03T23:44Z 45 0 4 78 0 45 36 10019
2018-10-03T23:50Z 45 0 4 78 0 45 36 10019
2018-10-03T23:55Z 45 2 6 78 0 45 36 10018
2018-10-04T00:00Z 45 3 8 78 0 45 35 10019
2018-10-04T00:05Z 45 3 12 79 0 45 36 10020
2018-10-04T00:10Z 45 1 12 80 0 45 36 10020
2018-10-04T00:15Z 45 3 9 81 0 45 38 10022
2018-10-04T00:20Z 45 3 9 81 0 45 39 10023
2018-10-04T00:25Z 45 0 9 81 0 45 38 10024
2018-10-04T00:30Z 45 3 6 81 0 45 38 10023
2018-10-04T00:35Z 180 0 6 82 0 45 39 10025
2018-10-04T00:40Z 45 1 4 84 0 45 45 10025
2018-10-04T00:45Z 180 0 6 83 0 45 46 10026
2018-10-04T00:51Z 180 0 6 83 0 45 45 10026
2018-10-04T00:56Z 135 1 6 83 0 45 43 10027
2018-10-04T01:01Z 45 2 6 83 0 45 44 10027
2018-10-04T01:06Z 45 2 6 83 0 45 44 10028
2018-10-04T01:11Z 45 0 6 83 0 45 45 10029
2018-10-04T01:16Z 45 2 6 84 0 45 48 10030
2018-10-04T01:21Z 45 1 6 85 0 45 51 10030
2018-10-04T01:26Z 45 0 6 85 0 45 51 10031
2018-10-04T01:31Z 45 3 6 86 0 45 54 10033
2018-10-04T01:36Z 45 2 6 88 0 45 59 10034
2018-10-04T01:41Z 45 1 8 89 0 45 60 10034
2018-10-04T01:46Z 45 1 9 90 0 45 61 10034
2018-10-04T01:51Z 180 3 9 91 0 45 61 10033
2018-10-04T01:59Z 45 0 7 93 0 45 60 10034
2018-10-04T02:04Z 45 3 11 94 0 45 58 10034
2018-10-04T02:10Z 45 4 24 94 0 45 58 10033
2018-10-04T02:15Z 45 1 24 95 0 45 57 10031
2018-10-04T02:20Z 45 2 9 96 0 45 55 10033
2018-10-04T02:25Z 45 3 9 95 0 45 55 10033
2018-10-04T02:30Z 45 1 7 96 0 45 56 10032
2018-10-04T02:35Z 90 1 7 98 0 45 53 10033
2018-10-04T02:40Z 90 3 11 99 0 45 51 10031
2018-10-04T02:45Z 45 0 11 101 0 45 49 10032
2018-10-04T02:50Z 45 1 7 103 0 45 46 10030
2018-10-04T02:55Z 45 0 7 106 0 45 42 10032
2018-10-04T03:00Z 45 5 12 105 0 45 41 10030
2018-10-04T03:05Z 45 3 12 102 0 45 45 10027
2018-10-04T03:11Z 45 0 11 103 0 45 45 10028
2018-10-04T03:16Z 45 1 11 107 0 45 40 10028
2018-10-04T03:21Z 45 6 14 107 0 45 39 10027
2018-10-04T03:26Z 45 1 14 106 0 45 40 10025
2018-10-04T03:31Z 45 4 13 104 0 45 42 10024
2018-10-04T03:36Z 45 6 15 106 0 45 41 10023
2018-10-04T03:44Z 45 2 15 110 0 45 37 10023
2018-10-04T03:49Z 45 6 15 109 0 45 36 10022
2018-10-04T03:54Z 45 3 15 109 0 45 37 10023
2018-10-04T03:59Z 45 6 13 112 0 45 35 10023
2018-10-04T04:04Z 45 4 13 114 0 45 33 10023
2018-10-04T04:09Z 90 9 25 113 0 45 33 10021
2018-10-04T04:14Z 45 9 30 113 0 45 32 10021
2018-10-04T04:19Z 45 8 30 113 0 45 32 10021
2018-10-04T04:24Z 45 8 18 114 0 45 32 10021
2018-10-04T04:30Z 45 9 21 110 0 45 34 10019
2018-10-04T04:35Z 45 6 21 108 0 45 37 10017
2018-10-04T04:40Z 45 11 26 108 0 45 37 10015
2018-10-04T04:45Z 45 9 28 109 0 45 36 10015
2018-10-04T04:50Z 90 10 28 111 0 45 35 10013
2018-10-04T04:55Z 45 3 18 113 0 45 33 10012
2018-10-04T05:00Z 45 1 13 115 0 45 32 10011
2018-10-04T05:05Z 45 4 17 114 0 45 33 10008
2018-10-04T05:10Z 45 5 18 114 0 45 32 10009
2018-10-04T05:15Z 45 13 30 111 0 45 34 10008
2018-10-04T05:20Z 45 6 30 108 0 45 38 10007
2018-10-04T05:25Z 45 3 18 106 0 45 39 10005
2018-10-04T05:33Z 45 3 13 108 0 45 37 10005