2018-09-25T05:10Z 45 1 6 108 0 36 34 10027
2018-09-25T05:15Z 45 0 6 108 0 33 35 10025
2018-09-25T05:20Z 135 3 6 105 0 20 36 10023
2018-09-25T05:25Z 45 3 7 105 0 16 37 10022
2018-09-25T05:30Z 135 4 7 104 0 16 38 10021
2018-09-25T05:35Z 135 3 8 102 0 16 40 10019
2018-09-25T05:40Z 135 3 8 102 0 16 40 10019
2018-09-25T05:45Z 45 5 8 104 0 16 38 10017
2018-09-25T05:50Z 135 3 10 101 0 16 40 10016
2018-09-25T05:55Z 90 6 10 100 0 16 42 10015
2018-09-25T06:00Z 180 3 10 97 0 15 47 10013
2018-09-25T06:05Z 45 0 8 98 2 18 45 10011
2018-09-25T06:10Z 45 2 9 97 2 18 45 10010
2018-09-25T06:15Z 90 0 9 96 5 20 46 10008
2018-09-25T06:20Z 90 0 9 96 5 20 46 10008
2018-09-25T06:25Z 90 0 9 96 5 20 46 10008
2018-09-25T06:30Z 90 0 9 96 5 20 46 10008
2018-09-25T06:35Z 90 0 9 96 5 20 46 10008
2018-09-25T06:40Z 90 0 9 96 5 20 46 10008
2018-09-25T06:45Z 90 0 9 96 5 20 46 10008
2018-09-25T06:50Z 90 0 9 96 5 20 46 10008
2018-09-25T06:55Z 90 0 9 96 5 20 46 10008
2018-09-25T07:00Z 90 0 9 96 5 20 46 10008
2018-09-25T07:06Z 90 0 9 96 5 20 46 10008
2018-09-25T07:12Z 90 1 5 103 0 0 38 9997
2018-09-25T07:17Z 90 2 5 103 0 0 37 9996
2018-09-25T07:22Z 180 5 11 102 0 0 38 9995
2018-09-25T07:27Z 45 1 11 101 0 0 40 9994
2018-09-25T07:32Z 45 2 11 103 0 0 37 9994
2018-09-25T07:37Z 180 2 8 103 0 0 38 9993
2018-09-25T07:42Z 90 2 8 103 0 0 36 9993
2018-09-25T07:47Z 135 3 8 103 0 0 36 9991
2018-09-25T07:52Z 90 2 8 102 0 0 38 9991
2018-09-25T07:57Z 135 2 7 101 0 0 40 9990
2018-09-25T08:02Z 90 0 7 102 0 0 39 9989
2018-09-25T08:07Z 45 1 5 104 0 0 36 9989
2018-09-25T08:12Z 45 2 6 103 0 0 36 9988
2018-09-25T08:18Z 180 3 7 100 0 0 38 9988
2018-09-25T08:23Z 225 1 7 99 0 0 40 9987
2018-09-25T08:28Z 90 1 4 101 0 0 40 9987
2018-09-25T08:33Z 45 1 6 103 0 0 38 9988
2018-09-25T08:38Z 225 2 7 101 0 0 39 9988
2018-09-25T08:43Z 45 3 7 100 0 0 40 9987
2018-09-25T08:48Z 180 4 10 99 0 0 43 9987
2018-09-25T08:53Z 180 4 8 98 0 0 44 9987
2018-09-25T08:58Z 45 3 7 98 0 0 44 9986
2018-09-25T09:03Z 135 6 13 97 0 0 44 9986
2018-09-25T09:08Z 45 6 16 96 0 0 46 9986
2018-09-25T09:13Z 225 5 16 95 0 0 48 9985
2018-09-25T09:19Z 180 6 18 94 0 0 50 9986
2018-09-25T09:24Z 45 9 21 95 0 0 49 9987
2018-09-25T09:29Z 45 12 22 95 0 0 49 9987
2018-09-25T09:34Z 90 14 31 95 0 0 49 9986
2018-09-25T09:39Z 135 16 35 95 0 0 49 9988
2018-09-25T09:44Z 45 16 35 93 0 0 50 9986
2018-09-25T09:49Z 45 14 31 92 0 0 53 9986
2018-09-25T09:54Z 45 18 27 91 0 0 54 9986
2018-09-25T09:59Z 180 13 27 90 0 0 57 9988
2018-09-25T10:04Z 225 14 27 90 0 0 58 9988
2018-09-25T10:09Z 225 20 27 89 0 0 59 9988
2018-09-25T10:14Z 180 9 27 89 0 0 59 9988
2018-09-25T10:19Z 90 9 27 89 0 0 59 9989
2018-09-25T10:25Z 225 5 22 89 0 0 59 9990
2018-09-25T10:30Z 225 8 22 89 0 0 60 9992
2018-09-25T10:35Z 225 15 25 88 0 0 60 9991
2018-09-25T10:40Z 45 11 25 88 0 0 61 9992
2018-09-25T10:45Z 225 9 22 88 0 0 61 9991
2018-09-25T10:50Z 180 8 22 87 0 0 62 9992
2018-09-25T10:55Z 225 10 19 87 0 0 63 9991
2018-09-25T11:00Z 180 12 19 87 0 0 63 9994
2018-09-25T11:05Z 225 10 18 87 0 0 63 9992
2018-09-25T11:10Z 225 9 18 87 0 0 64 9995
2018-09-25T11:15Z 225 7 18 86 0 0 64 9996
2018-09-25T11:20Z 180 10 18 86 0 0 64 9996
2018-09-25T11:25Z 180 9 18 86 0 0 64 9997
2018-09-25T11:31Z 45 9 18 86 0 0 64 9997
2018-09-25T11:36Z 45 14 22 86 0 0 64 9998
2018-09-25T11:41Z 225 8 22 86 0 0 65 9999
2018-09-25T11:46Z 135 7 22 86 0 0 65 10000
2018-09-25T11:51Z 180 6 18 86 0 0 65 10002
2018-09-25T11:56Z 225 10 22 86 0 0 65 10002
2018-09-25T12:01Z 180 9 22 86 0 0 65 10003
2018-09-25T12:06Z 45 9 22 85 0 0 65 10001
2018-09-25T12:11Z 90 9 22 85 0 0 64 10003
2018-09-25T12:16Z 90 11 18 85 0 0 64 10002
2018-09-25T12:21Z 45 9 18 85 0 0 64 10003
2018-09-25T12:26Z 180 9 18 85 0 0 63 10003
2018-09-25T12:32Z 180 7 18 85 0 0 63 10002
2018-09-25T12:37Z 45 8 18 85 0 0 62 10003
2018-09-25T12:42Z 225 9 18 85 0 0 62 10004
2018-09-25T12:47Z 225 9 22 85 0 0 61 10006
2018-09-25T12:52Z 225 8 22 85 0 0 61 10008
2018-09-25T12:57Z 225 9 18 85 0 0 60 10008
2018-09-25T13:02Z 225 8 18 85 0 0 60 10010
2018-09-25T13:07Z 225 7 15 85 0 0 59 10010
2018-09-25T13:12Z 225 6 14 85 0 0 59 10012
2018-09-25T13:17Z 180 12 18 85 0 0 59 10012
2018-09-25T13:22Z 225 9 18 85 0 0 59 10013
2018-09-25T13:27Z 180 7 18 85 0 0 59 10014
2018-09-25T13:32Z 225 9 18 85 0 0 59 10014
2018-09-25T13:38Z 45 6 18 84 0 0 59 10015
2018-09-25T13:43Z 225 6 13 84 0 0 58 10016
2018-09-25T13:48Z 90 6 18 84 0 0 58 10017
2018-09-25T13:53Z 225 7 18 84 0 0 58 10018
2018-09-25T13:58Z 225 6 18 84 0 0 58 10018
2018-09-25T14:03Z 225 7 15 84 0 0 58 10018
2018-09-25T14:08Z 180 10 18 84 0 0 59 10017
2018-09-25T14:13Z 135 8 18 84 0 0 58 10019
2018-09-25T14:18Z 180 9 18 84 0 0 58 10019
2018-09-25T14:23Z 180 5 14 84 0 0 58 10019
2018-09-25T14:28Z 135 6 16 84 0 0 58 10019
2018-09-25T14:33Z 180 10 18 84 0 0 58 10019
2018-09-25T14:39Z 225 7 18 84 0 0 58 10021
2018-09-25T14:44Z 45 9 18 84 0 0 58 10021
2018-09-25T14:49Z 45 7 18 84 0 0 58 10019
2018-09-25T14:54Z 45 7 18 84 0 0 56 10019
2018-09-25T14:59Z 45 6 18 83 0 0 55 10020
2018-09-25T15:04Z 45 10 18 83 0 0 52 10019
2018-09-25T15:09Z 45 13 25 83 0 0 49 10020
2018-09-25T15:14Z 180 18 28 83 0 0 47 10020
2018-09-25T15:19Z 45 11 28 83 0 0 46 10022
2018-09-25T15:24Z 135 9 27 83 0 0 45 10022
2018-09-25T15:29Z 135 15 29 82 0 0 48 10021
2018-09-25T15:34Z 45 11 29 82 0 0 48 10023
2018-09-25T15:39Z 225 9 22 82 0 0 47 10022
2018-09-25T15:45Z 180 9 22 82 0 0 47 10022
2018-09-25T15:50Z 45 10 22 82 0 0 47 10022
2018-09-25T15:55Z 45 12 22 82 0 0 49 10021
2018-09-25T16:00Z 45 12 22 82 0 0 49 10020
2018-09-25T16:05Z 90 9 22 81 0 0 50 10021
2018-09-25T16:10Z 45 9 23 81 0 0 50 10019
2018-09-25T16:15Z 180 9 23 81 0 0 50 10020
2018-09-25T16:20Z 180 11 23 81 0 0 51 10019
2018-09-25T16:25Z 180 12 27 81 0 0 51 10020
2018-09-25T16:30Z 45 15 27 81 0 0 51 10019
2018-09-25T16:35Z 45 12 27 81 0 0 50 10019
2018-09-25T16:40Z 180 9 26 81 0 0 50 10018
2018-09-25T16:46Z 45 10 26 81 0 0 49 10018
2018-09-25T16:51Z 45 9 22 81 0 0 49 10018
2018-09-25T16:56Z 45 6 22 81 0 0 49 10017
2018-09-25T17:01Z 45 10 22 80 0 0 48 10016
2018-09-25T17:06Z 45 6 22 80 0 0 48 10015
2018-09-25T17:11Z 45 9 21 80 0 0 47 10015
2018-09-25T17:16Z 45 7 23 80 0 0 46 10015
2018-09-25T17:21Z 45 8 23 80 0 0 45 10015
2018-09-25T17:26Z 90 8 18 80 0 0 45 10015
2018-09-25T17:31Z 45 8 21 80 0 0 45 10015
2018-09-25T17:36Z 180 9 21 80 0 0 44 10014
2018-09-25T17:41Z 45 9 20 80 0 0 44 10014
2018-09-25T17:46Z 135 5 20 80 0 0 44 10014
2018-09-25T17:52Z 135 8 16 80 0 0 43 10013
2018-09-25T17:57Z 225 6 16 80 0 0 43 10012
2018-09-25T18:02Z 180 3 12 80 0 0 43 10012
2018-09-25T18:07Z 45 3 9 80 0 0 42 10012
2018-09-25T18:12Z 225 3 9 80 0 0 42 10011
2018-09-25T18:17Z 225 4 9 80 0 0 42 10011
2018-09-25T18:22Z 45 7 17 80 0 0 42 10010
2018-09-25T18:27Z 45 4 17 80 0 0 42 10011
2018-09-25T18:32Z 45 5 13 80 0 0 41 10010
2018-09-25T18:37Z 45 2 11 80 0 0 41 10008
2018-09-25T18:42Z 45 3 12 80 0 0 41 10008
2018-09-25T18:47Z 45 4 12 80 0 0 41 10008
2018-09-25T18:53Z 180 6 13 80 0 0 41 10007
2018-09-25T18:58Z 180 6 13 79 0 0 41 10007
2018-09-25T19:03Z 225 4 13 79 0 0 40 10009
2018-09-25T19:08Z 180 6 12 79 0 0 40 10006
2018-09-25T19:13Z 180 3 12 79 0 0 39 10006
2018-09-25T19:18Z 45 5 12 79 0 0 39 10006
2018-09-25T19:23Z 180 6 12 79 0 0 39 10005
2018-09-25T19:28Z 180 5 16 79 0 0 38 10005
2018-09-25T19:33Z 45 4 16 79 0 0 38 10003
2018-09-25T19:38Z 45 3 12 79 0 0 38 10003
2018-09-25T19:43Z 45 6 14 79 0 0 38 10003
2018-09-25T19:48Z 180 5 14 79 0 0 37 10003
2018-09-25T19:53Z 45 5 12 79 0 0 37 10002
2018-09-25T19:59Z 90 5 14 79 0 0 37 10001
2018-09-25T20:04Z 45 1 14 79 0 0 37 10002
2018-09-25T20:09Z 180 1 9 79 0 0 37 10002
2018-09-25T20:14Z 225 2 4 79 0 0 36 10002
2018-09-25T20:19Z 225 3 5 79 0 0 36 10001
2018-09-25T20:24Z 225 1 5 79 0 0 36 10002
2018-09-25T20:29Z 225 2 4 78 0 0 36 10001
2018-09-25T20:34Z 225 3 7 78 0 0 36 10001
2018-09-25T20:39Z 225 3 7 78 0 0 35 10000
2018-09-25T20:44Z 225 3 7 78 0 0 35 10000
2018-09-25T20:49Z 225 1 6 78 0 0 35 10000
2018-09-25T20:54Z 225 1 4 78 0 0 35 10001
2018-09-25T21:00Z 225 0 4 78 0 0 35 10001
2018-09-25T21:05Z 225 0 4 78 0 0 35 10003
2018-09-25T21:10Z 270 1 4 78 0 0 35 10003
2018-09-25T21:15Z 225 1 4 78 0 0 35 10004
2018-09-25T21:20Z 225 0 4 78 0 0 35 10005
2018-09-25T21:25Z 225 0 4 78 0 0 35 10004
2018-09-25T21:30Z 225 1 4 78 0 0 35 10004
2018-09-25T21:35Z 225 1 5 78 0 0 35 10005
2018-09-25T21:40Z 225 1 5 78 0 0 35 10004
2018-09-25T21:45Z 225 1 4 78 0 0 35 10004
2018-09-25T21:50Z 225 0 4 78 0 0 35 10003
2018-09-25T21:55Z 225 0 3 78 0 0 35 10003
2018-09-25T22:00Z 90 0 3 78 0 0 35 10004
2018-09-25T22:06Z 180 0 4 78 0 0 35 10004
2018-09-25T22:11Z 225 0 4 78 0 0 35 10004
2018-09-25T22:16Z 225 0 2 78 0 0 35 10004
2018-09-25T22:21Z 270 0 2 78 0 0 35 10005
2018-09-25T22:26Z 270 0 0 78 0 0 34 10004
2018-09-25T22:31Z 270 0 0 77 0 0 34 10006
2018-09-25T22:36Z 270 0 2 77 0 0 34 10005
2018-09-25T22:41Z 45 2 4 77 0 0 34 10007
2018-09-25T22:46Z 45 3 6 77 0 0 34 10008
2018-09-25T22:51Z 45 1 6 77 0 0 34 10008
2018-09-25T22:56Z 45 0 4 77 0 0 34 10009
2018-09-25T23:01Z 45 0 4 77 0 0 34 10008
2018-09-25T23:07Z 45 3 6 78 0 0 34 10009
2018-09-25T23:12Z 45 3 6 78 0 0 34 10010
2018-09-25T23:17Z 45 1 6 78 0 0 34 10010
2018-09-25T23:22Z 45 2 6 78 0 0 34 10010
2018-09-25T23:27Z 45 3 6 78 0 0 34 10011
2018-09-25T23:32Z 45 2 6 78 0 0 34 10011
2018-09-25T23:37Z 45 1 6 78 0 0 34 10013
2018-09-25T23:42Z 45 3 6 78 0 0 34 10014
2018-09-25T23:47Z 45 5 10 78 0 0 34 10014
2018-09-25T23:52Z 45 5 10 79 0 0 34 10014
2018-09-25T23:57Z 45 6 14 79 0 0 33 10014
2018-09-26T00:02Z 45 7 14 80 0 0 34 10015
2018-09-26T00:07Z 45 3 16 81 0 0 35 10015
2018-09-26T00:13Z 45 6 17 83 0 0 39 10015
2018-09-26T00:18Z 45 9 17 83 0 0 42 10015
2018-09-26T00:23Z 45 6 17 85 0 0 45 10016
2018-09-26T00:28Z 45 3 17 86 0 0 49 10015
2018-09-26T00:33Z 45 6 22 87 0 0 55 10016
2018-09-26T00:38Z 45 5 22 87 0 0 57 10018
2018-09-26T00:43Z 45 2 18 88 0 0 57 10019
2018-09-26T00:48Z 45 4 13 90 0 0 60 10018
2018-09-26T00:53Z 45 3 13 91 0 0 60 10019
2018-09-26T00:58Z 45 1 12 92 0 0 60 10020
2018-09-26T01:03Z 45 2 13 94 0 0 57 10020
2018-09-26T01:08Z 45 1 13 94 0 0 57 10020
2018-09-26T01:14Z 45 4 10 96 0 0 54 10022
2018-09-26T01:19Z 45 2 9 96 0 0 53 10021
2018-09-26T01:24Z 45 3 14 95 0 0 54 10022
2018-09-26T01:29Z 45 4 17 94 0 0 56 10022
2018-09-26T01:34Z 45 4 17 93 0 0 58 10024
2018-09-26T01:39Z 45 6 17 91 0 0 60 10025
2018-09-26T01:44Z 45 3 17 90 0 0 61 10025
2018-09-26T01:49Z 45 5 13 90 0 0 61 10025
2018-09-26T01:54Z 45 1 14 91 0 0 61 10025
2018-09-26T01:59Z 45 3 14 91 0 0 61 10025
2018-09-26T02:04Z 45 2 9 91 0 0 61 10024
2018-09-26T02:09Z 45 2 6 91 0 0 61 10024
2018-09-26T02:14Z 45 3 7 93 0 0 58 10024
2018-09-26T02:20Z 180 0 7 95 0 0 56 10024
2018-09-26T02:25Z 135 2 6 98 0 0 50 10025
2018-09-26T02:30Z 225 1 6 99 0 0 48 10025
2018-09-26T02:35Z 45 1 6 102 0 0 45 10026
2018-09-26T02:40Z 45 0 5 105 0 0 43 10025
2018-09-26T02:45Z 45 0 4 108 0 0 38 10025
2018-09-26T02:50Z 45 1 6 110 0 0 37 10025
2018-09-26T02:55Z 45 0 6 110 0 0 37 10025
2018-09-26T03:00Z 45 0 4 112 0 0 34 10024
2018-09-26T03:05Z 45 1 4 112 0 0 34 10025
2018-09-26T03:10Z 135 0 4 113 0 0 33 10025
2018-09-26T03:15Z 45 0 3 114 0 0 31 10024
2018-09-26T03:21Z 45 0 3 115 0 0 29 10024
2018-09-26T03:26Z 45 0 3 116 0 0 28 10024
2018-09-26T03:31Z 45 1 3 116 0 0 28 10024
2018-09-26T03:36Z 90 1 4 113 0 0 30 10023
2018-09-26T03:41Z 45 0 4 114 0 0 31 10023
2018-09-26T03:46Z 45 0 3 117 0 0 28 10023
2018-09-26T03:51Z 45 0 4 117 0 0 27 10023
2018-09-26T03:56Z 45 0 4 117 0 0 27 10021
2018-09-26T04:01Z 45 1 3 115 0 0 29 10021
2018-09-26T04:06Z 45 0 3 115 0 0 30 10021
2018-09-26T04:11Z 45 0 1 117 0 0 28 10021
2018-09-26T04:16Z 45 0 3 116 0 0 28 10020
2018-09-26T04:21Z 135 0 4 112 0 0 30 10020
2018-09-26T04:27Z 45 0 4 110 0 0 32 10019
2018-09-26T04:32Z 45 0 3 110 0 0 33 10018
2018-09-26T04:37Z 45 0 3 110 0 0 33 10018
2018-09-26T04:42Z 90 0 3 109 0 0 33 10017
2018-09-26T04:47Z 45 0 4 109 0 0 34 10015
2018-09-26T04:52Z 45 0 4 108 0 0 35 10014
2018-09-26T04:57Z 135 0 3 108 0 0 34 10014
2018-09-26T05:02Z 45 0 4 107 0 0 35 10014
2018-09-26T05:07Z 180 1 4 104 0 0 38 10012
2018-09-26T05:12Z 45 0 3 102 0 0 42 10010
2018-09-26T05:17Z 45 1 5 99 0 0 46 10011
2018-09-26T05:22Z 45 0 5 95 1 1 51 10009
2018-09-26T05:28Z 45 1 5 92 1 1 55 10008
2018-09-26T05:33Z 45 0 4 90 1 1 59 10007
2018-09-26T05:38Z 45 1 6 89 1 1 62 10005
2018-09-26T05:43Z 90 1 6 88 1 1 62 10005
2018-09-26T05:48Z 45 0 6 88 1 1 63 10002
2018-09-26T05:53Z 90 0 3 88 1 1 63 10001
2018-09-26T05:58Z 135 1 6 88 1 1 63 9999
2018-09-26T06:03Z 45 1 7 88 1 1 63 9998
2018-09-26T06:08Z 135 0 7 88 1 1 64 9997
2018-09-26T06:13Z 45 0 5 88 1 1 64 9997
2018-09-26T06:18Z 90 0 7 88 0 1 64 9995
2018-09-26T06:23Z 180 0 7 89 0 1 63 9994
2018-09-26T06:28Z 90 0 7 90 0 1 64 9993
2018-09-26T06:34Z 90 2 7 92 0 1 60 9992
2018-09-26T06:39Z 135 1 6 93 0 1 57 9990
2018-09-26T06:44Z 45 5 12 95 0 1 53 9990
2018-09-26T06:49Z 135 1 13 95 0 1 52 9990
2018-09-26T06:54Z 135 3 13 95 0 1 52 9990
2018-09-26T06:59Z 90 3 11 93 0 1 56 9988
2018-09-26T07:04Z 45 3 11 91 1 2 59 9989
2018-09-26T07:09Z 45 4 9 87 1 2 64 9988
2018-09-26T07:14Z 45 9 15 85 1 2 65 9987
2018-09-26T07:19Z 45 5 21 84 2 3 62 9987
2018-09-26T07:24Z 45 2 21 84 3 5 64 9985
2018-09-26T07:29Z 45 4 11 84 3 5 64 9985
2018-09-26T07:35Z 225 6 13 84 3 5 64 9984
2018-09-26T07:40Z 225 6 13 85 3 5 64 9982
2018-09-26T07:45Z 225 6 13 85 3 5 64 9982
2018-09-26T07:50Z 225 6 13 85 3 5 65 9982
2018-09-26T07:55Z 225 6 13 85 3 5 65 9982
2018-09-26T08:00Z 135 0 9 86 2 5 59 9980
2018-09-26T08:05Z 225 0 4 86 2 5 59 9980
2018-09-26T08:10Z 225 1 18 87 2 5 62 9981
2018-09-26T08:15Z 45 2 18 87 2 5 62 9979
2018-09-26T08:20Z 90 0 9 88 1 5 62 9979
2018-09-26T08:25Z 45 2 9 88 0 5 63 9979
2018-09-26T08:30Z 225 1 9 89 0 5 63 9980
2018-09-26T08:35Z 45 2 9 90 0 5 62 9982
2018-09-26T08:41Z 225 3 12 90 0 5 62 9980
2018-09-26T08:46Z 45 2 12 89 0 5 63 9980
2018-09-26T08:51Z 45 1 9 88 0 5 64 9981
2018-09-26T08:56Z 45 6 26 87 0 5 64 9979
2018-09-26T09:01Z 45 6 26 87 0 5 65 9980
2018-09-26T09:06Z 45 5 22 86 0 5 65 9985
2018-09-26T09:11Z 180 7 22 85 0 5 65 9986
2018-09-26T09:16Z 90 21 32 85 0 5 65 9984
2018-09-26T09:21Z 225 22 40 82 3 9 58 9986
2018-09-26T09:26Z 225 15 40 81 16 22 45 9985
2018-09-26T09:31Z 45 3 30 80 20 26 41 9985
2018-09-26T09:36Z 45 7 14 79 20 26 51 9983
2018-09-26T09:41Z 90 4 15 80 20 26 51 9982
2018-09-26T09:47Z 45 12 23 80 20 26 46 9980
2018-09-26T09:52Z 180 9 23 80 20 26 46 9980
2018-09-26T09:57Z 225 13 22 81 20 26 48 9980
2018-09-26T10:02Z 180 3 22 81 20 26 50 9984
2018-09-26T10:07Z 45 6 16 81 20 26 46 9984
2018-09-26T10:12Z 45 7 20 81 20 26 42 9986
2018-09-26T10:17Z 45 6 20 81 20 26 42 9985
2018-09-26T10:22Z 45 6 16 81 15 26 43 9985
2018-09-26T10:27Z 180 13 22 81 2 26 42 9987
2018-09-26T10:32Z 225 9 22 81 0 26 40 9989
2018-09-26T10:37Z 90 7 22 81 0 26 39 9988
2018-09-26T10:42Z 180 14 22 81 0 26 41 9989
2018-09-26T10:48Z 225 9 22 81 0 26 42 9989
2018-09-26T10:53Z 225 13 22 81 0 26 46 9991
2018-09-26T10:58Z 225 14 22 81 1 27 45 9991
2018-09-26T11:03Z 180 17 25 80 1 27 45 9993
2018-09-26T11:08Z 180 17 28 80 1 27 39 9993
2018-09-26T11:13Z 180 15 29 79 1 27 37 9995
2018-09-26T11:18Z 45 8 29 79 2 28 36 9996
2018-09-26T11:23Z 45 8 29 79 2 28 36 9997
2018-09-26T11:28Z 45 6 18 78 2 28 38 9996
2018-09-26T11:33Z 45 2 17 78 2 28 40 9997
2018-09-26T11:38Z 45 4 11 78 2 28 41 9994
2018-09-26T11:43Z 180 6 11 78 2 28 42 9994
2018-09-26T11:48Z 45 4 12 78 2 28 41 9993
2018-09-26T11:54Z 45 1 12 78 2 28 41 9992
2018-09-26T11:59Z 45 2 8 78 1 28 40 9993
2018-09-26T12:04Z 45 8 16 78 1 28 40 9993
2018-09-26T12:09Z 45 4 16 78 1 28 38 9994
2018-09-26T12:14Z 45 1 15 78 0 28 37 9994
2018-09-26T12:19Z 45 0 7 78 0 28 37 9994
2018-09-26T12:24Z 45 7 13 78 0 28 36 9996
2018-09-26T12:29Z 135 6 15 78 0 28 37 9998
2018-09-26T12:34Z 225 6 15 78 0 28 37 9998
2018-09-26T12:39Z 225 7 13 78 0 28 37 10000
2018-09-26T12:44Z 225 8 13 78 0 28 36 10000
2018-09-26T12:49Z 225 5 12 78 0 28 37 9999
2018-09-26T12:55Z 225 3 12 78 0 28 39 9999
2018-09-26T13:00Z 270 3 12 78 0 28 38 9999
2018-09-26T13:05Z 225 0 9 78 0 28 38 9999
2018-09-26T13:10Z 270 0 4 78 0 28 39 9999
2018-09-26T13:15Z 270 3 7 78 0 28 38 10000
2018-09-26T13:20Z 270 3 8 78 0 28 39 10000
2018-09-26T13:25Z 270 0 8 78 0 28 40 10002
2018-09-26T13:30Z 135 0 4 78 0 28 39 10004
2018-09-26T13:35Z 180 0 7 78 0 28 37 10005
2018-09-26T13:40Z 45 6 12 78 0 28 36 10005
2018-09-26T13:45Z 45 5 12 78 0 28 36 10006
2018-09-26T13:50Z 45 1 9 78 0 28 38 10005
2018-09-26T13:55Z 45 0 6 78 0 28 38 10007
2018-09-26T14:01Z 225 0 4 78 0 28 38 10007
2018-09-26T14:06Z 180 0 0 78 0 28 40 10010
2018-09-26T14:11Z 45 1 9 79 0 28 36 10011
2018-09-26T14:16Z 45 2 9 78 0 28 35 10013
2018-09-26T14:21Z 45 3 9 78 0 28 35 10014
2018-09-26T14:26Z 225 0 10 78 0 28 35 10014
2018-09-26T14:31Z 90 2 10 78 0 28 35 10015
2018-09-26T14:36Z 45 0 8 78 0 28 35 10016
2018-09-26T14:41Z 45 0 6 78 0 28 35 10016
2018-09-26T14:46Z 225 0 3 78 0 28 35 10016
2018-09-26T14:51Z 225 0 3 78 0 28 35 10015
2018-09-26T14:56Z 225 0 3 78 0 28 35 10014
2018-09-26T15:02Z 180 0 3 78 0 28 35 10015
2018-09-26T15:07Z 180 0 3 78 0 28 35 10014
2018-09-26T15:12Z 45 0 1 78 0 28 35 10012
2018-09-26T15:17Z 45 1 6 78 0 28 35 10011
2018-09-26T15:22Z 45 0 6 78 0 28 35 10011
2018-09-26T15:27Z 45 0 6 78 0 28 35 10010
2018-09-26T15:32Z 225 0 3 78 0 28 35 10009
2018-09-26T15:37Z 225 0 3 78 0 28 34 10010
2018-09-26T15:42Z 180 0 6 78 0 28 34 10011
2018-09-26T15:47Z 45 0 6 78 0 28 34 10012
2018-09-26T15:52Z 45 0 3 78 0 28 34 10011
2018-09-26T15:57Z 225 0 3 78 0 28 34 10013
2018-09-26T16:02Z 225 0 3 78 0 28 34 10014
2018-09-26T16:08Z 225 0 0 78 0 28 34 10014
2018-09-26T16:13Z 180 0 2 78 0 28 34 10014
2018-09-26T16:18Z 180 1 6 78 0 28 34 10014
2018-09-26T16:23Z 135 1 9 78 0 28 34 10015
2018-09-26T16:28Z 45 1 9 79 0 28 34 10015
2018-09-26T16:33Z 45 0 5 78 0 28 34 10016
2018-09-26T16:38Z 315 0 5 78 0 28 34 10014
2018-09-26T16:43Z 315 0 3 78 0 28 34 10013
2018-09-26T16:48Z 270 0 3 78 0 28 34 10014
2018-09-26T16:53Z 270 0 3 78 0 28 34 10014
2018-09-26T16:58Z 270 0 0 78 0 28 34 10012
2018-09-26T17:03Z 180 0 3 78 0 28 34 10012
2018-09-26T17:09Z 45 0 3 78 0 28 34 10011
2018-09-26T17:14Z 90 2 4 78 0 28 34 10011
2018-09-26T17:19Z 45 3 7 78 0 28 34 10011
2018-09-26T17:24Z 45 2 7 78 0 28 34 10011
2018-09-26T17:29Z 45 0 7 78 0 28 34 10010
2018-09-26T17:34Z 45 0 4 78 0 28 34 10009
2018-09-26T17:39Z 45 0 5 78 0 28 34 10008
2018-09-26T17:44Z 45 0 5 78 0 28 34 10007
2018-09-26T17:49Z 45 0 3 78 0 28 34 10005
2018-09-26T17:54Z 225 0 3 78 0 28 34 10004
2018-09-26T17:59Z 315 0 0 78 0 28 34 10004
2018-09-26T18:04Z 45 0 3 78 0 28 34 10005
2018-09-26T18:09Z 45 3 9 78 0 28 34 10006
2018-09-26T18:15Z 45 3 10 79 0 28 34 10008
2018-09-26T18:20Z 45 0 10 79 0 28 34 10006
2018-09-26T18:25Z 45 0 6 79 0 28 34 10006
2018-09-26T18:30Z 45 0 6 79 0 28 34 10005
2018-09-26T18:35Z 45 3 6 79 0 28 34 10005
2018-09-26T18:40Z 45 2 9 79 0 28 34 10007
2018-09-26T18:45Z 45 5 9 79 0 28 34 10006
2018-09-26T18:50Z 90 1 9 79 0 28 34 10005
2018-09-26T18:55Z 135 0 9 79 0 28 34 10004
2018-09-26T19:00Z 45 3 6 79 0 28 34 10005
2018-09-26T19:05Z 45 0 9 79 0 28 34 10005
2018-09-26T19:10Z 45 3 9 79 0 28 34 10004
2018-09-26T19:16Z 45 5 12 79 0 28 34 10004
2018-09-26T19:21Z 45 3 12 79 0 28 34 10004
2018-09-26T19:26Z 45 0 9 79 0 28 34 10004
2018-09-26T19:31Z 45 0 6 79 0 28 34 10002
2018-09-26T19:36Z 90 1 9 79 0 28 34 10001
2018-09-26T19:41Z 90 6 12 79 0 28 34 10000
2018-09-26T19:46Z 45 5 13 79 0 28 34 10000
2018-09-26T19:51Z 135 2 13 79 0 28 34 9998
2018-09-26T19:56Z 135 0 12 79 0 28 34 9998
2018-09-26T20:01Z 90 2 6 79 0 28 34 9997
2018-09-26T20:06Z 180 2 6 79 0 28 34 9998
2018-09-26T20:11Z 180 1 6 79 0 28 34 9998
2018-09-26T20:16Z 45 2 6 78 0 28 34 9998
2018-09-26T20:22Z 45 0 6 78 0 28 34 9999
2018-09-26T20:27Z 90 3 6 78 0 28 34 9999
2018-09-26T20:32Z 135 2 6 79 0 28 34 9998
2018-09-26T20:37Z 135 3 7 79 0 28 34 9999
2018-09-26T20:42Z 90 3 7 79 0 28 34 9999
2018-09-26T20:47Z 180 4 9 79 0 28 34 10001
2018-09-26T20:52Z 45 1 9 79 0 28 34 10001
2018-09-26T20:57Z 45 2 6 79 0 28 34 10000
2018-09-26T21:02Z 45 0 6 79 0 28 34 10000
2018-09-26T21:07Z 45 0 6 79 0 28 34 10000
2018-09-26T21:12Z 90 6 12 79 0 28 34 10000
2018-09-26T21:17Z 135 4 12 79 0 28 34 10000
2018-09-26T21:23Z 45 1 12 79 0 28 34 10000
2018-09-26T21:28Z 45 0 6 79 0 28 34 9999
2018-09-26T21:33Z 45 3 6 78 0 28 34 10001
2018-09-26T21:38Z 45 4 8 78 0 28 34 10001
2018-09-26T21:43Z 45 4 9 78 0 28 34 10001
2018-09-26T21:48Z 90 4 9 78 0 28 34 9999
2018-09-26T21:53Z 45 0 9 78 0 28 34 10001
2018-09-26T21:58Z 45 2 7 78 0 28 34 10003
2018-09-26T22:03Z 90 1 6 78 0 28 34 10004
2018-09-26T22:08Z 45 2 6 78 0 28 34 10001
2018-09-26T22:13Z 45 0 6 78 0 28 34 10002
2018-09-26T22:18Z 135 6 12 78 0 28 34 10004
2018-09-26T22:23Z 45 7 12 78 0 28 34 10004
2018-09-26T22:29Z 135 4 12 78 0 28 34 10004
2018-09-26T22:34Z 45 0 12 78 0 28 34 10003
2018-09-26T22:39Z 90 1 3 78 0 28 34 10002
2018-09-26T22:44Z 45 0 3 78 0 28 34 10002
2018-09-26T22:49Z 225 0 3 78 0 28 34 10003
2018-09-26T22:54Z 225 0 0 78 0 28 34 10004
2018-09-26T22:59Z 270 0 0 78 0 28 34 10005
2018-09-26T23:04Z 270 0 0 79 0 28 34 10006
2018-09-26T23:09Z 225 0 0 79 0 28 34 10006
2018-09-26T23:14Z 180 0 2 79 0 28 34 10008
2018-09-26T23:19Z 225 0 2 79 0 28 34 10008
2018-09-26T23:24Z 225 0 3 80 0 28 34 10009
2018-09-26T23:30Z 45 0 3 80 0 28 33 10009
2018-09-26T23:35Z 90 0 3 81 0 28 33 10010
2018-09-26T23:40Z 45 0 3 82 0 28 32 10010
2018-09-26T23:45Z 270 0 0 83 0 28 32 10011
2018-09-26T23:50Z 225 0 0 85 0 28 33 10011
2018-09-26T23:55Z 45 0 2 87 0 28 30 10012
2018-09-27T00:00Z 45 0 3 88 0 28 39 10012
2018-09-27T00:05Z 135 0 5 88 0 28 42 10011
2018-09-27T00:10Z 90 1 5 89 0 28 44 10013
2018-09-27T00:15Z 45 0 6 90 0 28 53 10012
2018-09-27T00:20Z 45 0 6 91 0 28 57 10013
2018-09-27T00:25Z 45 0 7 91 0 28 58 10013
2018-09-27T00:30Z 45 0 7 91 0 28 59 10013
2018-09-27T00:36Z 270 0 4 91 0 28 59 10014
2018-09-27T00:41Z 45 0 4 91 0 28 58 10015
2018-09-27T00:46Z 45 0 8 91 0 28 60 10015
2018-09-27T00:51Z 45 0 8 90 0 28 59 10015
2018-09-27T00:56Z 135 0 6 92 0 28 60 10016
2018-09-27T01:01Z 45 1 6 93 0 28 60 10016
2018-09-27T01:06Z 45 2 7 95 0 28 59 10018
2018-09-27T01:11Z 45 1 11 96 0 28 57 10017
2018-09-27T01:16Z 45 6 12 97 0 28 54 10018
2018-09-27T01:21Z 225 3 12 95 0 28 57 10019
2018-09-27T01:26Z 135 0 12 94 0 28 60 10019
2018-09-27T01:31Z 180 4 12 95 0 28 56 10019
2018-09-27T01:37Z 225 4 12 94 0 28 57 10019
2018-09-27T01:42Z 225 0 11 94 0 28 59 10020
2018-09-27T01:47Z 225 0 7 97 0 28 57 10020
2018-09-27T01:52Z 45 3 7 100 0 28 51 10021
2018-09-27T01:57Z 45 4 10 100 0 28 49 10021
2018-09-27T02:02Z 45 1 10 100 0 28 49 10021
2018-09-27T02:07Z 90 4 13 100 0 28 48 10022
2018-09-27T02:12Z 225 6 13 100 0 28 48 10021
2018-09-27T02:17Z 45 0 13 102 0 28 47 10022
2018-09-27T02:22Z 45 2 9 104 0 28 43 10023
2018-09-27T02:27Z 180 5 13 104 0 28 42 10021
2018-09-27T02:32Z 135 1 13 104 0 28 43 10022
2018-09-27T02:37Z 90 9 18 105 0 28 42 10022
2018-09-27T02:43Z 225 3 18 105 0 28 41 10021
2018-09-27T02:47Z 225 3 18 105 0 28 41 10021
2018-09-27T02:53Z 180 6 18 103 0 28 42 10022
2018-09-27T02:58Z 225 5 17 100 0 28 47 10021
2018-09-27T03:03Z 45 0 17 98 0 28 50 10021
2018-09-27T03:08Z 180 0 9 97 0 28 51 10022
2018-09-27T03:13Z 180 1 9 96 0 28 51 10021
2018-09-27T03:18Z 45 2 9 96 0 28 53 10021
2018-09-27T03:23Z 225 3 9 95 0 28 54 10020
2018-09-27T03:28Z 135 0 9 94 0 28 56 10020
2018-09-27T03:33Z 180 0 9 93 0 28 59 10021
2018-09-27T03:38Z 45 1 5 92 0 28 60 10021
2018-09-27T03:44Z 45 1 5 91 0 28 61 10021
2018-09-27T03:49Z 45 1 9 91 0 28 61 10019
2018-09-27T03:54Z 45 4 9 91 0 28 63 10019
2018-09-27T03:59Z 180 0 9 90 0 28 63 10016
2018-09-27T04:04Z 45 0 4 92 0 28 63 10016
2018-09-27T04:09Z 45 0 9 96 0 28 62 10015
2018-09-27T04:14Z 45 3 9 100 0 28 50 10014
2018-09-27T04:19Z 90 0 9 104 0 28 47 10015
2018-09-27T04:24Z 45 1 9 107 0 28 43 10013
2018-09-27T04:29Z 45 5 13 107 0 28 41 10011
2018-09-27T04:34Z 45 0 13 106 0 28 42 10011
2018-09-27T04:39Z 270 0 9 107 0 28 41 10009
2018-09-27T04:44Z 45 3 12 110 0 28 36 10010
2018-09-27T04:50Z 90 3 12 108 0 28 38 10006
2018-09-27T04:55Z 45 5 13 104 0 28 40 10008
2018-09-27T05:00Z 45 5 13 102 0 28 44 10008
2018-09-27T05:05Z 45 6 23 99 0 28 45 10006
2018-09-27T05:10Z 45 5 23 97 0 28 48 10006
2018-09-27T05:15Z 45 3 18 97 0 27 49 10003
2018-09-27T05:20Z 45 2 18 97 0 27 50 10002
2018-09-27T05:25Z 45 2 11 101 0 27 46 10002
2018-09-27T05:30Z 45 2 11 103 0 27 43 9999
2018-09-27T05:35Z 45 1 10 106 0 27 40 9997
2018-09-27T05:40Z 45 0 8 109 0 27 37 9997
2018-09-27T05:45Z 45 3 7 111 0 27 34 9999
2018-09-27T05:51Z 45 0 7 112 0 27 34 9995
2018-09-27T05:56Z 45 3 7 114 0 27 32 9995
2018-09-27T06:01Z 45 3 11 114 0 27 30 9996
2018-09-27T06:06Z 45 6 15 114 0 27 32 9994
2018-09-27T06:11Z 45 9 20 109 0 27 34 9993
2018-09-27T06:16Z 45 3 20 108 0 27 35 9993
2018-09-27T06:21Z 45 2 12 108 0 27 37 9991
2018-09-27T06:26Z 45 1 6 107 0 27 37 9991
2018-09-27T06:31Z 180 1 4 104 0 27 41 9989
2018-09-27T06:36Z 225 4 11 102 0 27 44 9987
2018-09-27T06:41Z 225 3 12 102 0 27 44 9986
2018-09-27T06:46Z 45 1 12 104 0 27 43 9985
2018-09-27T06:51Z 225 0 4 104 0 27 41 9984
2018-09-27T06:57Z 180 0 8 104 0 26 42 9984
2018-09-27T07:02Z 225 4 14 104 0 26 41 9983
2018-09-27T07:07Z 45 4 14 106 0 26 38 9982
2018-09-27T07:12Z 135 3 11 107 0 26 37 9982
2018-09-27T07:17Z 45 2 10 109 0 24 34 9983
2018-09-27T07:22Z 45 4 11 111 0 23 33 9981
2018-09-27T07:27Z 90 0 11 110 0 23 32 9980
2018-09-27T07:32Z 45 3 11 110 0 23 31 9982
2018-09-27T07:37Z 45 0 6 110 0 23 32 9981
2018-09-27T07:42Z 45 3 11 110 0 23 31 9979
2018-09-27T07:47Z 180 0 11 109 0 23 33 9978
2018-09-27T07:52Z 45 3 12 110 0 23 32 9978
2018-09-27T07:58Z 45 3 12 109 0 23 32 9978
2018-09-27T08:03Z 180 1 10 109 0 23 34 9977
2018-09-27T08:08Z 45 1 6 108 0 23 34 9977
2018-09-27T08:13Z 45 2 9 107 0 23 36 9976
2018-09-27T08:18Z 45 2 9 108 0 23 35 9975
2018-09-27T08:23Z 45 1 8 108 0 23 35 9977
2018-09-27T08:28Z 45 2 6 108 0 23 35 9978
2018-09-27T08:33Z 45 3 6 109 0 23 34 9979
2018-09-27T08:38Z 45 3 10 107 0 23 35 9978
2018-09-27T08:43Z 90 0 10 103 0 23 39 9977
2018-09-27T08:48Z 180 1 6 101 0 23 42 9978
2018-09-27T08:53Z 45 0 6 99 0 23 44 9977
2018-09-27T08:58Z 45 3 9 98 0 23 46 9976
2018-09-27T09:04Z 45 5 12 97 0 23 47 9976
2018-09-27T09:09Z 90 4 16 95 0 23 48 9977
2018-09-27T09:14Z 180 6 16 95 0 22 49 9977
2018-09-27T09:19Z 90 6 18 94 0 13 50 9976
2018-09-27T09:24Z 225 3 18 94 0 3 51 9976
2018-09-27T09:29Z 180 4 12 93 0 2 52 9976
2018-09-27T09:34Z 225 3 14 93 0 2 53 9976
2018-09-27T09:39Z 225 4 14 92 0 2 54 9977
2018-09-27T09:44Z 225 6 15 92 0 2 55 9978
2018-09-27T09:49Z 225 11 15 91 0 2 54 9978
2018-09-27T09:54Z 90 10 16 91 0 2 55 9978
2018-09-27T09:59Z 180 11 17 91 0 2 55 9979
2018-09-27T10:04Z 225 5 17 90 0 2 56 9981
2018-09-27T10:10Z 225 6 15 90 0 2 56 9979
2018-09-27T10:15Z 180 7 18 90 0 2 56 9979
2018-09-27T10:20Z 225 6 18 89 0 2 57 9978
2018-09-27T10:25Z 225 3 12 89 0 2 58 9979
2018-09-27T10:30Z 225 3 11 89 0 2 59 9979
2018-09-27T10:35Z 225 3 9 89 0 2 59 9980
2018-09-27T10:40Z 270 4 9 89 0 2 60 9981
2018-09-27T10:45Z 270 6 12 88 0 2 61 9981
2018-09-27T10:50Z 270 5 12 88 0 2 61 9983
2018-09-27T10:55Z 225 5 11 88 0 1 61 9985
2018-09-27T11:00Z 225 8 13 88 0 1 62 9987
2018-09-27T11:05Z 225 9 13 88 0 1 62 9991
2018-09-27T11:11Z 225 8 13 88 0 0 63 9990
2018-09-27T11:16Z 225 5 13 88 0 0 63 9988
2018-09-27T11:21Z 225 6 12 87 0 0 63 9988
2018-09-27T11:26Z 225 4 12 87 0 0 63 9988
2018-09-27T11:31Z 225 5 9 87 0 0 63 9989
2018-09-27T11:36Z 225 6 9 87 0 0 64 9990
2018-09-27T11:41Z 270 3 9 87 0 0 64 9992
2018-09-27T11:46Z 135 3 9 87 0 0 64 9992
2018-09-27T11:51Z 45 0 9 87 0 0 65 9994
2018-09-27T11:56Z 45 0 9 87 0 0 63 9993
2018-09-27T12:01Z 45 3 10 86 0 0 60 9993
2018-09-27T12:06Z 45 2 10 86 0 0 56 9998
2018-09-27T12:11Z 45 1 13 86 0 0 52 10001
2018-09-27T12:17Z 45 2 13 85 0 0 50 10001
2018-09-27T12:22Z 180 0 8 85 0 0 48 10002
2018-09-27T12:27Z 90 0 8 85 0 0 48 10002
2018-09-27T12:32Z 45 2 8 85 0 0 45 10001
2018-09-27T12:37Z 180 0 6 85 0 0 44 10000
2018-09-27T12:42Z 45 0 4 85 0 0 44 10002
2018-09-27T12:47Z 135 6 9 85 0 0 43 10003
2018-09-27T12:52Z 90 1 11 85 0 0 42 10004
2018-09-27T12:57Z 45 0 8 85 0 0 40 10005
2018-09-27T13:02Z 225 0 4 84 0 0 40 10006
2018-09-27T13:07Z 270 0 4 84 0 0 40 10005
2018-09-27T13:12Z 45 0 5 84 0 0 39 10006
2018-09-27T13:18Z 180 0 9 84 0 0 38 10005
2018-09-27T13:23Z 45 0 9 84 0 0 37 10006
2018-09-27T13:28Z 270 0 4 84 0 0 37 10005
2018-09-27T13:33Z 225 0 4 84 0 0 36 10005
2018-09-27T13:38Z 225 0 4 84 0 0 36 10006
2018-09-27T13:43Z 45 0 9 84 0 0 36 10005
2018-09-27T13:48Z 45 3 10 84 0 0 39 10005
2018-09-27T13:53Z 45 0 10 84 0 0 41 10005
2018-09-27T13:58Z 45 0 9 84 0 0 40 10005
2018-09-27T14:03Z 180 0 5 84 0 0 40 10008
2018-09-27T14:08Z 180 0 4 84 0 0 41 10009
2018-09-27T14:13Z 45 0 8 83 0 0 40 10010
2018-09-27T14:18Z 180 0 8 83 0 0 40 10012
2018-09-27T14:24Z 225 0 9 83 0 0 40 10011
2018-09-27T14:29Z 225 0 9 83 0 0 40 10012
2018-09-27T14:34Z 135 1 13 83 0 0 40 10014
2018-09-27T14:39Z 135 0 13 83 0 0 40 10014
2018-09-27T14:44Z 90 6 17 83 0 0 40 10013
2018-09-27T14:49Z 135 1 17 83 0 0 40 10013
2018-09-27T14:54Z 90 0 12 83 0 0 39 10016
2018-09-27T14:59Z 135 9 15 83 0 0 39 10015
2018-09-27T15:04Z 90 5 15 83 0 0 36 10015
2018-09-27T15:09Z 45 2 15 83 0 0 36 10014
2018-09-27T15:14Z 45 0 12 83 0 0 35 10016
2018-09-27T15:19Z 180 0 7 83 0 0 35 10016
2018-09-27T15:25Z 135 2 6 83 0 0 35 10017
2018-09-27T15:30Z 90 3 13 83 0 0 35 10016
2018-09-27T15:35Z 90 2 13 83 0 0 35 10016
2018-09-27T15:40Z 135 2 12 83 0 0 35 10015
2018-09-27T15:45Z 225 0 9 83 0 0 35 10015
2018-09-27T15:50Z 225 0 4 82 0 0 34 10013
2018-09-27T15:55Z 180 0 4 82 0 0 34 10014
2018-09-27T16:00Z 45 4 12 82 0 0 35 10016
2018-09-27T16:05Z 180 3 13 82 0 0 35 10017
2018-09-27T16:10Z 45 0 13 82 0 0 35 10018
2018-09-27T16:15Z 90 3 12 82 0 0 35 10018
2018-09-27T16:20Z 90 5 15 82 0 0 36 10019
2018-09-27T16:25Z 45 3 15 82 0 0 36 10019
2018-09-27T16:31Z 135 0 12 82 0 0 36 10019
2018-09-27T16:36Z 45 0 7 82 0 0 36 10017
2018-09-27T16:41Z 225 0 4 82 0 0 36 10016
2018-09-27T16:46Z 180 0 8 82 0 0 36 10015
2018-09-27T16:51Z 225 0 8 82 0 0 35 10015
2018-09-27T16:56Z 45 0 4 82 0 0 35 10015
2018-09-27T17:01Z 225 0 6 82 0 0 35 10015
2018-09-27T17:06Z 90 0 6 82 0 0 35 10015
2018-09-27T17:11Z 225 0 6 82 0 0 34 10012
2018-09-27T17:16Z 225 0 6 82 0 0 34 10014
2018-09-27T17:21Z 225 1 6 81 0 0 34 10012
2018-09-27T17:26Z 45 1 9 81 0 0 34 10012
2018-09-27T17:32Z 45 2 9 81 0 0 34 10013
2018-09-27T17:37Z 225 0 11 81 0 0 34 10012
2018-09-27T17:42Z 270 0 11 81 0 0 34 10010
2018-09-27T17:47Z 45 0 6 81 0 0 34 10008
2018-09-27T17:52Z 45 3 9 81 0 0 34 10008
2018-09-27T17:57Z 45 1 9 81 0 0 34 10009
2018-09-27T18:02Z 45 0 6 81 0 0 34 10008
2018-09-27T18:07Z 45 1 12 81 0 0 34 10007
2018-09-27T18:12Z 45 1 12 81 0 0 34 10002
2018-09-27T18:17Z 45 1 6 81 0 0 34 10001
2018-09-27T18:22Z 45 0 6 81 0 0 34 10001
2018-09-27T18:27Z 45 0 8 81 0 0 34 10002
2018-09-27T18:32Z 45 0 8 81 0 0 34 10002
2018-09-27T18:38Z 45 0 8 81 0 0 34 10002
2018-09-27T18:43Z 45 2 9 81 0 0 34 10001
2018-09-27T18:48Z 45 0 9 81 0 0 34 10001
2018-09-27T18:53Z 45 0 5 81 0 0 34 9999
2018-09-27T18:58Z 45 0 4 81 0 0 34 9997
2018-09-27T19:03Z 180 3 8 81 0 0 34 9998
2018-09-27T19:08Z 225 1 8 81 0 0 34 9999
2018-09-27T19:13Z 45 1 8 81 0 0 34 10000
2018-09-27T19:18Z 225 0 6 81 0 0 34 10001
2018-09-27T19:23Z 270 0 3 81 0 0 34 10000
2018-09-27T19:28Z 315 0 3 82 0 0 34 9998
2018-09-27T19:33Z 315 0 0 82 0 0 34 10001
2018-09-27T19:39Z 45 0 6 82 0 0 34 9998
2018-09-27T19:44Z 135 2 9 82 0 0 34 9997
2018-09-27T19:49Z 90 2 9 82 0 0 34 9997
2018-09-27T19:54Z 225 6 12 82 0 0 35 9997
2018-09-27T19:59Z 45 6 12 82 0 0 35 9997
2018-09-27T20:04Z 180 7 15 81 0 0 45 9996
2018-09-27T20:09Z 45 5 15 81 0 0 50 9996
2018-09-27T20:14Z 45 6 15 81 0 0 47 9994
2018-09-27T20:19Z 225 7 15 80 1 1 43 9996
2018-09-27T20:24Z 135 3 15 79 1 1 40 9997
2018-09-27T20:29Z 45 0 12 79 1 1 39 9997
2018-09-27T20:34Z 90 2 6 79 1 1 38 9997
2018-09-27T20:39Z 135 6 13 78 1 1 39 9996
2018-09-27T20:45Z 225 8 13 78 1 1 39 9996
2018-09-27T20:50Z 225 6 12 78 1 1 38 9994
2018-09-27T20:55Z 180 4 12 78 1 1 38 9994
2018-09-27T21:00Z 135 2 12 78 1 1 37 9993
2018-09-27T21:05Z 225 0 6 78 1 1 37 9994
2018-09-27T21:10Z 135 0 6 78 1 1 36 9996
2018-09-27T21:15Z 180 1 6 78 1 1 36 9994
2018-09-27T21:20Z 225 2 6 78 0 1 36 9994
2018-09-27T21:25Z 225 2 6 78 0 1 36 9994
2018-09-27T21:30Z 225 3 6 78 0 1 36 9993
2018-09-27T21:35Z 225 2 6 78 0 1 36 9994
2018-09-27T21:40Z 135 0 6 78 0 1 36 9994
2018-09-27T21:46Z 225 0 3 78 0 1 35 9994
2018-09-27T21:51Z 180 0 3 78 0 1 35 9994
2018-09-27T21:56Z 0 0 3 78 0 1 35 9994
2018-09-27T22:01Z 225 0 3 78 0 1 35 9994
2018-09-27T22:06Z 45 1 6 78 0 1 35 9993
2018-09-27T22:11Z 90 0 6 78 0 1 34 9993
2018-09-27T22:16Z 45 0 6 78 0 1 34 9993
2018-09-27T22:21Z 45 0 6 78 0 1 34 9993
2018-09-27T22:26Z 180 0 6 79 0 1 34 9992
2018-09-27T22:31Z 45 0 3 79 0 1 34 9993
2018-09-27T22:36Z 180 0 4 79 0 1 34 9994
2018-09-27T22:41Z 45 0 5 79 0 1 34 9995
2018-09-27T22:46Z 180 0 7 79 0 1 34 9996
2018-09-27T22:52Z 45 1 7 80 0 1 34 9996
2018-09-27T22:57Z 45 1 7 80 0 1 34 9998
2018-09-27T23:02Z 45 2 7 80 0 1 34 9998
2018-09-27T23:07Z 45 3 6 80 0 1 34 9999
2018-09-27T23:12Z 45 1 6 80 0 1 33 9998
2018-09-27T23:17Z 45 3 10 81 0 1 33 9999
2018-09-27T23:22Z 45 3 12 81 0 1 33 9998
2018-09-27T23:27Z 45 2 12 81 0 1 33 9998
2018-09-27T23:32Z 45 5 15 81 0 1 33 9999
2018-09-27T23:37Z 45 1 15 82 0 1 33 10000
2018-09-27T23:42Z 45 2 11 82 0 1 33 10001
2018-09-27T23:47Z 45 1 9 83 0 1 33 10003
2018-09-27T23:53Z 45 1 12 84 0 1 34 10003
2018-09-27T23:58Z 45 2 12 84 0 1 35 10004
2018-09-28T00:03Z 45 1 12 84 0 1 35 10005
2018-09-28T00:08Z 45 3 13 83 0 1 35 10004
2018-09-28T00:13Z 45 3 13 84 0 1 35 10004
2018-09-28T00:18Z 90 3 14 84 0 1 36 10004
2018-09-28T00:23Z 225 5 14 85 0 1 38 10005
2018-09-28T00:28Z 90 0 12 85 0 1 39 10007
2018-09-28T00:33Z 45 3 12 86 0 1 41 10007
2018-09-28T00:38Z 45 0 9 86 0 1 40 10008
2018-09-28T00:43Z 45 0 9 86 0 1 40 10008
2018-09-28T00:48Z 45 1 5 86 0 1 41 10008
2018-09-28T00:53Z 45 3 14 86 0 1 43 10010
2018-09-28T00:59Z 45 3 14 86 0 1 46 10010
2018-09-28T01:04Z 45 2 14 86 0 1 45 10012
2018-09-28T01:09Z 45 0 10 88 0 1 46 10012
2018-09-28T01:14Z 45 1 6 91 0 1 55 10011
2018-09-28T01:19Z 45 1 8 94 0 1 60 10013
2018-09-28T01:24Z 45 6 13 96 0 1 57 10013
2018-09-28T01:29Z 90 5 13 96 0 1 57 10014
2018-09-28T01:34Z 45 1 12 98 0 1 54 10014
2018-09-28T01:39Z 45 3 11 99 0 1 52 10015
2018-09-28T01:44Z 270 0 12 98 0 1 53 10016
2018-09-28T01:49Z 45 0 12 98 0 1 54 10016
2018-09-28T01:54Z 270 0 4 97 0 1 54 10016
2018-09-28T02:00Z 180 1 9 96 0 1 56 10017
2018-09-28T02:05Z 225 1 9 94 0 1 57 10016
2018-09-28T02:10Z 225 6 13 94 0 1 58 10016
2018-09-28T02:15Z 225 4 13 93 0 1 59 10015
2018-09-28T02:20Z 225 0 9 92 0 1 60 10016
2018-09-28T02:25Z 225 0 9 92 0 1 61 10016
2018-09-28T02:30Z 225 0 5 93 0 1 61 10015
2018-09-28T02:35Z 45 2 12 93 0 1 60 10016
2018-09-28T02:40Z 225 0 12 94 0 1 59 10015
2018-09-28T02:45Z 45 0 4 98 0 1 56 10016
2018-09-28T02:50Z 45 0 9 104 0 1 48 10015
2018-09-28T02:55Z 45 2 9 108 0 1 41 10016
2018-09-28T03:00Z 45 0 9 112 0 1 37 10016
2018-09-28T03:06Z 45 2 9 114 0 1 34 10016
2018-09-28T03:11Z 45 3 14 111 0 1 36 10016
2018-09-28T03:16Z 45 5 14 108 0 1 40 10015
2018-09-28T03:21Z 45 5 18 104 0 1 44 10016
2018-09-28T03:26Z 45 6 18 102 0 1 47 10015
2018-09-28T03:31Z 225 7 19 98 0 1 52 10014
2018-09-28T03:36Z 225 2 19 95 0 1 56 10015
2018-09-28T03:41Z 180 6 18 96 0 1 54 10014
2018-09-28T03:46Z 180 3 18 98 0 1 53 10014
2018-09-28T03:51Z 45 1 18 102 0 1 48 10013
2018-09-28T03:56Z 45 0 13 105 0 1 43 10012
2018-09-28T04:01Z 45 0 9 109 0 1 39 10010
2018-09-28T04:07Z 45 1 8 111 0 1 36 10010
2018-09-28T04:12Z 45 1 8 113 0 1 34 10009
2018-09-28T04:17Z 45 2 9 114 0 1 33 10009
2018-09-28T04:22Z 180 5 13 112 0 1 35 10009
2018-09-28T04:27Z 45 4 16 110 0 1 36 10007
2018-09-28T04:32Z 45 0 16 111 0 1 36 10006
2018-09-28T04:37Z 45 0 6 113 0 1 35 10007
2018-09-28T04:42Z 45 0 6 116 0 1 33 10006
2018-09-28T04:47Z 45 1 5 117 0 1 30 10005
2018-09-28T04:52Z 45 0 9 114 0 1 32 10004
2018-09-28T04:57Z 45 0 9 111 0 1 34 10004
2018-09-28T05:02Z 180 0 6 108 0 1 37 10003
2018-09-28T05:07Z 45 2 8 106 0 1 40 10001
2018-09-28T05:13Z 135 0 8 104 0 1 43 10001
2018-09-28T05:18Z 45 1 6 102 0 1 44 9999
2018-09-28T05:23Z 225 0 6 101 0 1 46 9999
2018-09-28T05:28Z 90 5 11 99 0 1 50 9998
2018-09-28T05:33Z 225 12 26 94 0 1 56 9999
2018-09-28T05:38Z 225 18 33 90 0 1 59 9997
2018-09-28T05:43Z 180 15 33 89 0 1 61 9996
2018-09-28T05:48Z 45 31 55 85 0 1 63 9994
2018-09-28T05:53Z 90 24 55 82 0 1 62 9997
2018-09-28T05:58Z 45 17 54 80 1 2 55 9996
2018-09-28T06:03Z 45 10 44 79 3 5 46 9995
2018-09-28T06:08Z 45 6 27 78 3 5 38 9997
2018-09-28T06:14Z 45 3 23 78 6 7 37 9996
2018-09-28T06:19Z 45 3 23 78 6 7 37 9996
2018-09-28T06:24Z 45 3 23 78 6 7 37 9996
2018-09-28T06:29Z 45 4 15 78 16 18 36 9987
2018-09-28T06:34Z 45 6 15 78 16 18 36 9991
2018-09-28T06:39Z 45 5 15 78 16 18 36 9987
2018-09-28T06:44Z 45 0 11 78 16 18 35 9989
2018-09-28T06:49Z 45 1 11 78 16 18 35 9989
2018-09-28T06:54Z 45 1 7 79 16 18 34 9990
2018-09-28T06:59Z 45 3 9 79 14 18 34 9991
2018-09-28T07:04Z 45 0 9 79 13 18 34 9992
2018-09-28T07:09Z 135 3 10 79 13 18 34 9990
2018-09-28T07:14Z 45 2 10 79 9 18 35 9990
2018-09-28T07:20Z 45 4 13 79 1 18 35 9988
2018-09-28T07:25Z 45 3 13 79 0 18 36 9986
2018-09-28T07:30Z 45 2 7 79 0 18 35 9987
2018-09-28T07:35Z 45 2 11 79 0 18 35 9984
2018-09-28T07:40Z 45 1 11 79 0 18 36 9983
2018-09-28T07:45Z 45 0 7 79 0 18 36 9983
2018-09-28T07:50Z 45 0 7 79 0 18 35 9982
2018-09-28T07:55Z 45 2 7 80 0 18 36 9984
2018-09-28T08:00Z 45 0 8 80 0 18 36 9982
2018-09-28T08:05Z 45 1 8 80 0 18 36 9981
2018-09-28T08:10Z 45 0 8 80 0 18 35 9979
2018-09-28T08:15Z 45 0 7 80 0 18 35 9976
2018-09-28T08:20Z 225 0 5 80 0 18 36 9976
2018-09-28T08:26Z 45 0 3 80 0 18 35 9976
2018-09-28T08:31Z 45 0 3 81 0 18 36 9979
2018-09-28T08:36Z 45 1 7 81 0 18 37 9976
2018-09-28T08:41Z 45 1 7 81 0 18 38 9976
2018-09-28T08:46Z 45 3 13 81 1 19 39 9977
2018-09-28T08:51Z 45 2 13 81 1 19 38 9979
2018-09-28T08:56Z 45 2 10 81 1 19 38 9978
2018-09-28T09:01Z 45 1 10 81 1 19 38 9977
2018-09-28T09:06Z 45 0 6 82 1 19 39 9977
2018-09-28T09:11Z 45 0 6 82 1 19 39 9978
2018-09-28T09:16Z 45 0 6 82 1 19 40 9978
2018-09-28T09:21Z 225 0 6 82 1 19 40 9977
2018-09-28T09:27Z 90 0 3 83 1 19 41 9978
2018-09-28T09:32Z 45 0 6 83 1 19 41 9978
2018-09-28T09:37Z 225 0 6 83 1 19 42 9978
2018-09-28T09:42Z 135 0 3 83 1 19 41 9979
2018-09-28T09:47Z 180 0 3 83 0 19 42 9980
2018-09-28T09:52Z 45 0 3 83 0 19 43 9981
2018-09-28T09:57Z 225 0 3 83 0 19 43 9980
2018-09-28T10:02Z 45 1 6 83 0 19 42 9978
2018-09-28T10:07Z 45 0 6 83 0 19 41 9976
2018-09-28T10:12Z 225 0 3 83 0 19 40 9980
2018-09-28T10:17Z 225 0 0 83 0 19 41 9978
2018-09-28T10:22Z 225 0 0 83 0 19 41 9980
2018-09-28T10:27Z 225 0 3 82 0 19 41 9982
2018-09-28T10:33Z 45 2 6 82 0 19 39 9985
2018-09-28T10:38Z 45 3 6 82 0 19 38 9986
2018-09-28T10:43Z 45 0 7 81 0 19 37 9988
2018-09-28T10:48Z 90 0 7 81 0 19 36 9989
2018-09-28T10:53Z 180 0 4 81 0 19 36 9991
2018-09-28T10:58Z 45 0 6 81 0 19 35 9993
2018-09-28T11:03Z 45 0 6 81 0 19 35 9994
2018-09-28T11:08Z 180 1 6 81 0 19 34 9996
2018-09-28T11:13Z 45 0 6 80 0 19 34 9995
2018-09-28T11:18Z 45 0 6 80 0 19 34 9995
2018-09-28T11:23Z 225 0 6 80 0 19 34 9996
2018-09-28T11:28Z 180 0 3 80 0 19 34 9994
2018-09-28T11:34Z 225 0 0 80 0 19 34 9994
2018-09-28T11:39Z 180 0 3 80 0 19 33 9992