2018-11-19T00:43Z 90 8 17 82 0 0 75 10072
2018-11-19T00:48Z 45 8 19 81 0 0 76 10074
2018-11-19T00:53Z 45 8 21 81 0 0 76 10074
2018-11-19T00:58Z 45 4 21 81 0 0 76 10076
2018-11-19T01:03Z 45 3 10 81 0 0 76 10077
2018-11-19T01:08Z 45 5 13 81 0 0 76 10075
2018-11-19T01:13Z 45 6 15 81 0 0 76 10077
2018-11-19T01:18Z 45 6 15 82 0 0 76 10076
2018-11-19T01:23Z 45 7 15 82 0 0 75 10075
2018-11-19T01:29Z 45 6 15 83 0 0 74 10078
2018-11-19T01:34Z 45 6 15 84 0 0 72 10078
2018-11-19T01:39Z 45 6 15 85 0 0 69 10077
2018-11-19T01:44Z 45 7 18 85 0 0 68 10078
2018-11-19T01:49Z 45 6 18 85 0 0 68 10078
2018-11-19T01:54Z 45 8 15 85 0 0 67 10078
2018-11-19T01:59Z 45 4 16 85 0 0 68 10078
2018-11-19T02:04Z 45 7 16 86 0 0 66 10076
2018-11-19T02:09Z 45 8 15 86 0 0 65 10076
2018-11-19T02:14Z 45 6 15 85 0 0 67 10077
2018-11-19T02:19Z 45 9 15 84 0 0 68 10079
2018-11-19T02:24Z 45 5 15 84 0 0 69 10076
2018-11-19T02:29Z 45 6 21 84 0 0 68 10074
2018-11-19T02:34Z 45 6 21 87 0 0 66 10074
2018-11-19T02:39Z 45 9 18 89 0 0 61 10074
2018-11-19T02:44Z 45 9 25 88 0 0 61 10074
2018-11-19T02:50Z 45 8 25 87 0 0 63 10074
2018-11-19T02:55Z 45 8 18 86 0 0 65 10073
2018-11-19T03:00Z 45 10 21 86 0 0 66 10073
2018-11-19T03:05Z 45 12 23 87 0 0 64 10073
2018-11-19T03:10Z 45 6 28 88 0 0 62 10074
2018-11-19T03:15Z 45 9 30 89 0 0 60 10073
2018-11-19T03:20Z 45 13 30 89 0 0 58 10074
2018-11-19T03:25Z 45 12 28 89 0 0 59 10070
2018-11-19T03:30Z 90 16 33 89 0 0 58 10070
2018-11-19T03:35Z 135 15 33 90 0 0 56 10069
2018-11-19T03:40Z 90 13 37 89 0 0 57 10070
2018-11-19T03:45Z 45 14 46 88 0 0 60 10069
2018-11-19T03:50Z 45 9 46 90 0 0 59 10070
2018-11-19T03:55Z 45 8 25 92 0 0 54 10069
2018-11-19T04:00Z 45 10 31 91 0 0 55 10067
2018-11-19T04:05Z 45 15 32 90 0 0 55 10067
2018-11-19T04:10Z 135 13 37 90 0 0 56 10066
2018-11-19T04:16Z 45 10 37 90 0 0 56 10067
2018-11-19T04:21Z 45 7 36 92 0 0 53 10065
2018-11-19T04:26Z 45 16 37 93 0 0 51 10063
2018-11-19T04:31Z 45 12 37 93 0 0 52 10064
2018-11-19T04:36Z 45 19 40 93 0 0 51 10062
2018-11-19T04:41Z 45 12 45 91 0 0 53 10062
2018-11-19T04:46Z 45 22 53 92 0 0 51 10061
2018-11-19T04:51Z 45 12 53 92 0 0 53 10060
2018-11-19T04:56Z 45 11 40 93 0 0 51 10061
2018-11-19T05:01Z 90 17 59 92 0 0 52 10059
2018-11-19T05:06Z 45 18 59 91 0 0 54 10058
2018-11-19T05:11Z 45 20 48 92 0 0 53 10057
2018-11-19T05:16Z 90 22 48 93 0 0 51 10055
2018-11-19T05:21Z 135 15 47 93 0 0 52 10056
2018-11-19T05:26Z 45 22 53 93 0 0 51 10053
2018-11-19T05:31Z 90 20 56 91 0 0 54 10054
2018-11-19T05:37Z 45 20 56 90 0 0 56 10053
2018-11-19T05:42Z 45 12 47 90 0 0 57 10054
2018-11-19T05:47Z 45 25 41 89 0 0 59 10053
2018-11-19T05:52Z 45 17 52 87 0 0 63 10052
2018-11-19T05:57Z 45 22 55 85 0 0 63 10050
2018-11-19T06:02Z 135 22 55 85 0 0 61 10050
2018-11-19T06:07Z 45 16 53 86 0 0 60 10048
2018-11-19T06:12Z 45 24 52 88 0 0 57 10047
2018-11-19T06:17Z 90 27 50 90 0 0 54 10046
2018-11-19T06:22Z 45 19 53 92 0 0 51 10045
2018-11-19T06:27Z 45 25 53 92 0 0 50 10047
2018-11-19T06:32Z 45 23 46 91 0 0 53 10046
2018-11-19T06:37Z 45 18 46 90 0 0 55 10046
2018-11-19T06:42Z 45 21 41 90 0 0 56 10044
2018-11-19T06:47Z 45 12 41 90 0 0 56 10044
2018-11-19T06:52Z 45 14 31 90 0 0 55 10042
2018-11-19T06:58Z 45 15 53 90 0 0 54 10043
2018-11-19T07:03Z 90 15 53 90 0 0 54 10042
2018-11-19T07:08Z 45 16 39 91 0 0 54 10039
2018-11-19T07:13Z 45 15 39 93 0 0 51 10040
2018-11-19T07:18Z 45 28 61 92 0 0 48 10038
2018-11-19T07:23Z 45 28 61 91 0 0 51 10039
2018-11-19T07:28Z 135 15 53 90 0 0 53 10038
2018-11-19T07:33Z 45 17 47 89 0 0 54 10039
2018-11-19T07:38Z 45 19 40 89 0 0 54 10036
2018-11-19T07:43Z 90 22 45 89 0 0 54 10038
2018-11-19T07:48Z 135 16 45 89 0 0 55 10036
2018-11-19T07:53Z 90 8 43 91 0 0 53 10037
2018-11-19T07:58Z 90 10 27 93 0 0 50 10036
2018-11-19T08:03Z 135 22 41 94 0 0 47 10034
2018-11-19T08:08Z 90 26 51 93 0 0 49 10037
2018-11-19T08:13Z 90 19 51 92 0 0 51 10035
2018-11-19T08:18Z 45 12 41 93 0 0 49 10035
2018-11-19T08:24Z 135 20 50 93 0 0 48 10037
2018-11-19T08:29Z 45 22 53 94 0 0 47 10036
2018-11-19T08:34Z 90 12 56 94 0 0 46 10035
2018-11-19T08:39Z 135 25 56 94 0 0 46 10034
2018-11-19T08:44Z 45 18 56 93 0 0 47 10035
2018-11-19T08:49Z 45 23 52 92 0 0 49 10036
2018-11-19T08:54Z 90 19 50 91 0 0 50 10035
2018-11-19T08:59Z 45 13 42 90 0 0 53 10037
2018-11-19T09:04Z 45 12 34 90 0 0 53 10035
2018-11-19T09:09Z 45 8 34 89 0 0 55 10037
2018-11-19T09:14Z 45 9 33 89 0 0 55 10039
2018-11-19T09:19Z 135 12 26 89 0 0 55 10038
2018-11-19T09:24Z 45 15 42 89 0 0 55 10039
2018-11-19T09:29Z 45 13 42 89 0 0 56 10038
2018-11-19T09:34Z 45 11 31 89 0 0 56 10039
2018-11-19T09:39Z 45 20 36 89 0 0 56 10039
2018-11-19T09:45Z 45 15 43 88 0 0 57 10040
2018-11-19T09:50Z 90 12 51 88 0 0 57 10039
2018-11-19T09:55Z 45 12 51 88 0 0 58 10041
2018-11-19T10:00Z 45 12 40 88 0 0 58 10041
2018-11-19T10:05Z 45 6 39 87 0 0 59 10041
2018-11-19T10:10Z 45 12 33 87 0 0 60 10044
2018-11-19T10:15Z 45 11 33 87 0 0 60 10042
2018-11-19T10:20Z 45 12 44 86 0 0 61 10042
2018-11-19T10:25Z 45 15 44 86 0 0 62 10042
2018-11-19T10:30Z 45 17 37 85 0 0 63 10042
2018-11-19T10:35Z 90 11 37 85 0 0 64 10044
2018-11-19T10:40Z 90 16 33 84 0 0 65 10042
2018-11-19T10:45Z 45 15 33 84 0 0 66 10043
2018-11-19T10:50Z 90 10 34 84 0 0 67 10044
2018-11-19T10:55Z 45 9 34 83 0 0 67 10046
2018-11-19T11:00Z 45 7 21 83 0 0 68 10045
2018-11-19T11:06Z 45 9 25 83 0 0 69 10047
2018-11-19T11:11Z 135 10 34 83 0 0 70 10048
2018-11-19T11:16Z 90 10 34 83 0 0 70 10049
2018-11-19T11:21Z 90 6 29 82 0 0 71 10049
2018-11-19T11:26Z 45 13 32 82 0 0 71 10049
2018-11-19T11:31Z 45 9 32 82 0 0 72 10051
2018-11-19T11:36Z 90 10 36 82 0 0 72 10052
2018-11-19T11:41Z 90 6 36 82 0 0 72 10052
2018-11-19T11:46Z 90 7 22 82 0 0 73 10053
2018-11-19T11:51Z 45 10 24 82 0 0 74 10054
2018-11-19T11:56Z 45 6 24 81 0 0 74 10054
2018-11-19T12:01Z 90 9 18 81 0 0 75 10055
2018-11-19T12:06Z 90 6 18 81 0 0 75 10057
2018-11-19T12:11Z 45 6 18 81 0 0 75 10056
2018-11-19T12:16Z 45 7 17 81 0 0 75 10058
2018-11-19T12:21Z 135 6 18 81 0 0 75 10058
2018-11-19T12:26Z 90 3 18 81 0 0 76 10059
2018-11-19T12:32Z 90 7 15 81 0 0 76 10061
2018-11-19T12:37Z 135 6 15 81 0 0 76 10060
2018-11-19T12:42Z 135 6 24 81 0 0 76 10059
2018-11-19T12:47Z 45 5 24 81 0 0 76 10061
2018-11-19T12:52Z 90 7 20 81 0 0 76 10061
2018-11-19T12:57Z 45 8 18 81 0 0 76 10062
2018-11-19T13:02Z 90 6 18 81 0 0 77 10061
2018-11-19T13:07Z 135 7 18 81 0 0 77 10063
2018-11-19T13:12Z 45 6 31 81 0 0 76 10063
2018-11-19T13:17Z 45 8 31 81 0 0 76 10064
2018-11-19T13:22Z 45 7 24 81 0 0 77 10065
2018-11-19T13:27Z 90 8 21 81 0 0 77 10066
2018-11-19T13:32Z 90 8 25 81 0 0 77 10065
2018-11-19T13:37Z 45 6 25 81 0 0 77 10067
2018-11-19T13:42Z 45 6 24 81 0 0 77 10069
2018-11-19T13:47Z 45 8 27 81 0 0 77 10070
2018-11-19T13:53Z 90 9 30 81 0 0 77 10070
2018-11-19T13:58Z 90 9 30 81 0 0 77 10070
2018-11-19T14:03Z 45 6 24 81 0 0 77 10070
2018-11-19T14:08Z 45 6 22 81 0 0 77 10072
2018-11-19T14:13Z 45 8 21 81 0 0 77 10071
2018-11-19T14:18Z 90 8 21 81 0 0 77 10070
2018-11-19T14:23Z 45 6 18 81 0 0 77 10071
2018-11-19T14:28Z 90 6 18 81 0 0 77 10072
2018-11-19T14:33Z 45 6 18 81 0 0 77 10070
2018-11-19T14:38Z 45 5 18 81 0 0 78 10071
2018-11-19T14:43Z 90 6 15 81 0 0 78 10072
2018-11-19T14:48Z 45 5 16 81 0 0 77 10072
2018-11-19T14:53Z 135 6 15 81 0 0 77 10072
2018-11-19T14:58Z 45 3 18 81 0 0 77 10073
2018-11-19T15:03Z 90 10 18 81 0 0 77 10073
2018-11-19T15:08Z 90 6 18 81 0 0 77 10073
2018-11-19T15:14Z 135 7 19 81 0 0 77 10074
2018-11-19T15:19Z 135 5 19 81 0 0 77 10074
2018-11-19T15:24Z 135 6 18 81 0 0 77 10075
2018-11-19T15:29Z 90 3 13 81 0 0 77 10075
2018-11-19T15:34Z 90 6 14 81 0 0 77 10074
2018-11-19T15:39Z 90 6 14 81 0 0 77 10075
2018-11-19T15:44Z 90 8 18 81 0 0 77 10074
2018-11-19T15:49Z 90 9 18 80 0 0 78 10073
2018-11-19T15:57Z 45 13 28 80 0 0 78 10074
2018-11-19T16:02Z 90 12 28 80 0 0 78 10074
2018-11-19T16:07Z 45 12 25 80 0 0 78 10074
2018-11-19T16:12Z 135 10 25 80 0 0 78 10074
2018-11-19T16:17Z 135 6 24 80 0 0 78 10074
2018-11-19T16:22Z 135 7 18 80 0 0 78 10075
2018-11-19T16:27Z 90 10 21 80 0 0 79 10074
2018-11-19T16:32Z 90 9 21 80 0 0 79 10074
2018-11-19T16:37Z 135 9 19 80 0 0 79 10073
2018-11-19T16:42Z 90 10 19 79 0 0 80 10073
2018-11-19T16:47Z 135 12 18 79 0 0 80 10071
2018-11-19T16:52Z 45 9 22 79 0 0 80 10071
2018-11-19T16:57Z 90 8 22 79 0 0 80 10070
2018-11-19T17:02Z 90 7 21 79 0 0 80 10070
2018-11-19T17:07Z 45 9 18 79 0 0 81 10070
2018-11-19T17:13Z 90 8 15 79 0 0 81 10069
2018-11-19T17:18Z 45 7 15 79 0 0 81 10069
2018-11-19T17:23Z 135 6 15 79 0 0 81 10068
2018-11-19T17:28Z 90 6 15 79 0 0 81 10067
2018-11-19T17:33Z 90 4 12 79 0 0 81 10067
2018-11-19T17:38Z 135 2 12 79 0 0 81 10066
2018-11-19T17:43Z 135 5 15 79 0 0 81 10065
2018-11-19T17:48Z 45 6 15 79 0 0 81 10065
2018-11-19T17:53Z 135 3 12 79 0 0 82 10065
2018-11-19T17:58Z 135 2 12 79 0 0 82 10064
2018-11-19T18:03Z 135 4 12 79 0 0 82 10063
2018-11-19T18:08Z 180 3 11 79 0 0 82 10063
2018-11-19T18:13Z 135 4 12 79 0 0 82 10063
2018-11-19T18:18Z 180 3 12 79 0 0 82 10063
2018-11-19T18:23Z 90 3 9 78 0 0 83 10062
2018-11-19T18:28Z 90 6 12 78 0 0 83 10062
2018-11-19T18:34Z 90 7 15 78 0 0 83 10061
2018-11-19T18:39Z 135 5 15 78 0 0 83 10060
2018-11-19T18:44Z 135 8 21 78 0 0 83 10060
2018-11-19T18:49Z 90 8 21 78 0 0 83 10059
2018-11-19T18:54Z 90 9 19 78 0 0 82 10058
2018-11-19T18:59Z 45 16 27 78 0 0 82 10056
2018-11-19T19:04Z 90 11 27 78 0 0 81 10056
2018-11-19T19:09Z 45 10 22 79 0 0 81 10055
2018-11-19T19:14Z 90 8 22 79 0 0 81 10054
2018-11-19T19:19Z 90 12 21 78 0 0 81 10053
2018-11-19T19:24Z 90 12 22 78 0 0 81 10054
2018-11-19T19:29Z 135 12 25 78 0 0 81 10053
2018-11-19T19:34Z 45 13 25 78 0 0 81 10052
2018-11-19T19:39Z 45 11 21 78 0 0 82 10052
2018-11-19T19:44Z 90 9 21 78 0 0 82 10052
2018-11-19T19:49Z 135 4 18 78 0 0 82 10052
2018-11-19T19:54Z 90 5 18 78 0 0 82 10050
2018-11-19T20:00Z 90 5 15 78 0 0 83 10050
2018-11-19T20:05Z 90 8 15 78 0 0 83 10049
2018-11-19T20:10Z 45 7 15 78 0 0 83 10051
2018-11-19T20:15Z 135 9 17 78 0 0 83 10049
2018-11-19T20:20Z 135 6 18 78 0 0 83 10051
2018-11-19T20:25Z 45 9 21 78 0 0 83 10051
2018-11-19T20:30Z 135 10 21 78 0 0 83 10050
2018-11-19T20:35Z 90 10 21 78 0 0 83 10049
2018-11-19T20:40Z 135 10 18 78 0 0 83 10048
2018-11-19T20:45Z 90 9 18 78 0 0 83 10049
2018-11-19T20:50Z 90 7 18 78 0 0 83 10048
2018-11-19T20:55Z 45 4 18 78 0 0 83 10048
2018-11-19T21:00Z 45 3 12 77 0 0 84 10049
2018-11-19T21:05Z 45 3 12 77 0 0 84 10049
2018-11-19T21:10Z 45 3 9 77 0 0 85 10050
2018-11-19T21:15Z 45 3 8 77 0 0 85 10049
2018-11-19T21:21Z 45 1 8 77 0 0 85 10048
2018-11-19T21:26Z 90 2 8 77 0 0 85 10050
2018-11-19T21:31Z 45 3 7 77 0 0 86 10049
2018-11-19T21:36Z 45 3 9 77 0 0 86 10048
2018-11-19T21:41Z 45 2 9 76 0 0 86 10050
2018-11-19T21:46Z 45 3 9 76 0 0 86 10051
2018-11-19T21:51Z 45 2 9 76 0 0 87 10052
2018-11-19T21:56Z 45 1 6 76 0 0 87 10052
2018-11-19T22:01Z 45 3 6 76 0 0 87 10053
2018-11-19T22:06Z 45 3 9 76 0 0 88 10054
2018-11-19T22:11Z 45 3 9 76 0 0 88 10055
2018-11-19T22:16Z 45 3 9 76 0 0 88 10057
2018-11-19T22:21Z 45 5 9 76 0 0 88 10056
2018-11-19T22:26Z 45 6 14 76 0 0 87 10057
2018-11-19T22:31Z 45 4 14 76 0 0 87 10056
2018-11-19T22:36Z 45 3 12 76 0 0 87 10058
2018-11-19T22:41Z 45 2 12 76 0 0 87 10058
2018-11-19T22:47Z 45 3 9 76 0 0 87 10060
2018-11-19T22:52Z 45 2 9 76 0 0 87 10060
2018-11-19T22:57Z 45 2 9 76 0 0 87 10061
2018-11-19T23:02Z 45 2 7 76 0 0 87 10061
2018-11-19T23:07Z 45 3 11 76 0 0 87 10062
2018-11-19T23:12Z 45 3 11 76 0 0 87 10063
2018-11-19T23:17Z 45 4 9 76 0 0 87 10065
2018-11-19T23:22Z 45 4 9 76 0 0 87 10064
2018-11-19T23:27Z 45 5 11 77 0 0 86 10064
2018-11-19T23:32Z 45 5 11 77 0 0 86 10064
2018-11-19T23:37Z 45 4 9 78 0 0 85 10065
2018-11-19T23:42Z 45 3 9 78 0 0 85 10066
2018-11-19T23:47Z 45 3 10 79 0 0 83 10067
2018-11-19T23:52Z 45 4 12 79 0 0 82 10067
2018-11-19T23:57Z 45 1 12 80 0 0 81 10067
2018-11-20T00:02Z 45 4 12 81 0 0 79 10068
2018-11-20T00:08Z 45 7 15 81 0 0 77 10069
2018-11-20T00:13Z 45 5 15 81 0 0 76 10070
2018-11-20T00:18Z 45 6 15 82 0 0 75 10070
2018-11-20T00:23Z 45 4 15 83 0 0 73 10072
2018-11-20T00:28Z 45 3 15 83 0 0 72 10072
2018-11-20T00:33Z 45 6 15 84 0 0 70 10072
2018-11-20T00:38Z 45 6 13 84 0 0 70 10073
2018-11-20T00:43Z 45 6 14 85 0 0 69 10074
2018-11-20T00:48Z 45 5 16 85 0 0 68 10075
2018-11-20T00:56Z 45 6 18 86 0 0 65 10077
2018-11-20T01:01Z 90 5 18 87 0 0 65 10077
2018-11-20T01:06Z 135 6 17 88 0 0 62 10079
2018-11-20T01:11Z 45 8 20 89 0 0 59 10079
2018-11-20T01:16Z 90 6 23 89 0 0 60 10078
2018-11-20T01:21Z 45 8 23 90 0 0 58 10080
2018-11-20T01:26Z 45 9 20 91 0 0 56 10080
2018-11-20T01:31Z 90 13 39 90 0 0 56 10080
2018-11-20T01:36Z 45 11 39 90 0 0 55 10081
2018-11-20T01:41Z 90 12 29 91 0 0 55 10080
2018-11-20T01:46Z 45 3 29 91 0 0 55 10082
2018-11-20T01:51Z 45 5 29 93 0 0 52 10081
2018-11-20T01:56Z 45 9 22 93 0 0 51 10082
2018-11-20T02:01Z 45 6 22 94 0 0 51 10083
2018-11-20T02:07Z 45 8 21 95 0 0 48 10081
2018-11-20T02:12Z 45 4 21 96 0 0 47 10081
2018-11-20T02:17Z 45 6 17 97 0 0 46 10082
2018-11-20T02:22Z 45 10 22 98 0 0 42 10083
2018-11-20T02:27Z 45 12 25 98 0 0 40 10082
2018-11-20T02:32Z 45 12 26 97 0 0 43 10081
2018-11-20T02:37Z 45 7 26 97 0 0 43 10082
2018-11-20T02:42Z 45 12 27 97 0 0 40 10080
2018-11-20T02:47Z 45 12 27 97 0 0 41 10081
2018-11-20T02:52Z 45 19 40 97 0 0 40 10081
2018-11-20T02:57Z 45 14 40 96 0 0 41 10080
2018-11-20T03:02Z 45 7 37 96 0 0 42 10080
2018-11-20T03:07Z 45 6 29 96 0 0 41 10080
2018-11-20T03:12Z 45 12 31 95 0 0 41 10078
2018-11-20T03:17Z 45 11 35 94 0 0 42 10077
2018-11-20T03:22Z 45 6 35 94 0 0 42 10077
2018-11-20T03:28Z 45 12 31 95 0 0 41 10076
2018-11-20T03:33Z 45 11 31 95 0 0 41 10076
2018-11-20T03:38Z 45 9 30 96 0 0 40 10074
2018-11-20T03:43Z 45 4 30 99 0 0 37 10075
2018-11-20T03:48Z 45 11 20 99 0 0 37 10075
2018-11-20T03:53Z 45 9 25 98 0 0 38 10073
2018-11-20T03:58Z 90 11 29 99 0 0 37 10072
2018-11-20T04:03Z 45 6 29 100 0 0 36 10072
2018-11-20T04:08Z 45 3 26 100 0 0 36 10073
2018-11-20T04:13Z 45 5 17 99 0 0 37 10072
2018-11-20T04:18Z 45 3 14 98 0 0 38 10071
2018-11-20T04:23Z 45 4 14 97 0 0 39 10070
2018-11-20T04:28Z 45 5 14 97 0 0 39 10069
2018-11-20T04:33Z 90 15 31 96 0 0 40 10068
2018-11-20T04:38Z 45 3 31 99 0 0 39 10069
2018-11-20T04:43Z 45 3 21 101 0 0 36 10068
2018-11-20T04:49Z 135 15 31 102 0 0 35 10067
2018-11-20T04:54Z 90 8 31 101 0 0 35 10066
2018-11-20T04:59Z 45 0 24 100 0 0 37 10066
2018-11-20T05:04Z 90 5 19 102 0 0 35 10066
2018-11-20T05:09Z 45 6 18 102 0 0 34 10064
2018-11-20T05:14Z 45 3 20 104 0 0 33 10065
2018-11-20T05:19Z 90 6 15 104 0 0 32 10061
2018-11-20T05:24Z 45 0 15 105 0 0 33 10060
2018-11-20T05:29Z 45 3 7 107 0 0 30 10060
2018-11-20T05:34Z 45 1 7 109 0 0 29 10058
2018-11-20T05:39Z 45 1 6 111 0 0 27 10056
2018-11-20T05:44Z 45 2 7 113 0 0 25 10055
2018-11-20T05:49Z 45 6 14 112 0 0 26 10055
2018-11-20T05:54Z 45 1 14 110 0 0 28 10053
2018-11-20T05:59Z 45 3 12 110 0 0 27 10052
2018-11-20T06:04Z 45 2 9 109 0 0 29 10052
2018-11-20T06:09Z 135 3 9 110 0 0 28 10049
2018-11-20T06:15Z 45 2 8 111 0 0 26 10050
2018-11-20T06:20Z 45 3 10 111 0 0 26 10047
2018-11-20T06:25Z 45 2 10 109 0 0 27 10047
2018-11-20T06:30Z 45 6 11 107 0 0 30 10047
2018-11-20T06:35Z 45 9 23 103 0 0 32 10045
2018-11-20T06:40Z 45 5 23 101 0 0 34 10043
2018-11-20T06:45Z 45 5 18 100 0 0 37 10042
2018-11-20T06:50Z 45 1 15 100 0 0 36 10042
2018-11-20T06:55Z 45 5 18 102 0 0 34 10041
2018-11-20T07:00Z 45 1 18 102 0 0 34 10041
2018-11-20T07:05Z 45 4 11 102 0 0 34 10041
2018-11-20T07:10Z 45 1 11 102 0 0 34 10040
2018-11-20T07:15Z 45 1 7 102 0 0 34 10038
2018-11-20T07:20Z 45 2 10 100 0 0 36 10039
2018-11-20T07:25Z 90 5 10 97 0 0 38 10038
2018-11-20T07:30Z 45 3 10 96 0 0 40 10038
2018-11-20T07:36Z 45 2 9 95 0 0 42 10038
2018-11-20T07:41Z 90 2 6 95 0 0 42 10038
2018-11-20T07:46Z 45 1 6 97 0 0 40 10038
2018-11-20T07:51Z 45 0 6 98 0 0 40 10038
2018-11-20T07:56Z 45 1 4 97 0 0 41 10037
2018-11-20T08:01Z 45 2 4 97 0 0 42 10037
2018-11-20T08:06Z 45 1 5 97 0 0 41 10038
2018-11-20T08:11Z 45 0 5 97 0 0 41 10037
2018-11-20T08:16Z 45 1 6 97 0 0 41 10037
2018-11-20T08:21Z 45 1 6 97 0 0 40 10036
2018-11-20T08:26Z 45 14 30 96 0 0 42 10031
2018-11-20T08:31Z 45 11 43 92 0 0 47 10035
2018-11-20T08:36Z 45 6 43 90 0 0 50 10037
2018-11-20T08:41Z 45 3 24 89 0 0 53 10036
2018-11-20T08:46Z 45 3 19 88 0 0 54 10035
2018-11-20T08:51Z 45 2 12 87 0 0 55 10037
2018-11-20T08:57Z 45 0 11 87 0 0 55 10037
2018-11-20T09:02Z 45 3 9 87 0 0 56 10036
2018-11-20T09:07Z 45 1 9 87 0 0 57 10037
2018-11-20T09:12Z 45 1 9 87 0 0 58 10038
2018-11-20T09:17Z 45 0 9 88 0 0 58 10038
2018-11-20T09:22Z 45 0 9 88 0 0 57 10039
2018-11-20T09:27Z 45 2 9 88 0 0 57 10039
2018-11-20T09:32Z 45 0 15 88 0 0 57 10038
2018-11-20T09:37Z 45 4 15 88 0 0 57 10039
2018-11-20T09:42Z 45 2 12 88 0 0 57 10039
2018-11-20T09:47Z 45 2 9 87 0 0 58 10041
2018-11-20T09:52Z 180 0 8 87 0 0 59 10039
2018-11-20T09:57Z 225 2 9 87 0 0 59 10041
2018-11-20T10:02Z 45 3 12 87 0 0 60 10042
2018-11-20T10:07Z 225 3 12 86 0 0 60 10042
2018-11-20T10:12Z 90 1 9 86 0 0 61 10043
2018-11-20T10:17Z 45 2 9 86 0 0 61 10043
2018-11-20T10:23Z 45 0 9 86 0 0 62 10044
2018-11-20T10:28Z 45 3 9 85 0 0 62 10044
2018-11-20T10:33Z 45 3 12 85 0 0 62 10046
2018-11-20T10:38Z 45 4 13 85 0 0 62 10046
2018-11-20T10:43Z 45 4 15 85 0 0 62 10046
2018-11-20T10:48Z 45 6 15 85 0 0 63 10048
2018-11-20T10:53Z 45 4 15 84 0 0 64 10049
2018-11-20T10:58Z 45 2 12 84 0 0 65 10049
2018-11-20T11:03Z 45 0 9 84 0 0 66 10050
2018-11-20T11:08Z 45 3 15 84 0 0 68 10050
2018-11-20T11:13Z 45 3 15 84 0 0 69 10050
2018-11-20T11:18Z 45 5 14 83 0 0 70 10052
2018-11-20T11:23Z 45 3 14 83 0 0 71 10052
2018-11-20T11:28Z 45 0 12 83 0 0 71 10053
2018-11-20T11:33Z 45 2 11 83 0 0 72 10055
2018-11-20T11:38Z 45 4 13 83 0 0 73 10056
2018-11-20T11:44Z 45 4 17 83 0 0 73 10057
2018-11-20T11:49Z 45 3 17 82 0 0 74 10060
2018-11-20T11:54Z 45 3 11 82 0 0 74 10059
2018-11-20T11:59Z 45 1 12 82 0 0 75 10060
2018-11-20T12:04Z 45 3 12 82 0 0 75 10061
2018-11-20T12:09Z 45 4 12 82 0 0 76 10061
2018-11-20T12:14Z 45 4 13 82 0 0 76 10063
2018-11-20T12:19Z 45 3 13 81 0 0 76 10063
2018-11-20T12:24Z 180 3 12 81 0 0 77 10065
2018-11-20T12:29Z 45 5 21 81 0 0 76 10063
2018-11-20T12:34Z 45 7 21 81 0 0 75 10064
2018-11-20T12:39Z 45 5 20 81 0 0 75 10063
2018-11-20T12:44Z 45 4 10 81 0 0 75 10065
2018-11-20T12:49Z 90 4 9 81 0 0 75 10065
2018-11-20T12:54Z 180 3 10 81 0 0 75 10067
2018-11-20T12:59Z 90 2 10 81 0 0 76 10068
2018-11-20T13:05Z 90 3 11 81 0 0 76 10070
2018-11-20T13:10Z 90 4 11 81 0 0 76 10069
2018-11-20T13:15Z 45 3 12 81 0 0 76 10070
2018-11-20T13:20Z 135 3 12 80 0 0 77 10070
2018-11-20T13:25Z 180 3 12 80 0 0 77 10071
2018-11-20T13:30Z 45 3 9 80 0 0 77 10072
2018-11-20T13:35Z 45 3 10 80 0 0 77 10073
2018-11-20T13:40Z 135 3 10 80 0 0 78 10073
2018-11-20T13:45Z 45 3 9 80 0 0 78 10073
2018-11-20T13:50Z 135 3 9 80 0 0 78 10072
2018-11-20T13:55Z 45 2 9 80 0 0 78 10073
2018-11-20T14:00Z 45 3 9 80 0 0 78 10074
2018-11-20T14:05Z 225 3 9 80 0 0 78 10073
2018-11-20T14:10Z 45 4 9 80 0 0 79 10073
2018-11-20T14:15Z 45 3 9 80 0 0 79 10074
2018-11-20T14:20Z 180 2 9 80 0 0 79 10074
2018-11-20T14:25Z 225 0 9 80 0 0 79 10074
2018-11-20T14:31Z 225 1 9 80 0 0 79 10075
2018-11-20T14:36Z 45 0 9 80 0 0 79 10075
2018-11-20T14:41Z 225 0 6 80 0 0 79 10075
2018-11-20T14:46Z 180 0 6 80 0 0 79 10073
2018-11-20T14:51Z 45 1 6 80 0 0 80 10072
2018-11-20T14:56Z 45 0 6 79 0 0 80 10073
2018-11-20T15:01Z 225 0 6 79 0 0 80 10073
2018-11-20T15:06Z 45 0 6 79 0 0 80 10072
2018-11-20T15:11Z 45 0 6 79 0 0 81 10073
2018-11-20T15:16Z 225 0 6 79 0 0 81 10074
2018-11-20T15:21Z 270 0 4 79 0 0 81 10074
2018-11-20T15:26Z 225 0 3 79 0 0 81 10072
2018-11-20T15:31Z 225 0 3 79 0 0 82 10073
2018-11-20T15:36Z 45 2 9 79 0 0 82 10071
2018-11-20T15:41Z 45 2 9 79 0 0 82 10072
2018-11-20T15:46Z 225 0 9 79 0 0 82 10071
2018-11-20T15:52Z 180 1 6 79 0 0 83 10071
2018-11-20T15:57Z 135 3 6 79 0 0 83 10071
2018-11-20T16:02Z 180 2 6 79 0 0 83 10071
2018-11-20T16:07Z 135 3 12 79 0 0 83 10069
2018-11-20T16:12Z 135 3 12 79 0 0 82 10068
2018-11-20T16:17Z 225 1 6 79 0 0 82 10069
2018-11-20T16:22Z 180 3 9 79 0 0 83 10068
2018-11-20T16:27Z 180 3 9 79 0 0 83 10068
2018-11-20T16:32Z 135 2 9 79 0 0 83 10067
2018-11-20T16:37Z 135 3 9 79 0 0 83 10065
2018-11-20T16:42Z 135 3 9 78 0 0 83 10065
2018-11-20T16:47Z 135 2 9 78 0 0 83 10064
2018-11-20T16:52Z 90 3 9 78 0 0 83 10064
2018-11-20T16:57Z 45 1 6 78 0 0 83 10064
2018-11-20T17:02Z 135 0 6 78 0 0 83 10063
2018-11-20T17:07Z 180 0 3 78 0 0 83 10063
2018-11-20T17:13Z 135 0 5 78 0 0 84 10063
2018-11-20T17:18Z 135 1 5 78 0 0 84 10063
2018-11-20T17:23Z 180 0 6 78 0 0 84 10062
2018-11-20T17:28Z 315 0 6 78 0 0 85 10061
2018-11-20T17:33Z 135 0 3 78 0 0 85 10062
2018-11-20T17:38Z 45 0 6 78 0 0 85 10060
2018-11-20T17:43Z 225 1 6 77 0 0 86 10060
2018-11-20T17:48Z 180 0 5 77 0 0 86 10059
2018-11-20T17:53Z 270 0 5 77 0 0 86 10057
2018-11-20T17:58Z 135 0 3 77 0 0 86 10056
2018-11-20T18:03Z 135 0 3 77 0 0 85 10056
2018-11-20T18:08Z 135 0 0 77 0 0 85 10056
2018-11-20T18:13Z 135 0 0 77 0 0 86 10055
2018-11-20T18:18Z 45 0 0 77 0 0 86 10055
2018-11-20T18:23Z 45 0 0 77 0 0 86 10054
2018-11-20T18:28Z 45 0 0 77 0 0 86 10055
2018-11-20T18:33Z 45 0 0 77 0 0 86 10053
2018-11-20T18:39Z 45 0 0 77 0 0 86 10052
2018-11-20T18:44Z 45 0 0 77 0 0 87 10052
2018-11-20T18:49Z 45 0 0 77 0 0 86 10050
2018-11-20T18:54Z 45 0 0 77 0 0 87 10050
2018-11-20T18:59Z 45 0 0 77 0 0 87 10050
2018-11-20T19:04Z 45 0 0 77 0 0 87 10050
2018-11-20T19:09Z 45 0 0 77 0 0 87 10048
2018-11-20T19:14Z 45 0 0 77 0 0 86 10048
2018-11-20T19:19Z 45 0 0 77 0 0 87 10048
2018-11-20T19:24Z 45 0 0 77 0 0 87 10048
2018-11-20T19:29Z 45 0 0 77 0 0 87 10048
2018-11-20T19:34Z 45 0 2 77 0 0 86 10047
2018-11-20T19:39Z 45 0 3 78 0 0 86 10048
2018-11-20T19:44Z 45 0 3 77 0 0 86 10046
2018-11-20T19:49Z 45 0 0 77 0 0 86 10047
2018-11-20T19:54Z 45 0 1 77 0 0 86 10045
2018-11-20T20:00Z 45 0 2 77 0 0 86 10046
2018-11-20T20:05Z 45 0 3 77 0 0 86 10046
2018-11-20T20:10Z 45 0 3 77 0 0 87 10046
2018-11-20T20:15Z 45 0 3 77 0 0 86 10047
2018-11-20T20:20Z 45 1 3 77 0 0 87 10046
2018-11-20T20:25Z 45 0 6 77 0 0 87 10047
2018-11-20T20:30Z 45 0 6 77 0 0 88 10047
2018-11-20T20:35Z 180 0 3 77 0 0 87 10047
2018-11-20T20:40Z 180 0 0 77 0 0 87 10047
2018-11-20T20:45Z 180 0 0 77 0 0 86 10048
2018-11-20T20:50Z 180 0 0 77 0 0 87 10046
2018-11-20T20:55Z 180 0 0 76 0 0 87 10048
2018-11-20T21:00Z 180 0 0 76 0 0 87 10047
2018-11-20T21:05Z 180 0 0 76 0 0 87 10049
2018-11-20T21:10Z 180 0 0 76 0 0 88 10048
2018-11-20T21:15Z 180 0 0 76 0 0 88 10047
2018-11-20T21:20Z 180 0 0 76 0 0 88 10047
2018-11-20T21:26Z 180 0 0 76 0 0 87 10048
2018-11-20T21:31Z 135 0 0 76 0 0 87 10049
2018-11-20T21:36Z 180 0 0 76 0 0 88 10049
2018-11-20T21:41Z 180 0 3 76 0 0 88 10049
2018-11-20T21:46Z 135 2 5 76 0 0 89 10051
2018-11-20T21:51Z 180 2 6 77 0 0 89 10050
2018-11-20T21:56Z 135 0 6 77 0 0 89 10052
2018-11-20T22:01Z 180 0 4 77 0 0 89 10052
2018-11-20T22:06Z 180 0 1 76 0 0 89 10052
2018-11-20T22:11Z 135 0 3 76 0 0 89 10052
2018-11-20T22:16Z 135 0 4 76 0 0 89 10052
2018-11-20T22:21Z 135 0 5 77 0 0 90 10053
2018-11-20T22:26Z 135 0 5 77 0 0 89 10052
2018-11-20T22:31Z 135 1 3 77 0 0 90 10052
2018-11-20T22:36Z 135 0 4 77 0 0 90 10053
2018-11-20T22:41Z 180 1 6 77 0 0 90 10055
2018-11-20T22:47Z 45 0 6 77 0 0 90 10055
2018-11-20T22:52Z 45 0 4 76 0 0 90 10055
2018-11-20T22:57Z 45 1 4 76 0 0 90 10055
2018-11-20T23:02Z 45 1 4 76 0 0 90 10056
2018-11-20T23:07Z 45 0 4 76 0 0 90 10056
2018-11-20T23:12Z 45 0 4 76 0 0 90 10059
2018-11-20T23:17Z 45 0 4 76 0 0 90 10059
2018-11-20T23:22Z 45 0 6 76 0 0 90 10060
2018-11-20T23:27Z 45 0 6 76 0 0 90 10060
2018-11-20T23:32Z 45 0 4 77 0 0 90 10061
2018-11-20T23:37Z 45 0 4 77 0 0 90 10063
2018-11-20T23:42Z 45 1 5 77 0 0 89 10063
2018-11-20T23:47Z 45 0 5 77 0 0 89 10064
2018-11-20T23:52Z 45 1 5 77 0 0 89 10064
2018-11-20T23:57Z 45 0 4 77 0 0 89 10064
2018-11-21T00:02Z 45 0 4 77 0 0 89 10066
2018-11-21T00:08Z 45 0 3 78 0 0 89 10066
2018-11-21T00:13Z 45 0 4 79 0 0 87 10065
2018-11-21T00:18Z 45 1 4 80 0 0 85 10067
2018-11-21T00:23Z 45 0 4 81 0 0 85 10067
2018-11-21T00:28Z 45 1 4 82 0 0 82 10068
2018-11-21T00:33Z 45 1 4 83 0 0 80 10068
2018-11-21T00:38Z 45 1 4 84 0 0 77 10070
2018-11-21T00:43Z 45 2 4 84 0 0 76 10071
2018-11-21T00:48Z 45 1 4 85 0 0 74 10071
2018-11-21T00:53Z 90 0 4 86 0 0 74 10069
2018-11-21T00:58Z 45 1 4 87 0 0 69 10072
2018-11-21T01:03Z 45 0 4 88 0 0 70 10071
2018-11-21T01:08Z 45 0 3 89 0 0 65 10073
2018-11-21T01:13Z 45 0 4 89 0 0 64 10074
2018-11-21T01:18Z 45 3 7 89 0 0 61 10074
2018-11-21T01:23Z 45 1 7 89 0 0 60 10073
2018-11-21T01:28Z 45 1 7 90 0 0 60 10074
2018-11-21T01:34Z 45 3 8 90 0 0 59 10075
2018-11-21T01:39Z 45 2 8 91 0 0 57 10075
2018-11-21T01:44Z 45 2 7 92 0 0 55 10076
2018-11-21T01:49Z 45 5 12 93 0 0 54 10077
2018-11-21T01:54Z 45 6 16 93 0 0 52 10078
2018-11-21T01:59Z 45 8 18 94 0 0 51 10077
2018-11-21T02:04Z 45 9 18 95 0 0 50 10078
2018-11-21T02:09Z 45 8 17 95 0 0 49 10078
2018-11-21T02:14Z 45 9 18 96 0 0 48 10077
2018-11-21T02:19Z 45 8 21 96 0 0 48 10077
2018-11-21T02:24Z 45 8 21 96 0 0 47 10077
2018-11-21T02:29Z 45 12 31 97 0 0 45 10076
2018-11-21T02:34Z 45 10 31 97 0 0 45 10077
2018-11-21T02:39Z 45 8 25 97 0 0 45 10077
2018-11-21T02:44Z 45 7 25 98 0 0 44 10077
2018-11-21T02:49Z 45 7 21 99 0 0 42 10077
2018-11-21T02:55Z 45 6 20 100 0 0 41 10076
2018-11-21T03:00Z 45 5 22 101 0 0 40 10077
2018-11-21T03:05Z 45 5 22 101 0 0 40 10077
2018-11-21T03:10Z 45 11 22 102 0 0 39 10075
2018-11-21T03:15Z 45 9 22 102 0 0 39 10075
2018-11-21T03:20Z 45 6 27 102 0 0 39 10075
2018-11-21T03:25Z 45 1 27 103 0 0 38 10074
2018-11-21T03:30Z 45 5 14 104 0 0 36 10073
2018-11-21T03:35Z 45 6 14 103 0 0 37 10073
2018-11-21T03:40Z 45 9 18 103 0 0 38 10073
2018-11-21T03:45Z 45 0 18 104 0 0 38 10071
2018-11-21T03:50Z 45 3 16 104 0 0 36 10070
2018-11-21T03:55Z 45 8 18 102 0 0 38 10069
2018-11-21T04:00Z 45 1 18 101 0 0 42 10067
2018-11-21T04:05Z 45 2 13 103 0 0 39 10065
2018-11-21T04:10Z 45 1 16 104 0 0 37 10066
2018-11-21T04:16Z 45 3 16 105 0 0 36 10063
2018-11-21T04:21Z 45 3 13 107 0 0 34 10063
2018-11-21T04:26Z 45 5 13 109 0 0 32 10062
2018-11-21T04:31Z 45 2 15 110 0 0 30 10060
2018-11-21T04:36Z 45 1 15 110 0 0 30 10059
2018-11-21T04:41Z 135 1 12 109 0 0 31 10059
2018-11-21T04:46Z 45 1 12 109 0 0 31 10057
2018-11-21T04:51Z 45 1 13 111 0 0 28 10056
2018-11-21T04:56Z 45 3 13 112 0 0 28 10055
2018-11-21T05:01Z 45 4 16 112 0 0 27 10055
2018-11-21T05:06Z 45 1 16 114 0 0 26 10054
2018-11-21T05:11Z 45 3 11 115 0 0 25 10053
2018-11-21T05:16Z 135 8 19 110 0 0 28 10050
2018-11-21T05:21Z 45 5 19 107 0 0 32 10051
2018-11-21T05:26Z 45 1 13 105 0 0 33 10048
2018-11-21T05:31Z 45 3 13 105 0 0 33 10046
2018-11-21T05:36Z 45 0 12 107 0 0 31 10045
2018-11-21T05:42Z 45 3 12 110 0 0 29 10045
2018-11-21T05:47Z 45 4 18 110 0 0 28 10043
2018-11-21T05:52Z 45 2 18 106 0 0 31 10042
2018-11-21T05:57Z 90 3 12 103 0 0 35 10041
2018-11-21T06:02Z 45 3 12 103 0 0 34 10039
2018-11-21T06:07Z 45 2 12 105 0 0 31 10038
2018-11-21T06:12Z 90 2 12 107 0 0 29 10036
2018-11-21T06:17Z 225 0 9 109 0 0 28 10037
2018-11-21T06:22Z 225 1 9 111 0 0 27 10035
2018-11-21T06:27Z 45 5 15 109 0 0 28 10033
2018-11-21T06:32Z 45 2 15 108 0 0 28 10033
2018-11-21T06:37Z 45 0 9 107 0 0 29 10030
2018-11-21T06:42Z 45 0 8 109 0 0 28 10030
2018-11-21T06:47Z 45 5 11 110 0 0 27 10029
2018-11-21T06:52Z 225 1 11 109 0 0 27 10029
2018-11-21T06:57Z 45 0 8 111 0 0 26 10028
2018-11-21T07:03Z 45 4 10 109 0 0 24 10028
2018-11-21T07:08Z 45 2 14 107 0 0 25 10027
2018-11-21T07:13Z 45 5 14 107 0 0 24 10027
2018-11-21T07:18Z 45 3 15 107 0 0 26 10027
2018-11-21T07:23Z 45 2 15 107 0 0 27 10027
2018-11-21T07:28Z 45 0 9 108 0 0 27 10028
2018-11-21T07:36Z 45 3 7 109 0 0 25 10026
2018-11-21T07:41Z 225 3 9 108 0 0 25 10026
2018-11-21T07:46Z 135 2 12 107 0 0 27 10025
2018-11-21T07:51Z 45 0 12 108 0 0 26 10025
2018-11-21T07:56Z 45 1 9 109 0 0 25 10024
2018-11-21T08:01Z 45 0 8 110 0 0 24 10024
2018-11-21T08:06Z 45 5 12 109 0 0 23 10024
2018-11-21T08:11Z 45 4 12 107 0 0 24 10024
2018-11-21T08:16Z 45 3 9 105 0 0 26 10022
2018-11-21T08:21Z 45 3 11 104 0 0 27 10023
2018-11-21T08:26Z 45 0 11 104 0 0 28 10022
2018-11-21T08:31Z 45 3 15 103 0 0 28 10022
2018-11-21T08:36Z 45 1 15 102 0 0 29 10022
2018-11-21T08:41Z 45 0 5 101 0 0 29 10022
2018-11-21T08:46Z 45 4 12 100 0 0 28 10023
2018-11-21T08:51Z 45 1 12 99 0 0 30 10024
2018-11-21T08:56Z 45 5 10 97 0 0 31 10024
2018-11-21T09:02Z 45 1 10 96 0 0 32 10024
2018-11-21T09:07Z 180 0 12 95 0 0 32 10023
2018-11-21T09:12Z 45 4 12 95 0 0 32 10025
2018-11-21T09:17Z 45 6 12 94 0 0 31 10024
2018-11-21T09:22Z 45 1 12 94 0 0 32 10025
2018-11-21T09:27Z 45 3 11 94 0 0 33 10026
2018-11-21T09:32Z 45 3 12 93 0 0 32 10026
2018-11-21T09:37Z 45 7 22 93 0 0 40 10027
2018-11-21T09:42Z 45 3 22 93 0 0 49 10027
2018-11-21T09:47Z 45 4 12 92 0 0 53 10030
2018-11-21T09:52Z 45 6 22 90 0 0 56 10029
2018-11-21T09:57Z 45 8 22 89 0 0 57 10031
2018-11-21T10:02Z 45 3 19 88 0 0 59 10032
2018-11-21T10:07Z 45 6 17 88 0 0 59 10032
2018-11-21T10:12Z 45 5 18 87 0 0 59 10033
2018-11-21T10:17Z 45 1 20 87 0 0 59 10033
2018-11-21T10:23Z 45 2 20 86 0 0 59 10035
2018-11-21T10:28Z 45 6 18 86 0 0 59 10036
2018-11-21T10:33Z 45 3 18 85 0 0 60 10036
2018-11-21T10:38Z 45 3 15 85 0 0 61 10036
2018-11-21T10:43Z 90 3 15 85 0 0 62 10037
2018-11-21T10:48Z 45 4 12 85 0 0 62 10037
2018-11-21T10:53Z 45 3 12 84 0 0 62 10038
2018-11-21T10:58Z 45 2 12 84 0 0 62 10039
2018-11-21T11:03Z 45 0 13 84 0 0 63 10038
2018-11-21T11:08Z 45 1 13 84 0 0 64 10040
2018-11-21T11:13Z 45 3 15 83 0 0 64 10041
2018-11-21T11:18Z 45 2 15 83 0 0 64 10042
2018-11-21T11:23Z 45 3 9 83 0 0 64 10044
2018-11-21T11:28Z 45 2 9 83 0 0 65 10045
2018-11-21T11:33Z 45 3 9 83 0 0 66 10045
2018-11-21T11:38Z 45 1 9 82 0 0 66 10046
2018-11-21T11:44Z 45 3 12 82 0 0 67 10047
2018-11-21T11:49Z 135 0 12 82 0 0 67 10048
2018-11-21T11:54Z 45 1 9 82 0 0 68 10048
2018-11-21T11:59Z 45 1 9 82 0 0 69 10049
2018-11-21T12:04Z 45 1 9 82 0 0 69 10050
2018-11-21T12:09Z 225 1 9 82 0 0 70 10050
2018-11-21T12:14Z 45 0 8 82 0 0 70 10051
2018-11-21T12:19Z 45 1 6 81 0 0 70 10052
2018-11-21T12:24Z 45 7 18 81 0 0 70 10053
2018-11-21T12:29Z 45 6 18 81 0 0 69 10052
2018-11-21T12:34Z 45 5 18 81 0 0 69 10053
2018-11-21T12:39Z 90 9 31 81 0 0 70 10053
2018-11-21T12:44Z 45 5 31 81 0 0 71 10054
2018-11-21T12:49Z 45 5 22 81 0 0 71 10054
2018-11-21T12:54Z 45 6 18 81 0 0 72 10056
2018-11-21T12:59Z 45 6 16 81 0 0 73 10055
2018-11-21T13:04Z 45 3 16 81 0 0 73 10055
2018-11-21T13:10Z 45 3 13 81 0 0 74 10055
2018-11-21T13:15Z 45 3 13 80 0 0 74 10057
2018-11-21T13:24Z 135 2 12 80 0 0 75 10057
2018-11-21T13:29Z 45 6 14 80 0 0 76 10058
2018-11-21T13:34Z 45 4 14 80 0 0 76 10059
2018-11-21T13:39Z 45 3 13 80 0 0 77 10060
2018-11-21T13:45Z 135 4 13 80 0 0 77 10061
2018-11-21T13:50Z 180 3 10 80 0 0 77 10061
2018-11-21T13:55Z 180 0 9 80 0 0 77 10062
2018-11-21T14:00Z 45 0 9 80 0 0 78 10062
2018-11-21T14:05Z 45 0 9 80 0 0 78 10062
2018-11-21T14:10Z 45 0 9 80 0 0 78 10063
2018-11-21T14:15Z 45 0 3 79 0 0 78 10063
2018-11-21T14:20Z 45 0 3 79 0 0 78 10062
2018-11-21T14:25Z 225 0 8 79 0 0 79 10064
2018-11-21T14:30Z 225 0 8 79 0 0 79 10064
2018-11-21T14:35Z 135 0 4 79 0 0 79 10064
2018-11-21T14:40Z 45 0 4 79 0 0 79 10064
2018-11-21T14:45Z 45 0 4 79 0 0 80 10064
2018-11-21T14:50Z 45 0 8 79 0 0 79 10064
2018-11-21T14:55Z 45 0 8 79 0 0 80 10064
2018-11-21T15:00Z 135 0 5 79 0 0 80 10063
2018-11-21T15:05Z 45 0 5 79 0 0 80 10064
2018-11-21T15:11Z 225 1 7 79 0 0 81 10066
2018-11-21T15:16Z 225 2 9 79 0 0 81 10066
2018-11-21T15:21Z 135 0 9 79 0 0 81 10066
2018-11-21T15:26Z 180 0 3 78 0 0 81 10065
2018-11-21T15:31Z 180 0 3 78 0 0 81 10066
2018-11-21T15:36Z 180 0 2 78 0 0 80 10066
2018-11-21T15:41Z 270 0 1 78 0 0 80 10066
2018-11-21T15:46Z 315 0 0 78 0 0 80 10068
2018-11-21T15:51Z 315 0 0 78 0 0 80 10066
2018-11-21T15:56Z 180 0 0 78 0 0 80 10067
2018-11-21T16:01Z 135 0 2 78 0 0 81 10066
2018-11-21T16:06Z 135 0 2 78 0 0 81 10065
2018-11-21T16:11Z 270 0 2 78 0 0 81 10063
2018-11-21T16:16Z 270 0 1 78 0 0 81 10065
2018-11-21T16:21Z 270 0 2 78 0 0 81 10065
2018-11-21T16:26Z 270 0 2 78 0 0 82 10063
2018-11-21T16:32Z 270 0 0 78 0 0 82 10064
2018-11-21T16:37Z 270 0 2 78 0 0 83 10065
2018-11-21T16:42Z 315 0 2 78 0 0 83 10064
2018-11-21T16:47Z 315 0 2 78 0 0 83 10065
2018-11-21T16:52Z 315 0 0 78 0 0 83 10064
2018-11-21T16:57Z 315 0 0 78 0 0 82 10064
2018-11-21T17:02Z 315 0 0 77 0 0 83 10063
2018-11-21T17:07Z 315 0 0 77 0 0 83 10063
2018-11-21T17:12Z 315 0 0 77 0 0 83 10063
2018-11-21T17:17Z 315 0 0 77 0 0 84 10064
2018-11-21T17:22Z 315 0 0 77 0 0 84 10063
2018-11-21T17:27Z 315 0 0 77 0 0 84 10063
2018-11-21T17:32Z 315 0 0 77 0 0 84 10062
2018-11-21T17:37Z 315 0 0 77 0 0 84 10062
2018-11-21T17:42Z 180 0 1 77 0 0 84 10062
2018-11-21T17:47Z 315 0 1 77 0 0 85 10062
2018-11-21T17:53Z 315 0 1 77 0 0 85 10060
2018-11-21T17:58Z 315 0 2 77 0 0 85 10060
2018-11-21T18:03Z 225 0 2 77 0 0 85 10058
2018-11-21T18:08Z 225 0 2 77 0 0 86 10060
2018-11-21T18:13Z 225 0 2 77 0 0 86 10058
2018-11-21T18:18Z 180 0 3 77 0 0 86 10057
2018-11-21T18:23Z 225 0 3 77 0 0 86 10056
2018-11-21T18:28Z 315 0 3 77 0 0 86 10056
2018-11-21T18:33Z 180 0 3 77 0 0 86 10055
2018-11-21T18:38Z 180 0 2 77 0 0 86 10054
2018-11-21T18:48Z 315 0 0 77 0 0 87 10055
2018-11-21T18:53Z 180 0 0 77 0 0 86 10055
2018-11-21T18:58Z 180 0 0 77 0 0 86 10054
2018-11-21T19:03Z 180 0 0 77 0 0 86 10053
2018-11-21T19:08Z 180 0 0 76 0 0 87 10055
2018-11-21T19:13Z 180 0 0 77 0 0 87 10053
2018-11-21T19:18Z 225 0 0 77 0 0 88 10053
2018-11-21T19:23Z 315 0 3 77 0 0 88 10052
2018-11-21T19:28Z 45 0 6 77 0 0 88 10052
2018-11-21T19:33Z 0 1 6 77 0 0 88 10052
2018-11-21T19:38Z 0 0 6 77 0 0 88 10052
2018-11-21T19:43Z 0 0 6 77 0 0 88 10051
2018-11-21T19:48Z 0 0 6 77 0 0 88 10052
2018-11-21T19:54Z 0 0 6 77 0 0 87 10052
2018-11-21T19:59Z 0 0 3 77 0 0 87 10050
2018-11-21T20:04Z 0 0 2 77 0 0 88 10050
2018-11-21T20:09Z 0 0 2 76 0 0 87 10049
2018-11-21T20:14Z 0 0 2 76 0 0 89 10047
2018-11-21T20:19Z 0 0 3 76 0 0 89 10047
2018-11-21T20:24Z 0 1 3 76 0 0 89 10046
2018-11-21T20:29Z 0 0 3 76 0 0 89 10048
2018-11-21T20:34Z 0 0 3 76 0 0 89 10047
2018-11-21T20:39Z 225 2 6 77 0 0 89 10047
2018-11-21T20:44Z 225 3 9 77 0 0 89 10047
2018-11-21T20:49Z 225 3 9 77 0 0 89 10047
2018-11-21T20:54Z 225 4 9 77 0 0 89 10047
2018-11-21T20:59Z 180 4 9 77 0 0 89 10046
2018-11-21T21:04Z 180 3 9 77 0 0 89 10046
2018-11-21T21:09Z 180 4 9 76 0 0 89 10047
2018-11-21T21:15Z 225 4 9 76 0 0 89 10047
2018-11-21T21:20Z 135 2 9 76 0 0 89 10048
2018-11-21T21:25Z 90 3 6 76 0 0 89 10048
2018-11-21T21:30Z 225 1 6 76 0 0 89 10049
2018-11-21T21:35Z 225 3 6 76 0 0 89 10049
2018-11-21T21:40Z 225 3 9 76 0 0 89 10050
2018-11-21T21:45Z 225 1 9 76 0 0 89 10050
2018-11-21T21:50Z 225 0 6 76 0 0 89 10049
2018-11-21T21:55Z 225 0 6 76 0 0 89 10051
2018-11-21T22:00Z 225 0 6 76 0 0 89 10050
2018-11-21T22:05Z 225 0 3 76 0 0 90 10049
2018-11-21T22:10Z 225 0 4 76 0 0 90 10052
2018-11-21T22:15Z 225 1 4 76 0 0 90 10050
2018-11-21T22:20Z 225 0 3 76 0 0 90 10050
2018-11-21T22:25Z 225 0 6 76 0 0 90 10050
2018-11-21T22:30Z 225 2 6 76 0 0 90 10051
2018-11-21T22:38Z 45 4 10 76 0 0 90 10052
2018-11-21T22:43Z 45 5 12 76 0 0 90 10052
2018-11-21T22:48Z 45 2 12 76 0 0 90 10053
2018-11-21T22:53Z 45 3 9 75 0 0 90 10054
2018-11-21T22:58Z 45 0 9 75 0 0 90 10053
2018-11-21T23:03Z 45 0 6 75 0 0 90 10053
2018-11-21T23:08Z 45 0 6 76 0 0 90 10054
2018-11-21T23:14Z 90 0 6 76 0 0 90 10052
2018-11-21T23:19Z 45 2 6 76 0 0 90 10054
2018-11-21T23:24Z 45 2 6 76 0 0 90 10056
2018-11-21T23:29Z 45 4 9 76 0 0 90 10058
2018-11-21T23:36Z 45 2 9 77 0 0 90 10058
2018-11-21T23:41Z 45 1 6 77 0 0 89 10059
2018-11-21T23:46Z 45 2 6 78 0 0 87 10060
2018-11-21T23:52Z 45 0 6 79 0 0 87 10060
2018-11-21T23:57Z 45 0 6 80 0 0 89 10059
2018-11-22T00:02Z 45 0 3 81 0 0 86 10062
2018-11-22T00:07Z 45 0 3 82 0 0 82 10062
2018-11-22T00:12Z 225 0 8 83 0 0 82 10062
2018-11-22T00:17Z 45 0 8 84 0 0 77 10064
2018-11-22T00:22Z 45 3 9 85 0 0 73 10064
2018-11-22T00:27Z 45 4 13 85 0 0 71 10064
2018-11-22T00:32Z 90 0 13 85 0 0 72 10065
2018-11-22T00:37Z 45 2 9 86 0 0 67 10067
2018-11-22T00:42Z 225 4 9 87 0 0 63 10067
2018-11-22T00:47Z 180 5 13 87 0 0 62 10066
2018-11-22T00:52Z 135 6 13 88 0 0 61 10066
2018-11-22T00:57Z 225 6 16 88 0 0 61 10065
2018-11-22T01:02Z 45 2 16 88 0 0 62 10065
2018-11-22T01:07Z 45 3 10 90 0 0 58 10066
2018-11-22T01:13Z 45 1 10 91 0 0 54 10065
2018-11-22T01:18Z 45 3 9 92 0 0 53 10066
2018-11-22T01:23Z 45 1 9 94 0 0 50 10067
2018-11-22T01:28Z 180 2 9 95 0 0 46 10067
2018-11-22T01:33Z 225 8 13 95 0 0 44 10067
2018-11-22T01:38Z 45 2 17 95 0 0 45 10069
2018-11-22T01:43Z 45 0 17 96 0 0 43 10067
2018-11-22T01:48Z 225 3 14 96 0 0 40 10067
2018-11-22T01:53Z 45 4 14 97 0 0 39 10067
2018-11-22T01:58Z 90 4 11 98 0 0 38 10067
2018-11-22T02:03Z 45 3 12 99 0 0 37 10066
2018-11-22T02:08Z 45 1 12 100 0 0 36 10067
2018-11-22T02:13Z 45 4 11 101 0 0 34 10066
2018-11-22T02:18Z 45 7 14 100 0 0 34 10067
2018-11-22T02:23Z 135 3 14 100 0 0 35 10068
2018-11-22T02:28Z 135 4 12 100 0 0 34 10067
2018-11-22T02:34Z 90 6 12 100 0 0 35 10066
2018-11-22T02:39Z 45 3 18 100 0 0 35 10067
2018-11-22T02:44Z 45 0 18 102 0 0 35 10066
2018-11-22T02:49Z 45 1 9 104 0 0 31 10066
2018-11-22T02:54Z 180 3 9 105 0 0 30 10065
2018-11-22T02:59Z 45 0 9 106 0 0 29 10065
2018-11-22T03:04Z 45 1 17 108 0 0 29 10066
2018-11-22T03:09Z 45 2 13 109 0 0 28 10065
2018-11-22T03:14Z 45 0 12 111 0 0 27 10065
2018-11-22T03:19Z 90 0 7 112 0 0 25 10065
2018-11-22T03:24Z 45 1 7 114 0 0 23 10065
2018-11-22T03:29Z 45 3 12 114 0 0 22 10065
2018-11-22T03:34Z 45 5 12 113 0 0 23 10063
2018-11-22T03:39Z 45 3 18 112 0 0 24 10063
2018-11-22T03:44Z 45 2 18 113 0 0 23 10063
2018-11-22T03:49Z 45 3 13 114 0 0 22 10063
2018-11-22T03:54Z 45 3 13 115 0 0 22 10061
2018-11-22T04:00Z 45 5 13 115 0 0 22 10061
2018-11-22T04:05Z 45 6 13 115 0 0 22 10059
2018-11-22T04:10Z 45 10 22 114 0 0 23 10060
2018-11-22T04:15Z 90 6 22 112 0 0 24 10060
2018-11-22T04:20Z 45 3 18 110 0 0 26 10059
2018-11-22T04:25Z 45 9 21 110 0 0 25 10058
2018-11-22T04:30Z 45 5 21 110 0 0 26 10057
2018-11-22T04:35Z 45 9 22 111 0 0 24 10056
2018-11-22T04:40Z 90 5 22 110 0 0 25 10055
2018-11-22T04:45Z 45 0 15 111 0 0 25 10055
2018-11-22T04:50Z 45 8 26 113 0 0 24 10054
2018-11-22T04:55Z 45 5 26 113 0 0 24 10054
2018-11-22T05:00Z 45 6 24 111 0 0 26 10053
2018-11-22T05:05Z 45 2 24 112 0 0 25 10052
2018-11-22T05:10Z 45 4 13 114 0 0 23 10054
2018-11-22T05:15Z 45 3 13 114 0 0 24 10052
2018-11-22T05:21Z 45 3 15 114 0 0 24 10050
2018-11-22T05:26Z 45 3 15 115 0 0 23 10050
2018-11-22T05:31Z 45 2 9 116 0 0 23 10050
2018-11-22T05:36Z 45 4 12 117 0 0 22 10047
2018-11-22T05:41Z 45 1 12 118 0 0 21 10047
2018-11-22T05:46Z 45 3 12 118 0 0 21 10046
2018-11-22T05:51Z 45 2 12 118 0 0 21 10045
2018-11-22T05:56Z 45 4 12 118 0 0 21 10042
2018-11-22T06:01Z 45 0 11 117 0 0 21 10043
2018-11-22T06:06Z 45 2 12 117 0 0 22 10041
2018-11-22T06:11Z 45 2 12 116 0 0 22 10041
2018-11-22T06:16Z 45 0 8 116 0 0 22 10039
2018-11-22T06:21Z 135 2 9 116 0 0 21 10038
2018-11-22T06:26Z 45 3 9 116 0 0 22 10037
2018-11-22T06:31Z 45 2 11 116 0 0 22 10037
2018-11-22T06:36Z 45 0 11 115 0 0 23 10036
2018-11-22T06:41Z 45 3 11 114 0 0 23 10035
2018-11-22T06:47Z 45 2 12 114 0 0 24 10035
2018-11-22T06:52Z 45 2 13 114 0 0 23 10035
2018-11-22T06:57Z 45 2 13 114 0 0 23 10033
2018-11-22T07:02Z 45 0 12 114 0 0 24 10033
2018-11-22T07:07Z 45 1 12 113 0 0 23 10032
2018-11-22T07:12Z 45 2 8 113 0 0 23 10032
2018-11-22T07:17Z 45 1 8 114 0 0 23 10031
2018-11-22T07:22Z 45 0 11 113 0 0 23 10032
2018-11-22T07:27Z 45 3 12 113 0 0 23 10032
2018-11-22T07:32Z 90 0 12 112 0 0 24 10033
2018-11-22T07:37Z 45 4 12 110 0 0 25 10031
2018-11-22T07:42Z 45 3 12 109 0 0 26 10032
2018-11-22T07:47Z 45 3 20 108 0 0 26 10031
2018-11-22T07:52Z 45 3 20 107 0 0 27 10032
2018-11-22T07:57Z 45 2 14 106 0 0 28 10033
2018-11-22T08:02Z 45 0 14 106 0 0 29 10033
2018-11-22T08:08Z 45 0 8 105 0 0 29 10031
2018-11-22T08:13Z 225 2 9 104 0 0 30 10033
2018-11-22T08:18Z 45 3 18 103 0 0 32 10032
2018-11-22T08:23Z 45 4 18 102 0 0 33 10032
2018-11-22T08:28Z 45 3 13 100 0 0 35 10031
2018-11-22T08:33Z 45 3 13 99 0 0 37 10033
2018-11-22T08:38Z 45 3 13 98 0 0 38 10033
2018-11-22T08:43Z 45 6 13 96 0 0 40 10034
2018-11-22T08:48Z 45 5 20 95 0 0 42 10033
2018-11-22T08:53Z 45 3 20 94 0 0 43 10033
2018-11-22T08:58Z 45 3 18 94 0 0 43 10032
2018-11-22T09:03Z 45 0 18 93 0 0 44 10034
2018-11-22T09:08Z 45 3 17 92 0 0 44 10034
2018-11-22T09:13Z 45 2 17 92 0 0 45 10035
2018-11-22T09:18Z 45 0 15 92 0 0 45 10036
2018-11-22T09:23Z 45 4 14 92 0 0 45 10035
2018-11-22T09:29Z 45 1 14 91 0 0 46 10038
2018-11-22T09:36Z 45 3 12 91 0 0 47 10038
2018-11-22T09:41Z 45 2 12 91 0 0 48 10039
2018-11-22T09:46Z 135 0 11 90 0 0 49 10037
2018-11-22T09:51Z 45 2 9 90 0 0 50 10038
2018-11-22T09:56Z 45 1 9 89 0 0 50 10039
2018-11-22T10:01Z 45 0 9 89 0 0 51 10038
2018-11-22T10:07Z 45 3 9 89 0 0 52 10039
2018-11-22T10:12Z 45 6 18 89 0 0 55 10039
2018-11-22T10:17Z 45 3 18 88 0 0 58 10040
2018-11-22T10:22Z 45 6 18 88 0 0 59 10042
2018-11-22T10:27Z 45 3 18 87 0 0 60 10042
2018-11-22T10:32Z 45 3 17 87 0 0 59 10040
2018-11-22T10:37Z 45 5 17 87 0 0 59 10042
2018-11-22T10:42Z 45 5 15 86 0 0 61 10044
2018-11-22T10:47Z 45 6 17 86 0 0 62 10044
2018-11-22T10:52Z 45 4 17 86 0 0 63 10045
2018-11-22T10:57Z 45 3 12 86 0 0 64 10045
2018-11-22T11:02Z 45 1 17 85 0 0 64 10046
2018-11-22T11:07Z 45 3 17 85 0 0 65 10046
2018-11-22T11:12Z 45 1 14 85 0 0 65 10046
2018-11-22T11:17Z 45 3 12 84 0 0 66 10048
2018-11-22T11:22Z 45 2 18 84 0 0 68 10047
2018-11-22T11:28Z 45 3 18 84 0 0 68 10048
2018-11-22T11:33Z 45 1 14 84 0 0 69 10047
2018-11-22T11:38Z 45 0 8 84 0 0 70 10049
2018-11-22T11:43Z 45 3 9 83 0 0 70 10048
2018-11-22T11:48Z 45 5 18 83 0 0 71 10047
2018-11-22T11:53Z 45 3 18 83 0 0 71 10049
2018-11-22T11:58Z 45 8 22 83 0 0 71 10050
2018-11-22T12:03Z 45 3 22 83 0 0 72 10051
2018-11-22T12:08Z 45 1 14 82 0 0 73 10051
2018-11-22T12:13Z 45 3 18 82 0 0 73 10052
2018-11-22T12:18Z 45 3 18 82 0 0 73 10049
2018-11-22T12:23Z 45 3 22 82 0 0 74 10050
2018-11-22T12:28Z 45 6 22 82 0 0 74 10052
2018-11-22T12:33Z 45 2 22 82 0 0 74 10055
2018-11-22T12:38Z 45 6 18 82 0 0 74 10054
2018-11-22T12:43Z 45 2 13 81 0 0 74 10054
2018-11-22T12:49Z 45 4 18 81 0 0 74 10053
2018-11-22T12:54Z 45 3 18 81 0 0 75 10054
2018-11-22T12:59Z 45 3 14 81 0 0 75 10054
2018-11-22T13:04Z 45 3 13 81 0 0 75 10055
2018-11-22T13:09Z 45 6 13 81 0 0 75 10056
2018-11-22T13:14Z 45 1 13 81 0 0 75 10056
2018-11-22T13:19Z 45 3 13 81 0 0 75 10057
2018-11-22T13:24Z 45 1 13 81 0 0 75 10056
2018-11-22T13:29Z 45 1 17 81 0 0 75 10057
2018-11-22T13:34Z 45 0 17 81 0 0 75 10057
2018-11-22T13:39Z 45 0 9 81 0 0 75 10057
2018-11-22T13:44Z 45 0 13 81 0 0 75 10060
2018-11-22T13:49Z 45 1 13 80 0 0 76 10060
2018-11-22T13:54Z 45 2 13 80 0 0 76 10059
2018-11-22T13:59Z 45 0 8 80 0 0 75 10060
2018-11-22T14:04Z 45 1 9 80 0 0 75 10059
2018-11-22T14:09Z 45 0 11 80 0 0 75 10060
2018-11-22T14:15Z 45 0 11 80 0 0 75 10059
2018-11-22T14:20Z 45 3 9 80 0 0 76 10058
2018-11-22T14:25Z 45 2 11 80 0 0 76 10059
2018-11-22T14:30Z 45 0 11 80 0 0 76 10060
2018-11-22T14:35Z 45 0 9 80 0 0 76 10060
2018-11-22T14:40Z 45 1 9 80 0 0 76 10060
2018-11-22T14:45Z 90 0 9 80 0 0 76 10059
2018-11-22T14:50Z 0 0 5 80 0 0 76 10060
2018-11-22T14:55Z 0 0 4 80 0 0 77 10061
2018-11-22T15:00Z 0 0 0 80 0 0 77 10062
2018-11-22T15:05Z 0 0 0 80 0 0 77 10064
2018-11-22T15:10Z 0 0 0 80 0 0 77 10064
2018-11-22T15:15Z 45 0 3 80 0 0 77 10065
2018-11-22T15:20Z 0 0 3 80 0 0 77 10065
2018-11-22T15:25Z 0 0 3 80 0 0 77 10065
2018-11-22T15:30Z 0 0 2 80 0 0 76 10065
2018-11-22T15:36Z 0 0 2 80 0 0 76 10065
2018-11-22T15:41Z 0 0 0 80 0 0 76 10065
2018-11-22T15:46Z 0 0 0 80 0 0 76 10065
2018-11-22T15:51Z 0 0 0 80 0 0 76 10064
2018-11-22T15:56Z 0 0 0 80 0 0 76 10063
2018-11-22T16:01Z 270 0 5 80 0 0 77 10062
2018-11-22T16:06Z 225 0 5 80 0 0 77 10062
2018-11-22T16:11Z 225 4 8 80 0 0 77 10061
2018-11-22T16:16Z 225 3 9 80 0 0 77 10062
2018-11-22T16:21Z 225 5 11 80 0 0 77 10062
2018-11-22T16:26Z 225 5 11 80 0 0 77 10062
2018-11-22T16:31Z 45 5 12 80 0 0 76 10062
2018-11-22T16:36Z 45 5 12 80 0 0 75 10061
2018-11-22T16:41Z 45 6 12 80 0 0 75 10060
2018-11-22T16:46Z 45 5 12 80 0 0 75 10060
2018-11-22T16:51Z 225 4 11 80 0 0 75 10057
2018-11-22T16:57Z 45 4 10 80 0 0 75 10058
2018-11-22T17:02Z 225 5 11 80 0 0 75 10058
2018-11-22T17:07Z 135 3 11 80 0 0 75 10058
2018-11-22T17:12Z 225 6 12 80 0 0 75 10058
2018-11-22T17:17Z 225 6 12 80 0 0 75 10059
2018-11-22T17:22Z 225 6 11 80 0 0 75 10059
2018-11-22T17:27Z 225 6 10 80 0 0 76 10058
2018-11-22T17:32Z 225 6 12 80 0 0 76 10057
2018-11-22T17:37Z 225 6 12 80 0 0 76 10057
2018-11-22T17:42Z 225 6 10 80 0 0 76 10057
2018-11-22T17:47Z 225 3 9 80 0 0 76 10057
2018-11-22T17:52Z 180 3 10 80 0 0 76 10057
2018-11-22T17:57Z 180 4 10 80 0 0 77 10056
2018-11-22T18:02Z 45 6 10 79 0 0 77 10056
2018-11-22T18:07Z 45 6 13 80 0 0 77 10055
2018-11-22T18:12Z 45 6 13 80 0 0 77 10055
2018-11-22T18:17Z 225 4 13 79 0 0 78 10055
2018-11-22T18:22Z 225 4 13 79 0 0 78 10054
2018-11-22T18:27Z 45 5 11 79 0 0 78 10053
2018-11-22T18:32Z 180 4 11 79 0 0 78 10053
2018-11-22T18:37Z 135 5 10 79 0 0 79 10052
2018-11-22T18:42Z 90 4 10 79 0 0 79 10052
2018-11-22T18:47Z 90 5 12 79 0 0 79 10051
2018-11-22T18:52Z 180 5 12 79 0 0 79 10052
2018-11-22T18:58Z 180 5 12 79 0 0 79 10053
2018-11-22T19:03Z 45 5 12 79 0 0 79 10052
2018-11-22T19:08Z 45 5 10 79 0 0 78 10053
2018-11-22T19:13Z 225 3 13 79 0 0 78 10051
2018-11-22T19:18Z 180 5 13 79 0 0 78 10051
2018-11-22T19:23Z 135 5 10 79 0 0 78 10051
2018-11-22T19:28Z 225 2 9 79 0 0 78 10051
2018-11-22T19:33Z 180 3 9 79 0 0 78 10051
2018-11-22T19:38Z 225 2 9 79 0 0 79 10051
2018-11-22T19:43Z 225 4 6 79 0 0 79 10051
2018-11-22T19:48Z 270 3 6 79 0 0 79 10050
2018-11-22T19:53Z 225 3 6 79 0 0 79 10051
2018-11-22T19:58Z 225 6 10 79 0 0 80 10051
2018-11-22T20:03Z 225 6 10 79 0 0 80 10051
2018-11-22T20:08Z 225 6 10 79 0 0 80 10050
2018-11-22T20:13Z 225 6 10 79 0 0 80 10050
2018-11-22T20:18Z 180 6 12 79 0 0 80 10051
2018-11-22T20:24Z 225 6 12 79 0 0 80 10050
2018-11-22T20:29Z 225 6 10 79 0 0 81 10050
2018-11-22T20:34Z 225 5 10 79 0 0 81 10050
2018-11-22T20:39Z 225 6 11 79 0 0 81 10050
2018-11-22T20:44Z 225 4 11 79 0 0 81 10051
2018-11-22T20:49Z 225 6 9 79 0 0 82 10051
2018-11-22T20:54Z 225 5 9 79 0 0 82 10051
2018-11-22T20:59Z 225 6 11 79 0 0 82 10052
2018-11-22T21:04Z 225 5 11 79 0 0 83 10051
2018-11-22T21:09Z 225 4 10 79 0 0 83 10052
2018-11-22T21:14Z 225 6 13 79 0 0 83 10050
2018-11-22T21:19Z 225 6 13 79 0 0 83 10050
2018-11-22T21:24Z 180 9 15 79 0 0 83 10049
2018-11-22T21:29Z 45 7 15 79 0 0 83 10050
2018-11-22T21:34Z 225 7 15 79 0 0 83 10051
2018-11-22T21:39Z 180 9 15 79 0 0 82 10050
2018-11-22T21:45Z 225 6 15 79 0 0 82 10050
2018-11-22T21:50Z 225 4 13 79 0 0 82 10050
2018-11-22T21:55Z 225 8 12 79 0 0 82 10052
2018-11-22T22:00Z 180 9 15 79 0 0 82 10052
2018-11-22T22:05Z 225 6 15 78 0 0 83 10053
2018-11-22T22:10Z 180 6 15 78 0 0 83 10052
2018-11-22T22:15Z 225 6 11 78 0 0 83 10053
2018-11-22T22:20Z 225 9 15 78 0 0 83 10054
2018-11-22T22:25Z 180 5 15 78 0 0 83 10053
2018-11-22T22:30Z 225 0 11 78 0 0 83 10053
2018-11-22T22:35Z 225 3 11 78 0 0 82 10054
2018-11-22T22:40Z 225 6 18 78 0 0 80 10054
2018-11-22T22:45Z 225 4 18 78 0 0 79 10055
2018-11-22T22:50Z 180 4 13 78 0 0 79 10056
2018-11-22T22:55Z 225 4 11 78 0 0 79 10055
2018-11-22T23:00Z 135 3 11 77 0 0 79 10056
2018-11-22T23:06Z 225 4 7 77 0 0 79 10057
2018-11-22T23:11Z 225 0 7 77 0 0 79 10057
2018-11-22T23:16Z 225 0 6 77 0 0 79 10055
2018-11-22T23:21Z 90 3 7 77 0 0 78 10057
2018-11-22T23:26Z 180 1 7 78 0 0 77 10058
2018-11-22T23:31Z 225 4 7 78 0 0 77 10058
2018-11-22T23:36Z 225 3 7 78 0 0 76 10060
2018-11-22T23:41Z 90 4 7 78 0 0 75 10058
2018-11-22T23:46Z 225 4 10 78 0 0 74 10060
2018-11-22T23:51Z 135 3 10 79 0 0 73 10060
2018-11-22T23:56Z 45 6 12 79 0 0 72 10060
2018-11-23T00:01Z 135 4 12 79 0 0 71 10062
2018-11-23T00:06Z 180 5 9 79 0 0 71 10063
2018-11-23T00:11Z 180 4 10 79 0 0 70 10063
2018-11-23T00:16Z 45 2 10 79 0 0 70 10064
2018-11-23T00:21Z 135 4 12 79 0 0 70 10063
2018-11-23T00:26Z 45 6 12 80 0 0 70 10064
2018-11-23T00:32Z 45 6 13 80 0 0 70 10066
2018-11-23T00:37Z 45 6 14 80 0 0 70 10066
2018-11-23T00:42Z 45 7 17 80 0 0 70 10065
2018-11-23T00:47Z 45 5 19 80 0 0 70 10066
2018-11-23T00:52Z 45 9 21 81 0 0 68 10065
2018-11-23T00:57Z 45 8 21 81 0 0 68 10065
2018-11-23T01:02Z 45 8 21 82 0 0 67 10064
2018-11-23T01:07Z 45 11 27 83 0 0 63 10066
2018-11-23T01:12Z 45 9 27 84 0 0 62 10067
2018-11-23T01:17Z 45 9 25 85 0 0 60 10067
2018-11-23T01:22Z 45 9 27 85 0 0 60 10069
2018-11-23T01:27Z 45 9 27 85 0 0 60 10070
2018-11-23T01:32Z 45 14 27 84 0 0 61 10069
2018-11-23T01:37Z 45 15 34 84 0 0 61 10069
2018-11-23T01:42Z 45 10 34 84 0 0 62 10069
2018-11-23T01:47Z 45 9 26 84 0 0 62 10070
2018-11-23T01:53Z 45 12 27 85 0 0 61 10071
2018-11-23T01:58Z 45 10 27 85 0 0 60 10069
2018-11-23T02:05Z 45 11 27 86 0 0 58 10071
2018-11-23T02:10Z 45 4 25 87 0 0 59 10071
2018-11-23T02:15Z 45 4 23 87 0 0 58 10070
2018-11-23T02:20Z 45 6 22 88 0 0 56 10069
2018-11-23T02:26Z 45 9 22 89 0 0 54 10068
2018-11-23T02:31Z 45 9 21 90 0 0 53 10070
2018-11-23T02:36Z 45 6 22 91 0 0 51 10070
2018-11-23T02:41Z 45 9 23 92 0 0 49 10069
2018-11-23T02:46Z 45 9 23 92 0 0 48 10071
2018-11-23T02:51Z 90 12 28 92 0 0 49 10069
2018-11-23T02:56Z 45 7 28 93 0 0 47 10070
2018-11-23T03:01Z 45 9 22 96 0 0 44 10070
2018-11-23T03:06Z 45 19 50 97 0 0 42 10068
2018-11-23T03:11Z 45 18 50 97 0 0 41 10067
2018-11-23T03:16Z 45 19 51 97 0 0 41 10067
2018-11-23T03:21Z 45 31 66 97 0 0 39 10064
2018-11-23T03:26Z 45 22 66 96 0 0 41 10068
2018-11-23T03:31Z 45 27 51 96 0 0 41 10065
2018-11-23T03:36Z 45 23 48 95 0 0 42 10066
2018-11-23T03:41Z 45 23 45 96 0 0 41 10065
2018-11-23T03:46Z 45 20 46 97 0 0 41 10064
2018-11-23T03:52Z 45 21 46 97 0 0 40 10065
2018-11-23T03:57Z 45 25 50 97 0 0 40 10063
2018-11-23T04:02Z 45 13 50 98 0 0 39 10062
2018-11-23T04:07Z 45 21 45 98 0 0 38 10062
2018-11-23T04:12Z 45 26 45 97 0 0 38 10060
2018-11-23T04:17Z 45 9 43 95 0 0 41 10060
2018-11-23T04:22Z 45 13 36 95 0 0 41 10060
2018-11-23T04:27Z 45 15 41 95 0 0 42 10060
2018-11-23T04:32Z 45 15 41 94 0 0 42 10057
2018-11-23T04:37Z 45 15 40 94 0 0 42 10056
2018-11-23T04:42Z 45 24 50 93 0 0 42 10055
2018-11-23T04:47Z 45 15 50 93 0 0 44 10056
2018-11-23T04:52Z 45 12 37 93 0 0 44 10054
2018-11-23T04:57Z 45 12 37 93 0 0 45 10055
2018-11-23T05:02Z 45 16 34 93 0 0 44 10053
2018-11-23T05:07Z 45 18 36 93 0 0 44 10052
2018-11-23T05:13Z 45 10 36 94 0 0 44 10052
2018-11-23T05:18Z 45 14 40 95 0 0 42 10051
2018-11-23T05:23Z 45 25 40 97 0 0 39 10052
2018-11-23T05:28Z 45 25 45 97 0 0 39 10052
2018-11-23T05:33Z 45 25 45 96 0 0 39 10053
2018-11-23T05:38Z 45 24 40 96 0 0 39 10051
2018-11-23T05:43Z 45 25 40 96 0 0 39 10050
2018-11-23T05:48Z 45 29 49 97 0 0 37 10049
2018-11-23T05:53Z 45 26 49 98 0 0 37 10046
2018-11-23T05:58Z 45 26 50 97 0 0 37 10046
2018-11-23T06:03Z 45 27 50 97 0 0 39 10046
2018-11-23T06:08Z 45 25 45 95 0 0 39 10048
2018-11-23T06:13Z 45 28 49 94 0 0 41 10047
2018-11-23T06:18Z 45 27 49 93 0 0 43 10046
2018-11-23T06:23Z 45 25 41 92 0 0 44 10045
2018-11-23T06:28Z 45 19 40 91 0 0 45 10041
2018-11-23T06:33Z 45 27 45 91 0 0 44 10042
2018-11-23T06:39Z 45 18 45 91 0 0 45 10040
2018-11-23T06:44Z 45 19 36 91 0 0 44 10038
2018-11-23T06:49Z 45 16 36 92 0 0 45 10038
2018-11-23T06:54Z 45 12 36 92 0 0 45 10039
2018-11-23T06:59Z 45 13 34 92 0 0 45 10038
2018-11-23T07:04Z 45 21 34 92 0 0 45 10036
2018-11-23T07:09Z 45 6 34 92 0 0 45 10036
2018-11-23T07:14Z 45 5 27 92 0 0 45 10035
2018-11-23T07:19Z 45 10 27 93 0 0 44 10035
2018-11-23T07:24Z 45 13 27 92 0 0 44 10034
2018-11-23T07:29Z 45 15 25 92 0 0 44 10032
2018-11-23T07:34Z 45 15 27 92 0 0 45 10035
2018-11-23T07:39Z 45 9 27 93 0 0 45 10034
2018-11-23T07:44Z 45 12 35 93 0 0 44 10033
2018-11-23T07:49Z 45 21 36 93 0 0 44 10032
2018-11-23T07:54Z 45 3 36 93 0 0 45 10032
2018-11-23T08:00Z 45 12 34 93 0 0 43 10031
2018-11-23T08:05Z 45 12 34 93 0 0 43 10033
2018-11-23T08:10Z 45 7 22 93 0 0 43 10033
2018-11-23T08:15Z 45 15 37 94 0 0 42 10032
2018-11-23T08:20Z 45 12 40 93 0 0 43 10032
2018-11-23T08:25Z 45 12 40 92 0 0 44 10031
2018-11-23T08:30Z 45 3 32 92 0 0 44 10032
2018-11-23T08:35Z 45 3 32 92 0 0 44 10032
2018-11-23T08:40Z 45 7 22 92 0 0 45 10033
2018-11-23T08:45Z 45 7 22 92 0 0 45 10034
2018-11-23T08:50Z 45 6 22 92 0 0 45 10034
2018-11-23T08:55Z 45 8 24 91 0 0 46 10034
2018-11-23T09:00Z 45 9 24 90 0 0 47 10035
2018-11-23T09:05Z 45 7 23 90 0 0 47 10034
2018-11-23T09:10Z 45 5 28 89 0 0 48 10035
2018-11-23T09:15Z 45 7 28 89 0 0 49 10036
2018-11-23T09:21Z 135 7 22 89 0 0 49 10036
2018-11-23T09:26Z 90 6 22 89 0 0 50 10036
2018-11-23T09:31Z 90 6 18 88 0 0 50 10036
2018-11-23T09:36Z 90 8 17 88 0 0 51 10036
2018-11-23T09:41Z 90 9 18 88 0 0 51 10036
2018-11-23T09:46Z 180 9 22 88 0 0 52 10036
2018-11-23T09:51Z 180 6 22 87 0 0 52 10038
2018-11-23T09:56Z 90 8 22 87 0 0 53 10036
2018-11-23T10:01Z 180 9 18 87 0 0 53 10038
2018-11-23T10:06Z 180 9 18 87 0 0 54 10037
2018-11-23T10:11Z 180 8 18 87 0 0 54 10038
2018-11-23T10:16Z 180 8 18 86 0 0 55 10037
2018-11-23T10:21Z 135 7 18 86 0 0 55 10037
2018-11-23T10:26Z 180 4 18 86 0 0 56 10038