 8 17 2.500 2.500 10.200 10.600 3.200 3.200 0.01
 8 18 2.500 2.500 9.700 10.100 3.200 3.200 0.00
 8 19 2.389 2.500 9.600 9.800 3.000 3.100 0.00
 8 20 2.389 2.389 9.600 9.800 3.000 3.100 0.00
 8 21 2.333 2.389 9.500 9.800 3.100 3.200 0.00
 8 22 2.333 2.389 9.800 10.100 3.200 3.200 0.00
 8 23 2.389 2.556 10.100 10.900 2.900 3.200 0.00
 8 0 2.667 3.278 11.100 11.400 2.600 4.600 0.00
 8 1 3.333 3.611 11.400 11.800 5.000 5.300 0.00
 8 2 3.444 3.833 11.600 11.800 4.500 5.300 0.00
 8 3 3.889 4.056 11.400 11.800 3.900 4.300 0.00
 8 4 3.667 3.833 10.600 11.200 4.400 4.800 0.00
 8 5 3.667 3.833 10.000 10.500 4.200 4.800 0.00
 8 6 3.444 3.667 9.300 9.800 4.800 5.300 0.00
 8 7 3.444 3.556 8.700 9.100 5.000 5.300 0.00
 8 8 3.389 3.500 8.200 8.800 5.100 5.300 0.00
 8 9 3.222 3.500 8.000 8.400 5.200 5.600 0.00
 8 10 3.000 3.167 8.200 8.400 5.000 5.500 0.00
 8 11 2.889 3.000 8.200 8.500 3.800 5.200 0.00
 8 12 2.833 2.889 8.300 9.200 3.300 3.700 0.00
 8 13 2.833 2.833 9.100 9.600 3.100 3.200 0.00
 8 14 2.778 2.778 9.700 10.300 3.000 3.100 0.00
 8 15 2.722 2.778 10.400 10.900 2.900 3.100 0.00
 8 16 2.722 2.722 10.300 10.800 2.700 2.800 0.00
 8 17 2.667 2.722 9.500 10.200 2.700 2.900 0.00
 8 18 2.611 2.667 9.100 9.500 2.700 2.800 0.00
 8 19 2.611 2.611 8.700 9.100 2.800 2.800 0.00
 8 20 2.556 2.611 8.300 8.800 2.800 2.800 0.00
 8 21 2.556 2.556 8.100 8.400 2.800 2.900 0.00
 8 22 2.500 2.556 8.100 8.500 2.800 2.900 0.00
 8 23 2.556 2.889 8.700 9.500 2.700 3.100 0.00
 8 0 2.889 2.944 9.500 10.200 3.300 3.500 0.00
 8 1 2.944 3.611 10.300 10.400 3.600 5.200 0.00
 8 2 3.500 3.889 9.900 10.300 4.600 5.200 0.00
 8 3 3.611 3.889 9.300 9.600 4.500 5.100 0.00
 8 4 3.500 3.944 8.500 9.100 4.300 5.200 0.00
 8 5 3.722 3.944 7.500 8.400 4.100 4.900 0.00
 8 6 3.611 3.722 6.700 7.100 4.700 5.000 0.00
 8 7 3.222 3.889 6.000 6.300 4.700 5.200 0.00
 8 8 3.444 3.833 5.700 6.100 4.600 5.300 0.00
 8 12 2.778 2.778 8.100 8.200 3.300 3.600 0.00
 8 13 2.778 2.778 8.200 8.500 3.300 3.400 0.00
 8 16 2.667 2.667 9.300 9.400 3.000 3.100 0.00
