 2018.00 8.00 11.00 7.00 37.00 45.00 23.00 56.00 33.33 9973.00 52.00 0.00 0.00
 2018.00 8.00 11.00 7.00 42.00 45.00 19.00 56.00 33.89 9972.00 50.00 0.00 0.00
 2018.00 8.00 11.00 7.00 47.00 45.00 31.00 50.00 34.44 9970.00 50.00 0.00 0.00
 2018.00 8.00 11.00 7.00 52.00 45.00 18.00 61.00 33.89 9973.00 51.00 0.00 0.00
 2018.00 8.00 11.00 7.00 57.00 45.00 25.00 62.00 33.89 9972.00 51.00 0.00 0.00
 2018.00 8.00 11.00 8.00 2.00 45.00 19.00 62.00 33.89 9971.00 52.00 0.00 0.00
 2018.00 8.00 11.00 8.00 7.00 135.00 19.00 47.00 34.44 9972.00 51.00 0.00 0.00
 2018.00 8.00 11.00 8.00 12.00 45.00 16.00 47.00 34.44 9972.00 52.00 0.00 0.00
 2018.00 8.00 11.00 8.00 17.00 45.00 18.00 47.00 33.89 9969.00 52.00 0.00 0.00
 2018.00 8.00 11.00 8.00 22.00 45.00 18.00 47.00 34.44 9969.00 52.00 0.00 0.00
 2018.00 8.00 11.00 8.00 32.00 45.00 26.00 53.00 34.44 9970.00 51.00 0.00 0.00
 2018.00 8.00 11.00 8.00 37.00 90.00 19.00 53.00 33.33 9971.00 54.00 0.00 0.00
 2018.00 8.00 11.00 8.00 27.00 45.00 13.00 39.00 35.00 9971.00 52.00 0.00 0.00
 2018.00 8.00 11.00 8.00 42.00 45.00 15.00 50.00 32.78 9970.00 55.00 0.00 0.00
 2018.00 8.00 11.00 8.00 47.00 90.00 12.00 38.00 32.22 9968.00 56.00 0.00 0.00
 2018.00 8.00 11.00 8.00 57.00 45.00 13.00 33.00 31.11 9969.00 56.00 0.00 0.00
 2018.00 8.00 11.00 8.00 52.00 90.00 13.00 33.00 31.11 9970.00 56.00 0.00 0.00
 2018.00 8.00 11.00 9.00 2.00 45.00 14.00 30.00 31.67 9970.00 57.00 0.00 0.00
 2018.00 8.00 11.00 9.00 7.00 45.00 10.00 27.00 31.67 9969.00 57.00 0.00 0.00
 2018.00 8.00 11.00 9.00 17.00 45.00 9.00 21.00 33.89 9968.00 55.00 0.00 0.00
 2018.00 8.00 11.00 9.00 22.00 45.00 10.00 18.00 33.89 9969.00 55.00 0.00 0.00
 2018.00 8.00 11.00 9.00 12.00 45.00 8.00 21.00 32.78 9967.00 56.00 0.00 0.00
 2018.00 8.00 11.00 9.00 27.00 45.00 9.00 24.00 33.89 9968.00 55.00 0.00 0.00
 2018.00 8.00 11.00 9.00 32.00 90.00 12.00 25.00 33.33 9968.00 55.00 0.00 0.00
 2018.00 8.00 11.00 9.00 42.00 135.00 9.00 30.00 32.22 9969.00 57.00 0.00 0.00
 2018.00 8.00 11.00 9.00 37.00 45.00 12.00 30.00 32.78 9968.00 56.00 0.00 0.00
 2018.00 8.00 11.00 10.00 22.00 45.00 6.00 22.00 30.56 9971.00 58.00 0.00 0.00
 2018.00 8.00 11.00 10.00 7.00 45.00 7.00 24.00 31.67 9970.00 58.00 0.00 0.00
 2018.00 8.00 11.00 12.00 22.00 180.00 6.00 22.00 25.56 9990.00 46.00 1.00 1.00
 2018.00 8.00 11.00 12.00 32.00 45.00 8.00 22.00 25.00 9992.00 46.00 1.00 1.00
 2018.00 8.00 11.00 12.00 27.00 90.00 8.00 18.00 25.56 9991.00 46.00 1.00 1.00
 2018.00 8.00 11.00 12.00 37.00 45.00 13.00 27.00 25.00 9991.00 46.00 1.00 1.00
 2018.00 8.00 11.00 12.00 43.00 45.00 9.00 27.00 25.56 9991.00 46.00 1.00 1.00
 2018.00 8.00 11.00 12.00 53.00 45.00 13.00 30.00 25.00 9992.00 45.00 1.00 0.00
 2018.00 8.00 11.00 12.00 48.00 45.00 11.00 30.00 25.00 9991.00 45.00 1.00 0.00
 2018.00 8.00 11.00 12.00 58.00 45.00 14.00 27.00 25.00 9994.00 45.00 1.00 0.00
 2018.00 8.00 11.00 13.00 8.00 180.00 9.00 22.00 25.00 9993.00 45.00 1.00 0.00
 2018.00 8.00 11.00 13.00 3.00 45.00 6.00 27.00 25.00 9992.00 45.00 1.00 0.00
 2018.00 8.00 11.00 13.00 18.00 180.00 9.00 22.00 25.00 9992.00 45.00 1.00 0.00
 2018.00 8.00 11.00 13.00 13.00 45.00 12.00 22.00 25.00 9993.00 45.00 1.00 0.00
 2018.00 8.00 11.00 13.00 23.00 180.00 8.00 18.00 25.00 9994.00 44.00 1.00 0.00
 2018.00 8.00 11.00 13.00 33.00 45.00 6.00 22.00 25.00 9996.00 44.00 1.00 0.00
 2018.00 8.00 11.00 13.00 28.00 45.00 6.00 22.00 25.00 9994.00 44.00 1.00 0.00
 2018.00 8.00 11.00 13.00 38.00 45.00 2.00 16.00 25.00 9997.00 44.00 1.00 0.00
 2018.00 8.00 11.00 13.00 43.00 45.00 7.00 18.00 25.00 9999.00 44.00 1.00 0.00
 2018.00 8.00 11.00 13.00 48.00 45.00 7.00 18.00 25.00 9998.00 44.00 1.00 0.00
 2018.00 8.00 11.00 13.00 53.00 135.00 9.00 18.00 25.00 9997.00 44.00 1.00 0.00
 2018.00 8.00 11.00 14.00 3.00 45.00 4.00 13.00 25.56 9999.00 43.00 1.00 0.00
 2018.00 8.00 11.00 14.00 8.00 45.00 10.00 18.00 25.56 10000.00 43.00 1.00 0.00
 2018.00 8.00 11.00 14.00 13.00 45.00 9.00 18.00 25.56 10000.00 43.00 1.00 0.00
 2018.00 8.00 11.00 13.00 58.00 45.00 5.00 18.00 25.56 9998.00 44.00 1.00 0.00
 2018.00 8.00 11.00 14.00 18.00 45.00 12.00 23.00 25.56 10001.00 43.00 1.00 0.00
 2018.00 8.00 11.00 14.00 23.00 45.00 7.00 23.00 25.56 10001.00 43.00 1.00 0.00
 2018.00 8.00 11.00 14.00 28.00 45.00 7.00 22.00 25.56 10001.00 43.00 1.00 0.00
 2018.00 8.00 11.00 14.00 33.00 45.00 12.00 26.00 25.56 10001.00 43.00 1.00 0.00
 2018.00 8.00 11.00 14.00 38.00 45.00 12.00 26.00 25.56 10001.00 43.00 1.00 0.00
 2018.00 8.00 11.00 14.00 43.00 45.00 13.00 26.00 25.56 10003.00 43.00 1.00 0.00
 2018.00 8.00 11.00 14.00 48.00 45.00 13.00 26.00 25.56 10003.00 43.00 1.00 0.00
 2018.00 8.00 11.00 14.00 58.00 180.00 7.00 22.00 25.56 10003.00 43.00 1.00 0.00
 2018.00 8.00 11.00 14.00 53.00 45.00 11.00 23.00 25.56 10002.00 43.00 1.00 0.00
 2018.00 8.00 11.00 15.00 3.00 180.00 9.00 18.00 25.56 10002.00 43.00 1.00 0.00
 2018.00 8.00 11.00 15.00 8.00 180.00 6.00 18.00 25.56 10003.00 42.00 1.00 0.00
 2018.00 8.00 11.00 15.00 18.00 45.00 6.00 18.00 25.56 10003.00 42.00 1.00 0.00
 2018.00 8.00 11.00 15.00 13.00 90.00 6.00 13.00 25.56 10002.00 42.00 1.00 0.00
 2018.00 8.00 11.00 15.00 23.00 180.00 7.00 18.00 25.56 10004.00 42.00 1.00 0.00
 2018.00 8.00 11.00 15.00 28.00 45.00 8.00 18.00 25.56 10004.00 42.00 1.00 0.00
 2018.00 8.00 11.00 15.00 33.00 180.00 8.00 18.00 25.56 10004.00 42.00 1.00 0.00
 2018.00 8.00 11.00 15.00 43.00 180.00 8.00 14.00 25.56 10004.00 42.00 1.00 0.00
 2018.00 8.00 11.00 15.00 38.00 90.00 7.00 14.00 25.56 10003.00 42.00 1.00 0.00
 2018.00 8.00 11.00 15.00 48.00 45.00 8.00 14.00 25.56 10004.00 42.00 1.00 0.00
 2018.00 8.00 11.00 15.00 53.00 90.00 4.00 16.00 25.56 10004.00 42.00 1.00 0.00
 2018.00 8.00 11.00 15.00 58.00 135.00 6.00 16.00 25.56 10004.00 41.00 1.00 0.00
 2018.00 8.00 11.00 16.00 8.00 180.00 6.00 18.00 25.56 10002.00 41.00 1.00 0.00
 2018.00 8.00 11.00 16.00 13.00 135.00 6.00 13.00 25.56 10001.00 41.00 1.00 0.00
 2018.00 8.00 11.00 16.00 18.00 90.00 8.00 22.00 25.56 10001.00 41.00 1.00 0.00
 2018.00 8.00 11.00 16.00 3.00 180.00 8.00 18.00 25.56 10004.00 41.00 1.00 0.00
 2018.00 8.00 11.00 16.00 28.00 45.00 6.00 18.00 26.11 10000.00 41.00 1.00 0.00
 2018.00 8.00 11.00 16.00 23.00 135.00 8.00 22.00 26.11 10000.00 41.00 1.00 0.00
 2018.00 8.00 11.00 16.00 33.00 45.00 5.00 17.00 26.11 9999.00 41.00 1.00 0.00
 2018.00 8.00 11.00 16.00 43.00 135.00 3.00 13.00 25.56 9999.00 41.00 1.00 0.00
 2018.00 8.00 11.00 16.00 38.00 45.00 5.00 13.00 25.56 9999.00 41.00 1.00 0.00
 2018.00 8.00 11.00 16.00 48.00 45.00 7.00 13.00 25.56 10000.00 40.00 1.00 0.00
