 1.600 1 4 3.611 3.889 0.600 4.200 5.100 0.000
 2.500 1 5 3.611 4.000 1.600 3.900 4.800 0.000
 2.800 1 6 3.611 3.944 1.900 4.000 4.800 0.000
 3.100 1 7 3.222 3.611 0.700 4.500 5.400 0.070
 1.700 1 8 3.111 3.222 -0.200 5.400 6.000 0.070
 1.500 1 9 2.500 3.111 -0.300 3.500 6.100 0.010
 0.300 1 10 2.444 2.500 -0.400 3.200 3.500 0.000
 0.300 1 11 2.444 2.500 -0.500 3.100 3.200 0.010
 0.300 1 12 2.444 2.444 -1.000 3.100 3.100 0.010
 0.300 1 13 2.389 2.389 -1.100 3.100 3.200 0.000
 0.000 0 14 2.389 2.389 -0.900 3.200 3.200 0.000
 0.000 1 15 2.389 2.389 -0.800 3.200 3.200 0.000
 0.100 0 16 2.389 2.444 0.100 3.200 3.300 0.000
 0.800 1 17 2.444 2.500 0.800 3.100 3.200 0.000
 0.900 1 18 2.500 2.500 0.500 3.100 3.100 0.000
 0.900 1 19 2.500 2.500 0.900 3.100 3.100 0.000
 0.500 1 20 2.500 2.500 1.200 3.100 3.100 0.000
 0.300 0 21 2.500 2.500 0.000 3.100 3.100 0.000
 0.500 1 22 2.500 2.500 -1.100 3.100 3.200 0.000
 0.800 1 23 2.500 2.667 -1.000 3.000 3.100 0.000
 0.900 1 0 2.667 3.167 -0.800 3.000 5.100 0.000
 1.600 1 1 3.222 3.389 -0.500 5.400 5.700 0.000
 1.600 1 2 3.444 3.778 0.200 4.500 5.500 0.000
 2.200 1 3 3.444 3.889 0.900 4.000 5.000 0.000
 2.400 1 4 3.611 4.000 1.200 3.700 4.500 0.000
 2.500 1 5 3.722 4.000 1.500 3.800 4.200 0.000
 1.900 1 6 3.889 4.111 1.900 3.400 3.900 0.000
 1.800 1 7 3.722 3.944 1.800 3.600 4.100 0.000
 1.800 1 8 3.722 3.944 1.000 3.700 4.100 0.000
 2.100 1 9 3.389 3.667 0.400 4.200 4.700 0.000
 1.800 1 10 3.111 3.389 -0.600 4.700 5.600 0.000
 1.000 1 11 3.000 3.056 -1.900 5.600 6.000 0.000
 1.300 1 12 2.944 3.000 -1.700 6.000 6.200 0.000
 1.200 1 13 2.889 2.944 -1.700 5.600 6.200 0.000
 3.000 1 14 2.833 2.889 -1.200 4.100 5.400 0.000
 2.200 1 15 2.556 2.778 0.300 3.600 4.800 0.000
 1.500 1 16 2.500 2.556 1.100 3.700 4.700 0.000
 0.900 1 17 2.444 2.500 1.700 3.400 3.700 0.000
 0.600 1 18 2.444 2.444 1.200 3.200 3.300 0.000
 0.300 1 19 2.444 2.444 0.200 3.100 3.200 0.000
 0.300 1 20 2.444 2.444 0.400 3.100 3.100 0.000
 0.100 0 21 2.389 2.444 0.700 3.100 3.200 0.000
 0.200 0 22 2.389 2.444 0.000 3.100 3.200 0.000
 0.400 0 23 2.444 2.722 -1.100 3.000 3.200 0.000
 0.600 1 0 2.778 3.278 -1.500 3.300 5.700 0.000
 0.600 1 1 3.333 3.667 -1.100 4.900 5.700 0.010
 0.900 1 2 3.111 3.389 -0.100 5.500 6.000 0.010
 1.300 1 3 3.111 3.611 0.700 5.100 6.100 0.010
 1.100 1 4 3.167 3.167 1.900 6.100 6.100 0.010
 1.700 1 5 3.611 3.833 1.900 4.300 4.900 0.000
 2.200 1 6 3.556 3.722 1.200 4.500 5.000 0.000
 1.900 1 7 3.500 3.722 1.600 4.500 4.900 0.000
 1.400 1 8 3.333 3.722 0.900 4.500 5.700 0.000
 1.100 1 9 3.056 3.278 -0.100 5.800 6.300 0.000
 1.000 1 10 3.111 3.222 -1.300 5.900 6.200 0.000
 1.000 1 11 3.056 3.056 -2.000 6.200 6.300 0.000
 0.900 1 12 2.889 3.056 -1.400 6.000 6.300 0.000
 0.900 1 13 2.889 2.889 -0.800 5.800 6.000 0.000
 1.400 1 14 2.778 2.889 -1.100 3.900 5.800 0.000
 1.700 0 15 2.778 2.778 -0.800 3.500 3.800 0.000
 1.100 1 16 2.778 2.778 0.700 3.200 3.500 0.000
 0.900 1 17 2.722 2.778 0.900 3.100 3.200 0.000
 0.800 1 18 2.667 2.722 0.700 3.000 3.000 0.000
 0.900 1 19 2.667 2.667 0.700 3.000 3.000 0.000
 0.600 0 20 2.667 2.667 0.500 2.900 3.000 0.000
 0.300 1 21 2.667 2.667 0.200 2.900 2.900 0.000
 0.400 0 22 2.667 2.667 -0.500 2.900 2.900 0.000
 0.700 1 23 2.667 2.944 -0.900 2.900 3.600 0.000
 0.900 1 0 2.944 3.167 -1.600 3.600 4.700 0.000
 0.800 1 1 3.167 3.611 -1.100 4.700 5.600 0.000
 1.600 1 2 3.667 3.889 0.400 4.500 5.400 0.000
 1.500 1 3 3.778 3.944 1.100 4.400 4.800 0.000
 1.600 1 4 3.611 4.111 1.800 3.900 5.000 0.130
 1.500 1 5 3.444 4.000 2.200 4.100 5.400 0.130
 1.400 1 6 2.667 3.278 2.200 3.200 6.000 0.000
 0.600 1 7 2.722 2.778 1.900 3.100 3.300 0.000
 0.800 1 8 2.778 3.167 0.300 3.500 5.300 0.000
 1.300 1 9 2.722 3.111 -0.700 3.700 5.100 0.000
 1.000 0 10 2.611 2.722 0.200 3.100 3.900 0.010
 1.100 1 11 2.500 2.556 -1.700 3.200 3.400 0.060
 0.900 1 12 2.556 2.556 -3.100 3.100 3.400 0.290
 0.800 1 13 2.444 2.556 -2.600 3.100 3.200 0.410
 1.400 1 14 2.333 2.500 -2.000 3.200 3.400 0.090
 0.900 1 15 2.333 2.389 -0.400 3.400 3.400 0.070
 0.200 0 16 2.333 2.389 1.300 3.400 3.400 0.010
 0.100 1 17 2.333 2.389 2.200 3.400 3.400 0.000
 0.400 1 18 2.333 2.389 1.300 3.400 3.500 0.000
 0.300 1 19 2.389 2.389 0.500 3.400 3.500 0.000
 0.200 1 20 2.333 2.389 -0.300 3.500 3.600 0.000
 0.100 0 21 2.333 2.389 -0.100 3.500 3.600 0.000
 0.000 1 22 2.333 2.389 0.200 3.500 3.600 0.000
 0.000 1 23 2.389 2.500 -0.400 3.500 3.600 0.010
 0.200 1 0 2.500 2.944 -1.300 2.900 3.500 0.010
 0.100 1 1 2.944 3.389 -2.100 3.400 5.700 0.000
 0.400 1 2 3.556 4.167 -1.300 4.100 5.700 0.000
 0.500 1 3 4.000 4.444 0.000 3.500 4.300 0.150
 0.300 0 4 3.778 4.556 1.500 3.200 4.600 0.150
 0.900 1 5 3.056 4.333 2.200 3.500 6.000 0.670
 1.700 1 6 3.167 4.111 1.700 4.200 6.000 0.000
 2.600 1 7 2.444 3.056 1.200 3.200 6.000 0.000
