 8 7 2.556 2.833 8.400 8.500 3.400 4.900 0.16
 8 8 2.500 2.556 7.800 8.600 3.400 3.400 0.05
 8 9 2.556 2.611 7.500 7.700 3.100 3.300 0.01
 8 10 2.611 2.667 7.500 8.300 3.100 3.100 0.00
 8 11 2.611 2.611 8.400 8.900 3.100 3.200 0.00
 8 12 2.611 2.611 8.900 9.400 3.200 3.200 0.00
 8 13 2.611 2.667 9.400 10.100 3.000 3.100 0.00
 8 14 2.667 2.667 10.100 10.400 2.900 3.000 0.00
 8 15 2.667 2.667 10.100 10.500 2.900 2.900 0.00
 8 16 2.667 2.667 10.100 10.400 2.900 2.900 0.01
 8 17 2.667 2.667 9.600 10.100 2.900 2.900 0.01
 8 18 2.667 2.667 8.900 9.700 2.900 2.900 0.00
 8 19 2.611 2.611 8.600 8.900 3.000 3.000 0.00
 8 20 2.611 2.611 8.400 8.700 3.000 3.000 0.00
 8 21 2.611 2.611 8.300 8.600 3.100 3.100 0.00
 8 22 2.611 2.611 8.500 8.900 3.000 3.100 0.00
 8 23 2.611 2.778 9.000 9.300 2.700 3.000 0.00
 8 0 2.778 3.000 9.400 9.900 2.700 3.300 0.00
 8 1 3.000 3.222 9.900 10.200 3.200 4.200 0.00
 8 2 2.944 3.611 10.000 10.200 3.100 5.100 0.00
 8 3 3.278 3.667 9.800 10.100 5.000 5.200 0.00
 8 4 3.333 3.889 9.000 9.900 4.600 5.200 0.01
 8 5 3.056 3.889 8.300 8.900 4.400 5.300 0.02
 8 6 2.611 2.833 7.800 8.900 2.900 3.700 0.01
 8 7 2.833 2.944 7.600 8.000 2.800 3.100 0.16
 8 8 2.556 2.833 7.300 7.900 2.800 3.100 0.02
 8 9 2.444 2.500 7.700 7.900 3.000 3.200 0.01
 8 10 2.444 2.500 7.800 8.400 3.000 3.100 0.00
 8 11 2.444 2.500 8.200 8.500 3.000 3.000 0.00
 8 12 2.444 2.500 8.100 9.200 3.000 3.100 0.00
 8 13 2.444 2.444 9.400 10.400 3.100 3.100 0.00
 8 14 2.444 2.444 10.700 11.300 3.100 3.200 0.01
 8 15 2.444 2.444 11.300 11.500 3.200 3.200 0.00
 8 16 2.444 2.444 10.300 11.100 3.100 3.200 0.00
 8 17 2.444 2.444 10.000 10.300 3.100 3.100 0.01
 8 18 2.444 2.444 9.700 10.100 3.100 3.100 0.01
 8 19 2.444 2.444 9.500 9.800 3.100 3.100 0.00
 8 20 2.444 2.444 9.400 9.500 3.100 3.100 0.00
 8 6 3.278 3.500 8.200 8.700 5.100 5.300 0.00
 8 7 3.278 3.333 8.300 8.600 5.300 5.400 0.00
 8 8 3.000 3.167 7.900 8.200 4.000 5.100 0.00
 8 9 2.889 3.000 7.800 8.000 3.300 3.900 0.00
 8 10 2.833 2.944 7.900 8.200 3.100 3.400 0.00
 8 11 2.778 2.833 8.100 8.400 3.100 3.100 0.00
 8 12 2.722 2.778 8.400 8.900 2.900 3.100 0.00
 8 13 2.722 2.722 9.000 9.600 2.800 2.900 0.00
 8 14 2.667 2.722 10.000 10.300 2.800 2.800 0.00
 8 15 2.722 2.722 10.000 10.300 2.800 2.800 0.00
 8 16 2.722 2.722 9.800 10.200 2.700 2.800 0.00
 8 17 2.667 2.722 9.200 9.600 2.700 2.700 0.00
 8 18 2.667 2.667 8.800 9.200 2.700 2.700 0.00
 8 19 2.667 2.667 8.500 8.800 2.700 2.800 0.00
 8 20 2.667 2.667 8.200 8.400 2.700 2.800 0.00
 8 21 2.667 2.667 8.200 8.300 2.800 2.900 0.00
 8 22 2.611 2.667 7.900 8.100 2.800 2.900 0.00
 8 23 2.611 2.722 7.800 8.400 2.700 2.900 0.00
 8 0 2.778 3.056 8.500 9.100 2.600 3.200 0.00
 8 1 3.111 3.167 8.900 9.300 3.700 4.000 0.00
 8 2 3.167 3.556 9.000 9.300 4.000 5.100 0.00
 8 3 3.611 3.778 8.600 9.300 4.600 5.000 0.00
 8 4 3.722 3.944 7.600 8.700 4.100 4.400 0.00
 8 5 3.556 3.833 6.700 7.700 4.200 4.900 0.00
 8 6 3.333 3.889 6.000 6.900 4.200 5.200 0.00
 8 7 3.278 3.667 5.800 6.100 4.500 5.300 0.00
 8 8 3.333 3.667 5.500 6.000 4.600 5.300 0.00
 8 9 3.278 3.444 5.400 5.900 4.900 5.400 0.00
 8 10 3.000 3.167 5.500 6.100 4.700 5.300 0.00
 8 11 2.944 3.000 6.100 6.600 4.200 4.500 0.00
 8 12 2.889 2.944 6.600 7.100 4.000 4.700 0.00
 8 13 2.833 2.833 7.100 7.800 3.300 3.800 0.00
 8 14 2.778 2.833 7.500 7.800 3.000 3.200 0.00
 8 15 2.722 2.778 7.200 7.600 2.800 2.900 0.00
 8 16 2.722 2.722 6.700 7.000 2.800 2.800 0.00
 8 17 2.667 2.722 6.300 6.700 2.800 2.800 0.00
 8 18 2.667 2.667 6.100 6.400 2.800 2.800 0.00
 8 19 2.667 2.667 5.500 5.900 2.700 2.800 0.00
 8 20 2.667 2.667 5.000 5.500 2.700 2.700 0.00
 8 21 2.667 2.667 5.000 5.200 2.700 2.800 0.00
 8 22 2.667 2.667 5.000 5.500 2.800 2.800 0.00
 8 23 2.667 2.833 5.300 5.900 2.600 2.800 0.00
 8 0 2.889 3.056 5.900 6.500 2.600 3.300 0.00
 8 1 3.056 3.278 6.300 6.600 3.600 4.600 0.00
 8 2 3.167 3.333 6.200 6.700 4.600 5.000 0.00
 8 3 3.167 3.611 5.900 6.300 4.600 5.200 0.00
 8 4 3.333 3.722 5.200 5.800 4.800 5.200 0.18
 8 5 2.722 3.000 4.600 5.700 2.600 2.800 0.03
 8 6 3.167 3.500 3.700 4.300 3.100 5.100 0.00
 8 7 3.333 3.500 3.400 4.200 5.000 5.200 0.00
 8 8 3.222 3.389 3.600 3.800 5.200 5.300 0.00
 8 9 3.111 3.167 3.500 3.900 5.100 5.200 0.00
 8 10 3.000 3.167 4.000 4.300 4.600 5.000 0.00
 8 11 2.944 3.000 4.500 5.100 4.300 4.400 0.00
 8 12 2.889 2.944 5.100 5.800 4.100 4.200 0.00
 8 13 2.889 2.889 6.000 6.800 3.600 4.000 0.00
 8 14 2.833 2.889 6.700 7.200 3.300 3.600 0.00
 8 15 2.833 2.833 7.200 7.500 3.100 3.200 0.00
 8 16 2.778 2.833 7.400 7.700 2.900 3.000 0.00
 8 17 2.778 2.778 7.000 7.300 2.900 2.900 0.00
 8 18 2.722 2.778 6.500 6.800 2.800 2.800 0.00
 8 19 2.722 2.722 6.500 6.700 2.800 2.800 0.00
 8 20 2.722 2.722 6.200 6.600 2.800 2.800 0.00
 8 21 2.667 2.722 6.200 6.400 2.800 2.800 0.00
 8 22 2.667 2.667 6.400 6.700 2.800 2.800 0.02
 8 23 2.611 2.667 6.700 7.500 2.700 3.000 0.02
 8 0 2.667 2.944 7.500 8.200 2.600 2.900 0.00
 8 1 3.056 3.500 8.000 8.300 3.000 5.000 0.00
 8 2 3.167 3.500 7.900 8.300 4.500 5.200 0.00
 8 3 3.389 3.722 7.700 8.000 4.800 5.200 0.00
 8 4 3.333 3.667 6.900 7.900 4.800 5.300 0.03
 8 5 3.222 3.667 5.900 6.900 4.800 5.300 0.84
 8 6 2.333 2.833 5.800 7.400 2.800 3.400 0.10
 8 7 2.333 2.389 6.000 6.400 3.500 3.500 0.06
 8 8 2.389 2.444 5.600 6.000 3.500 3.500 0.01
 8 9 2.444 2.444 5.300 6.100 3.400 3.400 0.02
 8 10 2.444 2.444 6.100 6.800 3.400 3.400 0.02
 8 11 2.444 2.444 6.800 7.300 3.500 3.500 0.01
 8 12 2.444 2.444 7.400 8.200 3.500 3.500 0.00
 8 13 2.444 2.500 8.300 8.900 3.500 3.500 0.00
 8 14 2.444 2.500 8.900 9.300 3.500 3.600 0.00
 8 15 2.444 2.444 9.400 9.700 3.600 3.600 0.00
 8 16 2.444 2.444 9.100 9.600 3.600 3.600 0.00
 8 17 2.444 2.500 8.400 9.000 3.500 3.600 0.00
 8 18 2.444 2.500 8.200 8.400 3.500 3.600 0.00
 8 19 2.444 2.444 8.000 8.400 3.600 3.600 0.00
 8 20 2.500 2.500 8.300 8.300 3.600 3.600 0.00
 8 9 3.167 3.167 7.700 7.700 5.600 5.600 0.19
 8 10 2.444 3.056 8.000 8.900 3.000 5.200 0.01
 8 11 2.444 2.500 8.800 9.000 2.900 3.000 0.00
 8 12 2.444 2.444 8.600 9.800 2.900 3.000 0.00
 8 13 2.444 2.500 10.100 10.900 3.000 3.000 0.00
 8 14 2.444 2.500 11.000 11.500 3.000 3.100 0.00
 8 15 2.500 2.500 11.100 11.600 3.100 3.100 0.00
 8 16 2.500 2.500 10.800 11.200 3.100 3.100 0.00
