 8 7 25.56 28.33 84 85 34 49 0.16
 8 8 25.00 25.56 78 86 34 34 0.16
 8 9 25.56 26.11 75 77 31 33 0.05
 8 10 26.11 26.67 75 83 31 31 0.00
 8 11 26.11 26.11 84 89 31 32 0.00
 8 12 26.11 26.11 89 94 32 32 0.00
 8 13 26.11 26.67 94 101 30 31 0.00
 8 14 26.67 26.67 101 104 29 30 0.00
 8 15 26.67 26.67 101 105 29 29 0.00
 8 16 26.67 26.67 101 104 29 29 0.00
 8 17 26.67 26.67 96 101 29 29 0.01
 8 18 26.67 26.67 89 97 29 29 0.00
 8 19 26.11 26.11 86 89 30 30 0.00
 8 20 26.11 26.11 84 87 30 30 0.00
 8 21 26.11 26.11 83 86 31 31 0.00
 8 22 26.11 26.11 85 89 30 31 0.00
 8 23 26.11 27.78 90 93 27 30 0.00
 8 0 27.78 30.00 94 99 27 33 0.00
 8 1 30.00 32.22 99 102 32 42 0.00
 8 2 29.44 36.11 100 102 31 51 0.00
 8 3 32.78 36.67 98 101 50 52 0.00
 8 4 33.33 38.89 90 99 46 52 0.00
 8 5 30.56 38.89 83 89 44 53 0.01
 8 6 26.11 28.33 78 89 29 37 0.02
 8 7 28.33 29.44 76 80 28 31 0.01
 8 8 25.56 28.33 73 79 28 31 0.16
 8 9 24.44 25.00 77 79 30 32 0.02
 8 10 24.44 25.00 78 84 30 31 0.00
 8 11 24.44 25.00 82 85 30 30 0.00
 8 12 24.44 25.00 81 92 30 31 0.00
 8 13 24.44 24.44 94 104 31 31 0.00
 8 14 24.44 24.44 107 113 31 32 0.00
 8 15 24.44 24.44 113 115 32 32 0.01
 8 16 24.44 24.44 103 111 31 32 0.00
 8 17 24.44 24.44 100 103 31 31 0.00
 8 18 24.44 24.44 97 101 31 31 0.01
 8 19 24.44 24.44 95 98 31 31 0.00
 8 20 24.44 24.44 94 95 31 31 0.00
 8 5 -17.78 33.89 -9900 89 0 52 0.00
 8 6 32.78 35.00 82 87 51 53 0.00
 8 7 32.78 33.33 83 86 53 54 0.00
 8 8 30.00 31.67 79 82 40 51 0.00
 8 9 28.89 30.00 78 80 33 39 0.00
 8 10 28.33 29.44 79 82 31 34 0.00
 8 11 27.78 28.33 81 84 31 31 0.00
 8 12 27.22 27.78 84 89 29 31 0.00
 8 13 27.22 27.22 90 96 28 29 0.00
 8 14 26.67 27.22 100 103 28 28 0.00
 8 15 27.22 27.22 100 103 28 28 0.00
 8 16 27.22 27.22 98 102 27 28 0.00
 8 17 26.67 27.22 92 96 27 27 0.00
 8 18 26.67 26.67 88 92 27 27 0.00
 8 19 26.67 26.67 85 88 27 28 0.00
 8 20 26.67 26.67 82 84 27 28 0.00
 8 21 26.67 26.67 82 83 28 29 0.00
 8 22 26.11 26.67 79 81 28 29 0.00
 8 23 26.11 27.22 78 84 27 29 0.00
 8 0 27.78 30.56 85 91 26 32 0.00
 8 1 31.11 31.67 89 93 37 40 0.00
 8 2 31.67 35.56 90 93 40 51 0.00
 8 3 36.11 37.78 86 93 46 50 0.00
 8 4 37.22 39.44 76 87 41 44 0.00
 8 5 35.56 38.33 67 77 42 49 0.00
 8 6 33.33 38.89 60 69 42 52 0.00
 8 7 32.78 36.67 58 61 45 53 0.00
 8 8 33.33 36.67 55 60 46 53 0.00
 8 9 32.78 34.44 54 59 49 54 0.00
 8 10 30.00 31.67 55 61 47 53 0.00
 8 11 29.44 30.00 61 66 42 45 0.00
 8 12 28.89 29.44 66 71 40 47 0.00
 8 13 28.33 28.33 71 78 33 38 0.00
 8 14 27.78 28.33 75 78 30 32 0.00
 8 15 27.22 27.78 72 76 28 29 0.00
 8 16 27.22 27.22 67 70 28 28 0.00
 8 17 26.67 27.22 63 67 28 28 0.00
 8 18 26.67 26.67 61 64 28 28 0.00
 8 19 26.67 26.67 55 59 27 28 0.00
 8 20 26.67 26.67 50 55 27 27 0.00
 8 21 26.67 26.67 50 52 27 28 0.00
 8 22 26.67 26.67 50 55 28 28 0.00
 8 23 26.67 28.33 53 59 26 28 0.00
 8 0 28.89 30.56 59 65 26 33 0.00
 8 1 30.56 32.78 63 66 36 46 0.00
 8 2 31.67 33.33 62 67 46 50 0.00
 8 3 31.67 36.11 59 63 46 52 0.00
 8 4 33.33 37.22 52 58 48 52 0.00
 8 5 27.22 30.00 46 57 26 28 0.18
 8 6 31.67 35.00 37 43 31 51 0.00
 8 7 33.33 35.00 34 42 50 52 0.00
 8 8 32.22 33.89 36 38 52 53 0.00
 8 9 31.11 31.67 35 39 51 52 0.00
 8 10 30.00 31.67 40 43 46 50 0.00
 8 11 29.44 30.00 45 51 43 44 0.00
 8 12 28.89 29.44 51 58 41 42 0.00
 8 13 28.89 28.89 60 68 36 40 0.00
 8 14 28.33 28.89 67 72 33 36 0.00
 8 15 28.33 28.33 72 75 31 32 0.00
 8 16 27.78 28.33 74 77 29 30 0.00
 8 17 27.78 27.78 70 73 29 29 0.00
 8 18 27.22 27.78 65 68 28 28 0.00
 8 19 27.22 27.22 65 67 28 28 0.00
 8 20 27.22 27.22 62 66 28 28 0.00
 8 21 26.67 27.22 62 64 28 28 0.00
 8 22 26.67 26.67 64 67 28 28 0.00
 8 23 26.11 26.67 67 75 27 30 0.02
 8 0 26.67 29.44 75 82 26 29 0.00
 8 1 30.56 35.00 80 83 30 50 0.00
 8 2 31.67 35.00 79 83 45 52 0.00
 8 3 33.89 37.22 77 80 48 52 0.00
 8 4 33.33 36.67 69 79 48 53 0.00
 8 5 32.22 36.67 59 69 48 53 0.03
 8 6 23.33 28.33 58 74 28 34 0.84
 8 7 23.33 23.89 60 64 35 35 0.10
 8 8 23.89 24.44 56 60 35 35 0.06
 8 9 24.44 24.44 53 61 34 34 0.01
 8 10 24.44 24.44 61 68 34 34 0.02
 8 11 24.44 24.44 68 73 35 35 0.02
 8 12 24.44 24.44 74 82 35 35 0.00
 8 13 24.44 25.00 83 89 35 35 0.00
 8 14 24.44 25.00 89 93 35 36 0.00
 8 15 24.44 24.44 94 97 36 36 0.00
 8 16 24.44 24.44 91 96 36 36 0.00
 8 17 24.44 25.00 84 90 35 36 0.00
 8 18 24.44 25.00 82 84 35 36 0.00
 8 19 24.44 24.44 80 84 36 36 0.00
 8 20 25.00 25.00 83 83 36 36 0.00
 8 9 31.67 31.67 77 77 56 56 0.00
 8 10 24.44 30.56 80 89 30 52 0.19
 8 11 24.44 25.00 88 90 29 30 0.01
 8 12 24.44 24.44 86 98 29 30 0.00
 8 13 24.44 25.00 101 109 30 30 0.00
 8 14 24.44 25.00 110 115 30 31 0.00
 8 15 25.00 25.00 111 116 31 31 0.00
 8 16 25.00 25.00 108 112 31 31 0.00
