 3.700 1 7 2.556 3.167 -0.200 3.400 5.500 0.160
 1.800 1 8 2.500 2.556 0.800 3.400 3.400 0.310
 1.200 1 9 2.556 2.611 0.200 3.100 3.300 0.160
 0.700 1 10 2.611 2.667 -0.800 3.100 3.100 0.030
 0.500 0 11 2.611 2.611 -0.600 3.100 3.200 0.000
 0.400 0 12 2.611 2.611 -0.500 3.200 3.200 0.000
 0.600 1 13 2.611 2.667 -0.600 3.000 3.200 0.000
 0.800 1 14 2.667 2.667 -0.200 2.900 3.000 0.000
 0.600 1 15 2.667 2.667 0.200 2.900 2.900 0.000
 0.700 1 16 2.667 2.667 0.100 2.900 2.900 0.000
 0.800 1 17 2.667 2.667 0.500 2.900 2.900 0.010
 0.400 1 18 2.667 2.667 0.800 2.900 2.900 0.010
 0.300 1 19 2.611 2.611 0.200 2.900 3.000 0.000
 0.600 1 20 2.611 2.611 0.200 3.000 3.000 0.000
 0.600 1 21 2.611 2.611 -0.100 3.000 3.100 0.000
 0.900 1 22 2.611 2.611 -0.300 3.000 3.100 0.000
 0.800 1 23 2.611 2.778 -0.400 2.700 3.000 0.000
 1.000 1 0 2.778 3.000 -0.600 2.700 3.300 0.000
 1.100 1 1 2.944 3.222 -0.400 3.200 4.200 0.000
 1.500 1 2 2.944 3.611 0.100 3.100 5.100 0.000
 2.200 1 3 3.278 3.667 0.200 5.000 5.200 0.000
 2.200 1 4 3.278 3.889 0.900 4.600 5.200 0.000
 2.800 1 5 3.056 4.000 0.100 4.200 5.300 0.010
 1.500 1 6 2.611 2.833 0.500 2.900 4.600 0.030
 1.000 1 7 2.833 2.944 0.400 2.800 3.100 0.020
 2.800 1 8 2.556 2.889 -0.400 2.800 3.100 0.160
 2.000 1 9 2.444 2.556 0.200 3.000 3.200 0.190
 1.700 0 10 2.444 2.500 -0.400 3.000 3.100 0.010
 1.500 1 11 2.444 2.500 0.100 3.000 3.000 0.000
 1.300 1 12 2.444 2.500 -1.100 3.000 3.100 0.000
 0.700 1 13 2.444 2.500 -1.000 3.100 3.100 0.000
 1.000 1 14 2.444 2.444 -0.800 3.100 3.200 0.000
 0.600 1 15 2.444 2.444 0.000 3.200 3.200 0.010
 0.900 1 16 2.444 2.444 0.800 3.100 3.200 0.000
 0.900 0 17 2.444 2.444 0.300 3.100 3.100 0.000
 1.100 1 18 2.444 2.444 0.000 3.100 3.100 0.010
 0.800 1 19 2.444 2.444 0.200 3.100 3.100 0.010
 0.500 1 20 2.444 2.444 0.100 3.100 3.100 0.000
 1.800 1 5 -1.778 3.500 999.400 0.000 5.200 0.000
 2.300 1 6 3.278 3.556 0.100 5.100 5.300 0.000
 2.600 1 7 3.278 3.333 0.200 5.300 5.400 0.000
 2.600 1 8 3.000 3.222 0.100 4.000 5.200 0.000
 2.200 1 9 2.889 3.000 0.000 3.300 4.000 0.000
 1.600 1 10 2.833 2.944 -0.300 3.100 3.400 0.000
 1.800 1 11 2.778 2.833 -0.100 3.100 3.100 0.000
 1.800 1 12 2.722 2.778 -0.500 2.900 3.100 0.000
 1.800 1 13 2.722 2.722 -0.600 2.800 2.900 0.000
 2.100 1 14 2.667 2.722 -0.500 2.800 2.800 0.000
 1.900 1 15 2.722 2.722 0.100 2.800 2.800 0.000
 1.600 1 16 2.722 2.722 0.200 2.700 2.800 0.000
 1.700 1 17 2.667 2.722 0.600 2.700 2.700 0.000
 1.800 0 18 2.667 2.667 0.300 2.700 2.700 0.000
 1.800 1 19 2.667 2.667 0.200 2.700 2.800 0.000
 1.800 1 20 2.667 2.667 0.100 2.700 2.800 0.000
 1.700 1 21 2.667 2.667 0.100 2.800 2.900 0.000
 1.500 1 22 2.611 2.667 0.200 2.800 2.900 0.000
 1.400 1 23 2.611 2.722 -0.500 2.700 2.900 0.000
 1.500 1 0 2.722 3.056 -0.400 2.600 3.200 0.000
 2.200 1 1 3.111 3.167 -0.400 3.300 4.000 0.000
 2.300 1 2 3.167 3.556 0.100 4.000 5.100 0.000
 3.000 1 3 3.611 3.778 0.600 4.600 5.000 0.000
 2.700 1 4 3.722 3.944 0.800 4.100 4.600 0.000
 2.200 1 5 3.556 3.889 0.600 4.200 4.900 0.000
 2.600 1 6 3.333 3.889 0.700 4.200 5.200 0.000
 3.500 1 7 3.278 3.667 0.400 4.500 5.300 0.000
 3.100 1 8 3.333 3.667 -0.100 4.600 5.300 0.000
 2.900 1 9 3.278 3.444 0.300 4.900 5.400 0.000
 2.600 1 10 3.000 3.222 -0.400 4.700 5.400 0.000
 1.800 1 11 2.944 3.000 -0.600 4.200 4.600 0.000
 1.900 1 12 2.889 2.944 -0.500 4.000 4.700 0.000
 1.000 0 13 2.833 2.833 -0.600 3.300 3.900 0.000
 2.400 1 14 2.778 2.833 0.100 3.000 3.200 0.000
 1.900 1 15 2.722 2.778 0.300 2.800 2.900 0.000
 1.400 1 16 2.722 2.722 0.200 2.800 2.800 0.000
 1.200 1 17 2.667 2.722 0.300 2.800 2.800 0.000
 2.100 1 18 2.667 2.667 0.300 2.800 2.800 0.000
 1.800 1 19 2.667 2.667 0.600 2.700 2.800 0.000
 1.700 1 20 2.667 2.667 0.500 2.700 2.700 0.000
 1.700 1 21 2.667 2.667 -0.200 2.700 2.800 0.000
 1.200 1 22 2.667 2.667 -0.200 2.800 2.800 0.000
 1.500 1 23 2.667 2.833 -0.700 2.600 2.800 0.000
 2.700 1 0 2.833 3.056 -0.500 2.600 3.300 0.000
 2.800 1 1 3.056 3.278 0.000 3.400 4.600 0.000
 2.800 1 2 3.167 3.333 0.100 4.600 5.000 0.000
 3.100 1 3 3.167 3.611 0.400 4.600 5.200 0.000
 3.700 1 4 3.333 3.722 0.300 4.800 5.200 0.000
 2.200 1 5 2.722 3.000 0.800 2.600 3.300 0.180
 2.500 1 6 3.111 3.500 0.900 2.900 5.100 0.180
 2.500 1 7 3.333 3.500 0.200 5.000 5.200 0.000
 2.500 1 8 3.222 3.389 0.100 5.200 5.300 0.000
 2.600 1 9 3.111 3.222 -0.400 5.100 5.200 0.000
 2.000 1 10 3.000 3.167 -0.100 4.600 5.000 0.000
 2.400 1 11 2.944 3.000 -0.700 4.300 4.500 0.000
 2.000 1 12 2.889 2.944 -0.700 4.100 4.300 0.000
 1.700 1 13 2.889 2.889 -0.900 3.600 4.100 0.000
 1.400 1 14 2.833 2.889 -0.400 3.300 3.600 0.000
 1.600 1 15 2.833 2.833 -0.200 3.100 3.300 0.000
 0.900 1 16 2.778 2.833 0.100 2.900 3.100 0.000
 1.000 1 17 2.778 2.778 0.200 2.900 2.900 0.000
 1.200 1 18 2.722 2.778 0.100 2.800 2.800 0.000
 0.900 1 19 2.722 2.722 -0.100 2.800 2.800 0.000
 0.700 1 20 2.722 2.722 0.400 2.800 2.800 0.000
 0.800 1 21 2.667 2.722 -0.100 2.800 2.800 0.000
 0.500 1 22 2.667 2.667 -0.200 2.800 2.800 0.000
 1.700 1 23 2.611 2.667 -0.700 2.700 3.000 0.020
 0.900 1 0 2.611 2.944 -0.700 2.600 2.900 0.020
 1.200 1 1 3.056 3.500 0.100 3.000 5.000 0.000
 1.500 1 2 3.167 3.556 0.200 4.500 5.200 0.000
 2.900 1 3 3.389 3.722 0.200 4.800 5.200 0.000
 3.100 1 4 3.333 3.667 0.700 4.800 5.300 0.000
 2.600 1 5 3.222 3.667 0.900 4.800 5.300 0.030
 2.800 1 6 2.333 3.111 0.500 2.800 4.600 0.840
 1.600 1 7 2.333 2.389 -0.100 3.400 3.500 0.810
 0.500 1 8 2.389 2.444 0.400 3.500 3.500 0.090
 0.700 0 9 2.444 2.444 -0.600 3.400 3.500 0.060
 0.100 1 10 2.444 2.444 -0.600 3.400 3.400 0.020
 0.300 1 11 2.444 2.444 -0.500 3.400 3.500 0.030
 0.300 1 12 2.444 2.444 -1.000 3.500 3.500 0.020
 0.500 1 13 2.444 2.500 -0.600 3.500 3.500 0.000
 0.500 1 14 2.444 2.500 -0.400 3.500 3.600 0.000
 0.100 1 15 2.444 2.444 -0.300 3.600 3.600 0.000
 0.000 0 16 2.444 2.444 0.500 3.600 3.600 0.000
 0.200 1 17 2.444 2.500 0.700 3.500 3.600 0.000
 0.300 0 18 2.444 2.500 0.100 3.500 3.600 0.000
 0.000 1 19 2.444 2.444 0.200 3.600 3.600 0.000
 0.000 1 20 2.444 2.500 0.000 3.600 3.600 0.000
 0.400 1 9 3.167 3.278 0.100 5.600 5.600 0.000
 3.800 1 10 2.444 3.111 -1.300 3.000 5.400 0.190
 1.200 1 11 2.444 2.500 0.000 2.900 3.100 0.200
 0.300 1 12 2.444 2.444 -1.000 2.900 3.000 0.010
 0.400 1 13 2.444 2.500 -0.800 3.000 3.000 0.000
 0.200 0 14 2.444 2.500 -0.500 3.000 3.100 0.000
 0.000 1 15 2.444 2.500 0.400 3.100 3.100 0.000
 0.000 1 16 2.500 2.500 0.400 3.100 3.100 0.000
