 0.375 0.085 0.083 -0.025 0.150 0.022 0
 0.375 0.136 0.083 -0.025 0.175 0.022 0
 0.375 0.212 0.083 -0.025 0.175 0.022 0
 0.375 0.212 0.083 -0.025 0.200 0.022 0
 0.375 0.212 0.083 -0.025 0.175 0.044 0
 0.375 0.153 0.250 -0.025 0.175 0.044 0
 0.375 0.169 0.500 -0.051 0.200 0.067 0
 0.375 0.178 0.083 -0.051 0.250 0.067 0
 0.375 0.178 0.250 -0.025 0.200 0.067 0
 0.375 0.127 0.083 -0.025 0.225 0.067 0
 0.375 0.136 0.083 -0.025 0.275 0.044 0
 0.417 0.153 0.083 -0.025 0.275 0.044 0
 0.417 0.153 0.083 -0.025 0.275 0.044 0
 0.417 0.102 0.083 -0.025 0.275 0.044 0
 0.417 0.110 0.083 -0.025 0.175 0.022 0
 0.417 0.110 0.083 -0.025 0.150 0.022 0
 0.417 0.102 0.250 -0.051 0.100 0.022 0
 0.417 0.102 0.083 -0.025 0.100 0.000 0
 0.417 0.076 0.083 -0.025 0.025 0.000 0
 0.417 0.076 0.083 -0.025 -0.025 0.000 0
 0.417 0.076 0.083 -0.025 -0.075 0.000 0
 0.417 0.076 0.500 -0.025 -0.050 0.000 0
 0.417 0.076 0.083 0.000 -0.150 0.000 0
 0.458 0.076 0.333 0.000 -0.175 0.000 0
 0.458 0.068 0.250 0.000 -0.200 0.000 0
 0.458 0.076 0.500 0.000 -0.250 -0.022 0
 0.458 0.076 0.500 0.000 -0.225 -0.022 0
 0.458 0.076 0.333 0.025 -0.250 -0.022 0
 0.458 0.068 0.500 0.025 -0.250 -0.022 0
 0.458 0.093 0.333 0.025 -0.325 -0.022 0
 0.458 0.093 0.500 0.025 -0.300 -0.022 0
 0.458 0.068 0.500 0.025 -0.300 -0.022 0
 0.458 0.051 0.500 0.025 -0.325 -0.022 0
 0.458 0.051 0.583 0.000 -0.350 -0.022 0
 0.500 0.034 0.500 0.000 -0.350 -0.022 0
 0.500 0.034 0.500 0.000 -0.350 -0.022 0
 0.500 0.059 0.583 0.000 -0.375 0.000 0
 0.500 0.059 0.500 0.000 -0.350 0.000 0
 0.500 0.059 0.583 0.000 -0.325 0.000 0
 0.500 0.059 0.500 0.000 -0.350 0.000 0
 0.500 0.059 0.583 0.000 -0.325 0.000 0
 0.500 0.051 0.333 0.000 -0.300 0.000 0
 0.500 0.076 0.333 0.000 -0.325 0.000 0
 0.500 0.085 0.500 0.000 -0.350 0.000 0
 0.500 0.085 0.500 0.000 -0.275 0.000 0
 0.542 0.093 0.583 0.000 -0.300 0.000 0
 0.542 0.110 0.250 0.000 -0.250 0.022 0
 0.542 0.110 0.083 0.000 -0.275 0.022 0
 0.542 0.110 0.500 0.000 -0.250 0.022 0
 0.542 0.076 0.083 0.000 -0.275 0.022 0
 0.542 0.076 0.083 0.000 -0.300 0.022 0
 0.542 0.110 0.250 0.000 -0.275 0.022 0
 0.542 0.110 0.333 0.000 -0.300 0.022 0
 0.542 0.110 0.333 0.000 -0.250 0.022 0
 0.542 0.102 0.083 0.000 -0.225 0.044 0
 0.542 0.127 0.333 -0.025 -0.250 0.044 0
 0.542 0.127 0.083 -0.025 -0.300 0.044 0
 0.583 0.085 0.250 -0.025 -0.325 0.022 0
 0.583 0.093 0.083 -0.025 -0.275 0.022 0
 0.583 0.127 0.250 -0.025 -0.275 0.044 0
 0.583 0.127 0.333 -0.025 -0.275 0.044 0
 0.583 0.102 0.083 -0.025 -0.325 0.044 0
 0.583 0.085 0.500 -0.025 -0.300 0.044 0
 0.583 0.102 0.500 -0.025 -0.300 0.044 0
 0.583 0.127 0.583 -0.025 -0.275 0.044 0
 0.583 0.127 0.583 -0.025 -0.250 0.022 0
 0.583 0.127 0.583 0.000 -0.250 0.022 0
 0.583 0.110 0.583 0.000 -0.250 0.022 0
 0.583 0.102 0.083 0.000 -0.225 0.022 0
 0.625 0.102 0.500 0.000 -0.250 0.022 0
 0.625 0.102 0.500 0.000 -0.200 0.000 0
 0.625 0.102 0.500 0.000 -0.200 0.000 0
 0.625 0.076 0.250 0.000 -0.150 0.000 0
 0.625 0.076 0.500 0.000 -0.150 0.000 0
 0.625 0.076 0.500 0.000 -0.125 0.000 0
 0.625 0.076 0.333 0.000 -0.100 0.000 0
 0.625 0.076 0.333 0.000 -0.075 0.000 0
 0.625 0.076 0.083 0.000 -0.075 0.000 0
 0.625 0.076 0.333 0.000 -0.025 0.000 0
 0.625 0.076 0.333 0.000 0.000 0.000 0
 0.667 0.076 0.333 0.000 -0.025 0.000 0
 0.667 0.068 0.333 0.000 -0.050 0.000 0
 0.667 0.076 0.500 0.000 -0.025 0.000 0
 0.667 0.102 0.083 0.000 -0.025 0.000 0
 0.667 0.102 0.583 0.000 0.075 0.000 0
 0.667 0.102 0.083 0.000 0.025 0.000 0
 0.667 0.102 0.500 0.000 0.000 0.000 0
 0.667 0.119 0.500 0.000 0.075 0.000 0
 0.667 0.119 0.500 0.000 0.075 0.000 0
 0.667 0.102 0.500 0.000 0.050 0.000 0
 0.667 0.085 0.083 0.000 0.075 0.000 0
 0.667 0.093 0.333 0.000 0.075 0.000 0
 0.708 0.102 0.500 0.000 0.050 0.000 0
 0.708 0.110 0.083 0.000 0.075 0.000 0
 0.708 0.110 0.083 0.000 0.075 0.000 0
 0.708 0.144 0.500 0.000 0.075 0.000 0
 0.708 0.144 0.333 0.000 0.100 0.000 0
 0.708 0.110 0.500 0.000 0.075 0.000 0
 0.708 0.110 0.333 0.000 0.050 0.000 0
 0.708 0.110 0.083 0.000 0.100 0.000 0
 0.708 0.110 0.083 0.000 0.125 0.000 0
 0.708 0.110 0.083 0.000 0.150 0.000 0
 0.708 0.127 0.083 0.000 0.125 0.000 0
 0.750 0.127 0.083 0.000 0.150 0.000 0
 0.750 0.127 0.083 0.000 0.150 0.000 0
 0.750 0.102 0.083 0.000 0.200 0.000 0
 0.750 0.085 0.083 0.000 0.150 0.000 0
 0.750 0.076 0.083 0.000 0.225 0.000 0
 0.750 0.093 0.083 0.000 0.250 0.000 0
 0.750 0.110 0.083 0.000 0.200 0.000 0
 0.750 0.144 0.083 0.000 0.225 0.000 0
 0.750 0.144 0.083 0.000 0.250 0.000 0
 0.750 0.127 0.083 0.000 0.250 0.000 0
 0.750 0.127 0.083 0.000 0.250 0.000 0
 0.750 0.059 0.083 0.000 0.325 0.000 0
 0.792 0.076 0.083 0.025 0.300 0.000 0
 0.792 0.076 0.083 0.025 0.300 -0.022 0
 0.792 0.059 0.083 0.025 0.325 -0.022 0
 0.792 0.076 0.083 0.025 0.300 -0.022 0
 0.792 0.102 0.083 0.025 0.275 -0.022 0
 0.792 0.102 0.083 0.025 0.275 -0.022 0
 0.792 0.093 0.083 0.025 0.275 -0.022 0
 0.792 0.051 0.083 0.025 0.250 -0.022 0
 0.792 0.085 0.083 0.025 0.225 -0.022 0
 0.792 0.085 0.083 0.025 0.250 -0.022 0
 0.792 0.068 0.083 0.025 0.250 -0.022 0
 0.792 0.068 0.083 0.000 0.250 -0.022 0
 0.833 0.059 0.083 0.000 0.250 0.000 0
 0.833 0.102 0.083 0.000 0.275 0.000 0
 0.833 0.102 0.083 0.000 0.275 0.000 0
 0.833 0.068 0.083 0.000 0.225 0.000 0
 0.833 0.136 0.083 0.000 0.150 0.000 0
 0.833 0.161 0.083 0.000 0.175 0.000 0
 0.833 0.161 0.083 0.000 0.200 0.000 0
 0.833 0.068 0.083 0.000 0.150 0.000 0
 0.833 0.076 0.083 0.000 0.175 0.000 0
 0.833 0.076 0.083 0.000 0.100 0.000 0
 0.875 0.059 0.083 0.000 0.100 0.000 0
 0.875 0.093 0.083 0.000 0.100 -0.022 0
 0.875 0.093 0.083 0.000 0.100 -0.022 0
 0.875 0.110 0.083 0.000 0.125 -0.022 0
 0.875 0.102 0.083 0.000 0.100 -0.022 0
 0.875 0.102 0.083 0.000 0.125 -0.022 0
 0.875 0.119 0.083 0.000 0.100 -0.022 0
 0.875 0.119 0.083 0.000 0.075 -0.022 0
 0.875 0.085 0.083 0.000 0.050 -0.022 0
 0.875 0.102 0.083 0.000 0.000 -0.022 0
 0.875 0.102 0.083 0.000 0.025 -0.022 0
 0.875 0.127 0.083 0.000 0.025 -0.022 0
 0.917 0.136 0.083 0.000 0.025 0.000 0
 0.917 0.136 0.083 0.000 -0.025 0.000 0
 0.917 0.119 0.083 0.000 -0.075 0.000 0
 0.917 0.144 0.083 0.000 0.000 0.000 0
 0.917 0.186 0.083 0.000 -0.050 0.000 0
 0.917 0.186 0.083 0.000 0.000 0.000 0
 0.917 0.110 0.083 0.000 -0.075 0.022 0
 0.917 0.102 0.083 0.000 -0.100 0.022 0
 0.917 0.127 0.083 0.000 -0.075 0.022 0
 0.917 0.144 0.083 0.000 -0.100 0.022 0
 0.917 0.161 0.083 0.000 -0.075 0.022 0
 0.917 0.161 0.083 0.000 -0.100 0.022 0
 0.958 0.076 0.083 0.000 -0.100 0.022 0
 0.958 0.102 0.083 0.000 -0.150 0.022 0
 0.958 0.102 0.083 0.000 -0.150 0.022 0
 0.958 0.093 0.083 -0.025 -0.175 0.022 0
 0.958 0.076 0.083 -0.025 -0.200 0.022 0
 0.958 0.085 0.083 -0.025 -0.175 0.022 0
 0.958 0.076 0.083 -0.051 -0.175 0.022 0
 0.958 0.144 0.083 -0.051 -0.150 0.044 0
 0.958 0.144 0.083 -0.051 -0.150 0.044 0
 0.958 0.127 0.083 -0.076 -0.125 0.044 0
 0.958 0.153 0.083 -0.076 -0.175 0.067 0
 0.000 0.186 0.083 -0.076 -0.175 0.067 0
 0.000 0.186 0.083 -0.076 -0.175 0.067 0
 0.000 0.161 0.083 -0.076 -0.275 0.044 0
 0.000 0.161 0.083 -0.076 -0.175 0.044 0
 0.000 0.220 0.083 -0.076 -0.250 0.044 0
 0.000 0.169 0.083 -0.051 -0.250 0.022 0
 0.000 0.178 0.333 -0.076 -0.275 -0.022 0
 0.000 0.178 0.083 -0.101 -0.275 -0.022 0
 0.000 0.153 0.083 -0.076 -0.250 -0.067 0
 0.000 0.153 0.083 -0.101 -0.225 -0.133 0
 0.000 0.153 0.083 -0.076 -0.250 -0.111 0
 0.042 0.144 0.083 -0.076 -0.200 -0.111 0
 0.042 0.144 0.083 -0.076 -0.225 -0.089 0
 0.042 0.119 0.083 -0.076 -0.225 -0.111 0
 0.042 0.119 0.083 -0.076 -0.225 -0.089 0
 0.042 0.093 0.083 -0.101 -0.250 -0.111 0
 0.042 0.212 0.083 -0.101 -0.225 -0.133 0
 0.042 0.212 0.083 -0.076 -0.150 -0.133 0
 0.042 0.229 0.083 -0.051 -0.200 -0.133 0
 0.042 0.229 0.083 -0.076 -0.200 -0.089 0
 0.042 0.195 0.083 -0.076 -0.250 -0.089 0
 0.042 0.212 0.083 -0.126 -0.200 -0.200 0
 0.042 0.288 0.083 -0.126 -0.225 -0.222 0
 0.083 0.288 0.083 -0.076 -0.200 -0.200 0
 0.083 0.195 0.083 -0.076 -0.125 -0.178 0
 0.083 0.271 0.083 -0.076 -0.150 -0.222 0
 0.083 0.271 0.083 0.000 -0.075 -0.133 0
 0.083 0.195 0.083 0.051 -0.100 0.000 0
 0.083 0.178 0.083 0.051 -0.075 0.089 0
 0.083 0.178 0.083 0.000 -0.025 0.089 0
 0.083 0.127 0.083 -0.025 -0.050 -0.022 0
 0.083 0.127 0.083 -0.076 -0.075 -0.067 0
 0.083 0.237 0.083 -0.101 -0.050 -0.200 0
 0.083 0.237 0.083 -0.126 -0.075 -0.178 0
 0.083 0.237 0.083 -0.202 -0.075 -0.222 0
 0.125 0.237 0.083 -0.227 -0.025 -0.200 0
 0.125 0.280 0.083 -0.227 -0.025 -0.178 0
 0.125 0.280 0.083 -0.253 0.000 -0.267 0
 0.125 0.263 0.083 -0.278 0.000 -0.378 0
 0.125 0.314 0.083 -0.253 0.025 -0.444 0
 0.125 0.314 0.083 -0.202 0.000 -0.444 1
 0.125 0.314 0.083 -0.101 0.000 -0.356 1
 0.125 0.297 0.250 0.000 -0.025 -0.267 1
 0.125 0.280 0.083 0.101 0.075 0.000 1
 0.125 0.288 0.083 0.126 0.075 0.000 1
 0.125 0.288 0.333 0.152 0.100 -0.022 1
 0.167 0.288 0.083 0.177 0.050 -0.022 1
 0.167 0.288 0.083 0.126 0.050 0.000 1
 0.167 0.237 0.083 0.101 0.025 -0.022 1
 0.167 0.254 0.083 0.025 0.225 -0.022 1
 0.167 0.297 0.500 0.000 0.200 -0.022 0
 0.167 0.297 0.083 -0.076 0.200 0.022 0
 0.167 0.254 0.083 -0.152 0.275 0.044 0
 0.167 0.254 0.083 -0.253 0.275 0.089 0
 0.167 0.229 0.083 -0.278 0.250 0.089 0
 0.208 0.415 0.083 -0.303 0.300 0.200 0
 0.208 0.415 0.083 -0.253 0.325 0.156 0
 0.208 0.322 0.083 -0.227 0.325 0.111 0
 0.208 0.322 0.083 -0.177 0.375 0.067 0
 0.208 0.314 0.250 -0.076 0.325 0.022 0
 0.208 0.212 0.083 0.000 0.325 0.000 0
 0.208 0.212 0.083 0.025 0.425 0.000 0
 0.208 0.212 0.083 0.051 0.350 -0.022 0
 0.208 0.203 0.083 0.101 0.375 -0.044 0
 0.208 0.220 0.333 0.202 0.350 -0.111 0
 0.208 0.364 0.333 0.379 0.250 -0.156 0
 0.250 0.364 0.083 0.556 0.325 -0.089 0
 0.250 0.314 0.083 0.556 0.250 0.156 1
 0.250 0.314 0.083 0.530 0.250 0.289 1
 0.250 0.271 0.333 0.505 0.300 0.378 1
 0.250 0.254 0.083 0.404 0.350 0.467 1
 0.250 0.212 0.083 0.379 0.375 0.489 1
 0.250 0.237 0.250 0.354 0.250 0.511 1
 0.250 0.237 0.250 0.328 0.275 0.511 1
 0.250 0.195 0.083 0.328 0.325 0.511 1
 0.250 0.178 0.083 0.126 0.300 0.533 1
 0.250 0.212 0.250 -0.025 0.250 0.333 1
 0.292 0.212 0.083 -0.076 0.250 0.133 1
 0.292 0.186 0.083 -0.101 0.225 0.044 1
 0.292 0.153 0.083 -0.126 0.225 0.000 1
 0.292 0.110 0.083 -0.126 0.225 0.000 1
 0.292 0.153 0.083 -0.126 0.225 -0.022 1
 0.292 0.153 0.083 -0.101 0.200 -0.022 1
 0.292 0.186 0.083 -0.101 0.125 0.000 1
 0.292 0.127 0.083 -0.076 0.125 0.000 0
 0.292 0.153 0.083 -0.076 0.150 0.000 0
 0.292 0.153 0.083 -0.051 0.225 0.000 0
 0.292 0.178 0.083 -0.025 0.300 0.044 0
 0.292 0.178 0.083 -0.025 0.225 0.067 0
 0.333 0.237 0.083 -0.025 0.375 0.067 0
 0.333 0.263 0.083 0.025 0.375 0.067 0
 0.333 0.263 0.333 0.025 0.300 0.044 0
 0.333 0.254 0.250 0.051 0.225 0.067 0
 0.333 0.229 0.083 0.051 0.250 0.044 0
 0.333 0.212 0.083 0.101 0.225 0.022 0
 0.333 0.271 0.500 0.076 0.175 0.022 0
 0.333 0.271 0.333 0.101 0.075 0.022 0
 0.333 0.263 0.083 0.101 0.050 0.000 0
 0.333 0.466 0.083 0.126 0.000 0.000 0
 0.333 0.466 0.083 0.152 0.025 -0.044 0
 0.333 0.449 0.333 0.152 0.050 -0.067 0
 0.375 0.449 0.250 0.126 -0.050 -0.089 0
 0.375 0.271 0.083 0.152 -0.025 -0.089 0
 0.375 0.364 0.083 0.126 -0.025 -0.089 0
 0.375 0.364 0.083 0.126 -0.025 -0.089 0
 0.375 0.356 0.250 0.126 0.050 -0.067 0
 0.375 0.356 0.083 0.126 0.025 -0.067 0
 0.375 0.314 0.250 0.126 0.050 -0.067 0
 0.375 0.305 0.250 0.101 0.025 -0.022 0
 0.375 0.305 0.333 0.076 0.000 -0.022 0
 0.375 0.237 0.250 0.051 -0.050 0.000 0
 0.375 0.203 0.083 0.051 -0.075 0.022 0
 0.375 0.271 0.333 0.051 -0.125 0.044 0
 0.417 0.271 0.083 0.025 -0.150 0.022 0
 0.417 0.186 0.083 0.025 -0.075 0.022 0
 0.417 0.254 0.083 0.025 -0.100 0.044 0
 0.417 0.263 0.083 0.000 -0.150 0.022 0
 0.417 0.263 0.083 0.000 -0.175 0.022 0
 0.417 0.220 0.250 0.000 -0.125 0.022 0
 0.417 0.263 0.083 0.000 -0.100 0.000 0
 0.417 0.263 0.083 0.000 -0.075 0.000 0
 0.417 0.314 0.500 0.000 -0.075 0.000 0
 0.417 0.314 0.333 -0.025 -0.075 0.000 0
 0.417 0.314 0.500 -0.025 -0.050 0.022 0
 0.458 0.314 0.333 -0.025 -0.100 0.022 0
 0.458 0.220 0.333 -0.025 -0.150 0.000 0
 0.458 0.212 0.500 0.000 -0.125 0.000 0
 0.458 0.212 0.083 0.000 -0.175 0.000 0
 0.458 0.297 0.083 -0.025 -0.175 0.000 0
 0.458 0.297 0.250 0.000 -0.175 0.000 0
 0.458 0.288 0.333 -0.025 -0.150 0.000 0
 0.458 0.186 0.083 -0.025 -0.175 0.000 0
 0.458 0.212 0.083 0.000 -0.100 0.000 0
 0.458 0.237 0.333 0.000 -0.100 0.000 0
 0.458 0.237 0.083 0.000 -0.100 0.000 0
 0.458 0.237 0.083 0.000 -0.075 0.000 0
 0.500 0.212 0.083 0.000 -0.075 0.000 0
 0.500 0.288 0.083 -0.025 -0.025 0.000 0
 0.500 0.288 0.250 -0.025 -0.075 0.000 0
 0.500 0.153 0.083 0.000 -0.075 0.000 0
 0.500 0.153 0.333 -0.025 -0.125 0.000 0
 0.500 0.186 0.083 0.000 -0.100 0.000 0
 0.500 0.186 0.083 0.000 -0.125 0.000 0
 0.500 0.186 0.083 0.000 -0.125 0.000 0
 0.500 0.153 0.083 0.000 -0.175 0.000 0
 0.500 0.127 0.250 0.000 -0.125 0.000 0
 0.500 0.127 0.083 0.025 -0.225 0.000 0
 0.500 0.102 0.333 0.000 -0.225 -0.022 0
 0.542 0.102 0.083 0.000 -0.250 -0.022 0
 0.542 0.093 0.083 0.025 -0.250 -0.022 0
 0.542 0.102 0.250 0.025 -0.300 -0.022 0
 0.542 0.102 0.083 0.025 -0.325 -0.022 0
 0.542 0.102 0.500 0.025 -0.325 -0.022 0
 0.542 0.127 0.083 0.025 -0.375 -0.022 0
 0.542 0.127 0.500 0.025 -0.375 -0.022 0
 0.542 0.093 0.500 0.025 -0.450 -0.022 0
 0.542 0.102 0.083 0.025 -0.450 -0.022 0
 0.542 0.102 0.083 0.000 -0.500 -0.022 0
 0.542 0.119 0.083 0.025 -0.525 0.000 0
 0.542 0.127 0.083 0.025 -0.575 0.000 0
 0.583 0.127 0.083 0.000 -0.600 0.000 0
 0.583 0.102 0.083 0.000 -0.600 0.000 0
 0.583 0.102 0.083 0.000 -0.625 0.000 0
 0.583 0.153 0.083 0.000 -0.575 0.000 0
 0.583 0.186 0.083 0.000 -0.600 0.000 0
 0.583 0.186 0.083 0.000 -0.600 0.000 0
 0.583 0.169 0.083 0.000 -0.625 0.000 0
 0.583 0.169 0.083 0.000 -0.575 0.000 0
 0.583 0.127 0.083 0.000 -0.575 0.000 0
 0.583 0.110 0.083 0.000 -0.525 -0.022 0
 0.583 0.110 0.083 0.000 -0.525 -0.022 0
 0.625 0.068 0.083 0.000 -0.475 -0.022 0
 0.625 0.076 0.083 0.000 -0.475 -0.022 0
 0.625 0.076 0.333 0.000 -0.450 -0.022 0
 0.625 0.068 0.083 0.000 -0.425 -0.022 0
 0.625 0.076 0.083 0.000 -0.375 -0.022 0
 0.625 0.076 0.083 0.000 -0.350 -0.022 0
 0.625 0.161 0.500 0.000 -0.325 -0.022 0
 0.625 0.161 0.083 0.000 -0.325 -0.022 0
 0.625 0.127 0.250 0.000 -0.275 0.000 0
 0.625 0.127 0.083 0.000 -0.275 0.000 0
 0.625 0.127 0.250 0.000 -0.225 0.000 0
 0.667 0.127 0.250 0.000 -0.150 0.000 0
 0.667 0.110 0.250 0.000 -0.100 0.000 0
 0.667 0.136 0.083 0.000 -0.050 0.000 0
 0.667 0.144 0.083 0.000 -0.050 0.000 0
 0.667 0.144 0.333 0.000 0.000 0.022 0
 0.667 0.127 0.083 0.000 0.125 0.022 0
 0.667 0.127 0.083 0.000 0.175 0.022 0
 0.667 0.136 0.333 0.000 0.225 0.022 0
 0.667 0.136 0.083 0.000 0.200 0.022 0
 0.667 0.102 0.083 0.000 0.200 0.022 0
 0.667 0.102 0.500 0.000 0.200 0.022 0
 0.667 0.110 0.083 0.000 0.250 0.022 0
 0.708 0.110 0.083 0.000 0.275 0.022 0
 0.708 0.102 0.333 0.000 0.300 0.022 0
 0.708 0.076 0.083 0.000 0.325 0.022 0
 0.708 0.076 0.083 0.000 0.325 0.000 0
 0.708 0.093 0.333 0.000 0.275 0.000 0
 0.708 0.102 0.333 0.000 0.325 0.000 0
 0.708 0.153 0.333 0.000 0.325 0.000 0
 0.708 0.153 0.083 0.000 0.325 0.000 0
 0.708 0.127 0.333 0.000 0.325 0.000 0
 0.708 0.102 0.083 0.000 0.325 0.000 0
 0.708 0.127 0.083 0.000 0.300 0.000 0
 0.708 0.136 0.500 0.000 0.275 0.000 0
 0.750 0.136 0.333 0.000 0.300 0.000 0
 0.750 0.178 0.500 0.000 0.250 0.000 0
 0.750 0.212 0.083 0.000 0.275 0.000 0
 0.750 0.212 0.250 0.000 0.175 0.000 0
 0.750 0.161 0.333 0.000 0.100 0.000 0
 0.750 0.161 0.333 0.000 0.125 0.000 0
 0.750 0.178 0.500 0.000 0.100 0.000 0
 0.750 0.178 0.583 0.000 0.150 0.000 0
 0.750 0.169 0.083 0.000 0.200 0.000 0
 0.750 0.169 0.083 0.000 0.175 0.000 0
 0.750 0.144 0.083 0.000 0.150 0.000 0
 0.750 0.144 0.083 0.000 0.100 0.000 0
 0.792 0.127 0.083 0.000 0.125 0.000 0
 0.792 0.127 0.083 0.000 0.125 0.000 0
 0.792 0.153 0.083 0.000 0.150 0.000 0
 0.792 0.153 0.083 0.000 0.150 0.000 0
 0.792 0.127 0.083 0.000 0.100 0.000 0
 0.792 0.153 0.333 0.000 0.075 0.000 0
 0.792 0.102 0.083 0.000 0.100 0.000 0
 0.792 0.093 0.250 0.000 0.150 0.000 0
 0.792 0.102 0.083 0.000 0.125 0.000 0
 0.792 0.102 0.083 0.000 0.100 0.000 0
 0.792 0.102 0.250 0.000 0.075 0.000 0
 0.833 0.136 0.500 0.000 0.100 0.000 0
 0.833 0.136 0.500 0.000 0.100 0.000 0
 0.833 0.093 0.250 0.000 0.175 0.000 0
 0.833 0.093 0.250 0.000 0.175 0.000 0
 0.833 0.076 0.083 0.000 0.125 0.000 0
 0.833 0.093 0.083 0.000 0.125 0.000 0
 0.833 0.093 0.083 0.000 0.100 0.000 0
 0.833 0.119 0.083 0.000 0.075 0.000 0
 0.833 0.119 0.083 0.000 0.075 0.000 0
 0.833 0.119 0.083 0.000 0.050 0.000 0
 0.833 0.119 0.083 0.000 0.100 0.000 0
 0.833 0.119 0.083 0.000 0.075 0.000 0
 0.875 0.119 0.083 0.000 0.050 0.000 0
 0.875 0.119 0.083 0.000 0.025 0.000 0
 0.875 0.119 0.083 0.000 0.050 0.000 0
 0.875 0.119 0.083 0.000 0.050 0.000 0
 0.875 0.119 0.083 0.000 0.075 0.000 0
 0.875 0.119 0.083 0.000 0.050 0.000 0
 0.875 0.119 0.083 0.000 0.000 0.000 0
 0.875 0.119 0.083 0.000 0.025 0.000 0
 0.875 0.119 0.083 0.000 0.025 0.000 0
 0.208 0.466 0.083 0.051 0.150 -0.022 0
 0.250 0.229 0.083 -0.025 0.200 0.000 0
 0.250 0.229 0.083 -0.076 0.200 0.022 0
 0.250 0.314 0.083 -0.051 0.200 0.022 0
 0.250 0.356 0.083 -0.025 0.250 0.000 0
 0.250 0.356 0.250 0.025 0.275 -0.022 0
 0.250 0.347 0.083 0.025 0.275 -0.022 0
 0.250 0.407 0.083 0.051 0.325 -0.022 0
 0.250 0.407 0.083 0.051 0.325 -0.022 0
 0.250 0.356 0.083 0.025 0.300 -0.022 0
 0.250 0.356 0.083 0.025 0.275 -0.022 0
 0.250 0.424 0.083 0.076 0.200 -0.022 0
 0.292 0.432 0.250 0.101 0.200 -0.044 0
 0.292 0.432 0.083 0.076 0.125 -0.044 0
 0.292 0.424 0.083 0.051 0.100 -0.022 0
 0.292 0.424 0.333 0.000 0.125 0.000 0
 0.292 0.347 0.083 0.000 0.150 0.000 0
 0.292 0.339 0.083 -0.025 0.125 0.000 0
 0.292 0.373 0.083 -0.025 0.100 -0.022 0
 0.292 0.373 0.083 -0.025 0.075 -0.022 0
 0.292 0.331 0.083 0.025 0.100 -0.022 0
 0.292 0.331 0.250 0.025 0.150 0.000 0
 0.292 0.322 0.083 0.051 0.125 -0.022 0
 0.333 0.339 0.083 0.051 0.100 0.022 0
 0.333 0.339 0.083 0.076 0.125 0.044 0
 0.333 0.339 0.083 0.076 0.125 0.067 0
 0.333 0.339 0.083 0.101 0.100 0.111 0
 0.333 0.339 0.333 0.126 0.050 0.133 0
 0.333 0.381 0.500 0.126 0.075 0.156 0
 0.333 0.381 0.083 0.126 0.025 0.200 0
 0.333 0.339 0.083 0.126 0.075 0.244 0
 0.333 0.314 0.083 0.101 0.050 0.244 0
 0.333 0.314 0.083 0.101 0.100 0.244 0
 0.333 0.373 0.083 0.101 0.100 0.244 0
 0.333 0.373 0.250 0.101 0.100 0.267 0
 0.375 0.297 0.250 0.076 0.150 0.244 0
 0.375 0.331 0.250 0.076 0.100 0.244 0
 0.375 0.331 0.083 0.051 0.150 0.222 0
 0.375 0.280 0.500 0.051 0.150 0.222 0
 0.375 0.280 0.333 0.051 0.125 0.222 0
 0.375 0.280 0.333 0.076 0.150 0.200 0
 0.375 0.280 0.083 0.076 0.175 0.222 0
 0.375 0.229 0.083 0.076 0.150 0.200 0
 0.375 0.220 0.333 0.076 0.100 0.200 0
 0.375 0.220 0.083 0.025 0.100 0.133 0
 0.375 0.212 0.250 0.025 0.075 0.133 0
 0.417 0.212 0.083 0.025 0.075 0.111 0
 0.417 0.169 0.250 0.025 0.050 0.089 0
 0.417 0.161 0.083 0.000 0.050 0.067 0
 0.417 0.263 0.250 0.025 0.075 0.044 0
 0.417 0.263 0.083 0.000 0.025 0.044 0
 0.417 0.220 0.083 0.000 0.050 0.044 0
 0.417 0.237 0.250 0.000 0.000 0.022 0
 0.417 0.305 0.250 0.000 0.025 0.044 0
 0.417 0.305 0.083 0.000 0.000 0.044 0
 0.417 0.246 0.500 0.025 0.025 0.067 0
 0.417 0.246 0.500 0.051 0.050 0.067 0
 0.417 0.220 0.333 0.051 -0.050 0.067 0
 0.458 0.246 0.250 0.051 -0.050 0.067 0
 0.458 0.280 0.333 0.051 -0.050 0.067 0
 0.458 0.288 0.333 0.025 -0.100 0.067 0
 0.458 0.288 0.083 0.025 -0.125 0.044 0
 0.458 0.271 0.083 0.025 -0.075 0.022 0
 0.458 0.254 0.083 0.051 -0.100 0.022 0
 0.458 0.212 0.083 0.051 -0.125 0.000 0
 0.458 0.229 0.083 0.051 -0.125 0.000 0
 0.458 0.229 0.333 0.051 -0.125 0.000 0
 0.458 0.212 0.083 0.025 -0.075 0.000 0
 0.458 0.237 0.250 0.025 -0.050 0.000 0
 0.458 0.237 0.083 0.025 -0.100 0.000 0
 0.500 0.237 0.083 0.025 -0.100 0.000 0
 0.500 0.263 0.250 0.025 -0.125 0.000 0
 0.500 0.263 0.250 0.025 -0.125 0.022 0
 0.500 0.237 0.333 0.025 -0.125 0.022 0
 0.500 0.229 0.083 0.000 -0.200 0.044 0
 0.500 0.229 0.083 0.000 -0.150 0.044 0
 0.500 0.186 0.083 0.000 -0.200 0.044 0
 0.500 0.280 0.083 0.000 -0.225 0.044 0
 0.500 0.280 0.250 0.025 -0.175 0.044 0
 0.500 0.246 0.083 0.025 -0.175 0.044 0
 0.500 0.246 0.083 0.025 -0.175 0.044 0
 0.542 0.212 0.083 0.025 -0.225 0.044 0
 0.542 0.237 0.083 0.025 -0.225 0.022 0
 0.542 0.254 0.083 0.025 -0.175 0.022 0
 0.542 0.254 0.250 0.025 -0.275 0.000 0
 0.542 0.203 0.083 0.025 -0.250 0.000 0
 0.542 0.203 0.083 0.025 -0.250 0.000 0
 0.542 0.212 0.083 0.025 -0.250 0.000 0
 0.542 0.237 0.083 0.025 -0.275 0.000 0
 0.542 0.246 0.083 0.000 -0.275 0.000 0
 0.542 0.246 0.083 0.000 -0.325 0.000 0
 0.542 0.237 0.083 0.000 -0.325 0.000 0
 0.542 0.254 0.083 0.000 -0.300 0.022 0
 0.583 0.254 0.083 0.000 -0.350 0.022 0
 0.583 0.263 0.083 0.000 -0.400 0.022 0
 0.583 0.263 0.083 0.000 -0.375 0.022 0
 0.583 0.271 0.083 0.000 -0.325 0.022 0
 0.583 0.271 0.083 0.025 -0.375 0.022 0
 0.583 0.271 0.083 0.025 -0.425 0.022 0
 0.583 0.254 0.083 0.025 -0.375 0.022 0
 0.583 0.254 0.083 0.025 -0.325 0.022 0
 0.583 0.220 0.083 0.025 -0.350 0.022 0
 0.583 0.220 0.083 0.025 -0.350 0.022 0
 0.583 0.195 0.083 0.000 -0.350 0.000 0
 0.583 0.195 0.083 0.000 -0.325 0.000 0
 0.625 0.186 0.083 0.000 -0.275 0.000 0
 0.625 0.195 0.083 0.000 -0.325 0.000 0
 0.625 0.195 0.083 0.000 -0.225 0.000 0
 0.625 0.212 0.083 -0.025 -0.225 0.000 0
 0.625 0.212 0.083 -0.025 -0.200 0.000 0
 0.625 0.263 0.083 -0.025 -0.175 0.000 0
 0.625 0.263 0.083 -0.025 -0.150 0.000 0
 0.625 0.280 0.250 -0.025 -0.150 0.000 0
 0.625 0.280 0.083 -0.025 -0.150 0.000 0
 0.625 0.229 0.083 0.000 -0.125 0.000 0
 0.625 0.229 0.083 0.000 -0.125 0.000 0
 0.667 0.229 0.083 0.000 -0.075 0.000 0
 0.667 0.263 0.083 0.000 -0.050 0.000 0
 0.667 0.288 0.250 0.000 -0.025 0.000 0
 0.667 0.288 0.333 0.000 0.000 0.022 0
 0.667 0.288 0.250 0.000 -0.025 0.022 0
 0.667 0.288 0.250 0.000 0.050 0.022 0
 0.667 0.263 0.250 0.000 0.025 0.022 0
 0.667 0.263 0.083 0.000 0.025 0.022 0
 0.667 0.237 0.083 0.000 0.025 0.022 0
 0.667 0.237 0.083 0.000 0.075 0.022 0
 0.667 0.237 0.083 0.000 0.125 0.022 0
 0.667 0.237 0.083 0.000 0.100 0.022 0
 0.708 0.237 0.083 0.000 0.100 0.022 0
 0.708 0.237 0.083 0.000 0.175 0.022 0
 0.708 0.237 0.083 0.000 0.150 0.000 0
 0.708 0.271 0.083 0.000 0.150 0.000 0
 0.708 0.220 0.083 0.025 0.125 0.000 0
 0.708 0.203 0.083 0.025 0.125 0.000 0
 0.708 0.212 0.083 0.025 0.125 0.000 0
 0.708 0.237 0.083 0.025 0.175 0.000 0
 0.708 0.237 0.500 0.025 0.150 0.000 0
 0.708 0.254 0.083 0.025 0.200 0.000 0
 0.708 0.254 0.083 0.025 0.225 0.000 0
 0.750 0.246 0.083 0.025 0.275 0.000 0
 0.750 0.271 0.083 0.025 0.250 0.000 0
 0.750 0.271 0.250 0.025 0.225 0.000 0
 0.750 0.229 0.083 0.025 0.225 0.000 0
 0.750 0.212 0.083 0.000 0.225 0.000 0
 0.750 0.212 0.083 0.000 0.250 0.000 0
 0.750 0.195 0.083 0.000 0.250 0.000 0
 0.750 0.203 0.083 0.000 0.275 0.000 0
 0.750 0.212 0.083 0.000 0.225 0.000 0
 0.750 0.212 0.083 0.000 0.200 0.000 0
 0.750 0.271 0.083 0.000 0.275 0.000 0
 0.750 0.271 0.500 0.000 0.250 0.000 0
 0.792 0.254 0.083 0.000 0.225 0.000 0
 0.792 0.246 0.083 0.000 0.200 0.000 0
 0.792 0.212 0.083 0.000 0.225 0.000 0
 0.792 0.161 0.083 0.000 0.225 -0.022 0
 0.792 0.203 0.083 0.000 0.200 -0.022 0
 0.792 0.203 0.083 0.000 0.225 0.000 0
 0.792 0.195 0.250 0.000 0.225 0.000 0
 0.792 0.237 0.250 0.000 0.200 0.000 0
 0.792 0.237 0.583 0.000 0.225 0.000 0
 0.792 0.237 0.500 0.000 0.175 0.000 0
 0.792 0.237 0.083 0.000 0.175 0.000 0
 0.792 0.246 0.083 0.000 0.150 0.000 0
 0.833 0.246 0.500 0.000 0.175 0.000 0
 0.833 0.263 0.083 0.000 0.225 0.000 0
 0.833 0.263 0.333 0.000 0.200 0.022 0
 0.833 0.263 0.083 0.000 0.200 0.022 0
 0.833 0.254 0.083 0.000 0.175 0.000 0
 0.833 0.263 0.083 0.000 0.150 0.000 0
 0.833 0.263 0.083 0.000 0.150 0.000 0
 0.833 0.271 0.250 0.000 0.175 0.000 0
 0.833 0.271 0.083 0.000 0.200 0.000 0
 0.833 0.263 0.083 0.000 0.125 0.000 0
 0.833 0.263 0.250 0.000 0.150 0.000 0
 0.833 0.220 0.083 0.000 0.100 -0.022 0
 0.875 0.220 0.083 0.000 0.125 -0.022 0
 0.875 0.288 0.250 0.000 0.125 -0.022 0
 0.875 0.288 0.083 0.000 0.125 -0.022 0
 0.875 0.288 0.333 0.000 0.125 -0.022 0
 0.875 0.263 0.250 0.000 0.125 -0.022 0
 0.875 0.305 0.083 0.000 0.100 -0.022 0
 0.875 0.288 0.250 0.000 0.100 -0.022 0
 0.875 0.288 0.250 0.000 0.100 -0.022 0
 0.875 0.229 0.083 0.000 0.075 -0.022 0
 0.875 0.229 0.083 0.000 0.050 0.000 0
 0.875 0.237 0.250 0.000 0.050 -0.022 0
 0.917 0.237 0.083 0.000 0.025 -0.022 0
 0.917 0.246 0.500 0.000 0.100 -0.022 0
 0.917 0.246 0.083 0.000 0.125 -0.022 0
 0.917 0.229 0.250 0.025 0.100 0.000 0
 0.917 0.246 0.083 0.025 0.100 -0.022 0
 0.917 0.246 0.333 0.025 0.100 -0.022 0
 0.917 0.195 0.333 0.025 0.075 -0.022 0
 0.917 0.220 0.250 0.025 0.075 -0.022 0
 0.917 0.220 0.083 0.025 0.100 -0.022 0
 0.917 0.195 0.083 0.025 0.050 -0.022 0
 0.917 0.212 0.333 0.025 0.100 0.000 0
 0.958 0.212 0.333 0.025 0.100 0.000 0
 0.958 0.195 0.250 0.025 0.100 0.000 0
 0.958 0.195 0.333 0.025 0.050 0.000 0
 0.958 0.220 0.083 0.000 0.025 -0.022 0
 0.958 0.237 0.083 -0.025 0.050 0.000 0
 0.958 0.237 0.083 -0.025 0.025 0.022 0
 0.958 0.220 0.083 -0.025 0.050 0.022 0
 0.958 0.263 0.250 -0.025 0.075 0.022 0
 0.958 0.263 0.083 -0.051 0.025 0.044 0
 0.958 0.212 0.083 -0.051 0.000 0.044 0
 0.958 0.220 0.083 -0.051 0.000 0.044 0
 0.958 0.263 0.250 -0.051 -0.050 0.044 0
 0.000 0.263 0.250 -0.051 -0.125 0.067 0
 0.000 0.195 0.083 -0.076 -0.150 0.067 0
 0.000 0.169 0.250 -0.076 -0.175 0.067 0
 0.000 0.169 0.083 -0.076 -0.125 0.067 0
 0.000 0.136 0.083 -0.101 -0.150 0.044 0
 0.000 0.237 0.083 -0.126 -0.175 0.044 0
 0.000 0.288 0.083 -0.126 -0.150 0.044 0
 0.000 0.288 0.083 -0.126 -0.200 0.000 0
 0.000 0.280 0.250 -0.152 -0.250 -0.044 0
 0.000 0.280 0.083 -0.152 -0.300 -0.111 0
 0.000 0.263 0.333 -0.152 -0.275 -0.133 0
 0.042 0.246 0.083 -0.152 -0.275 -0.156 0
 0.042 0.220 0.083 -0.177 -0.225 -0.267 0
 0.042 0.271 0.083 -0.152 -0.200 -0.311 0
 0.042 0.322 0.250 -0.126 -0.250 -0.311 0
 0.042 0.339 0.083 -0.101 -0.250 -0.289 0
 0.042 0.339 0.250 -0.101 -0.275 -0.311 0
 0.042 0.305 0.083 -0.076 -0.325 -0.267 0
 0.042 0.322 0.083 -0.025 -0.250 -0.244 0
 0.042 0.322 0.083 -0.025 -0.250 -0.178 0
 0.042 0.314 0.083 -0.025 -0.250 -0.111 0
 0.042 0.381 0.250 -0.025 -0.225 -0.133 0
 0.042 0.381 0.083 0.000 -0.175 -0.111 0
 0.083 0.220 0.250 0.000 -0.175 -0.044 0
 0.083 0.288 0.083 0.000 -0.150 0.000 0
 0.083 0.288 0.250 -0.025 -0.200 -0.044 0
 0.083 0.314 0.083 -0.025 -0.175 -0.111 0
 0.083 0.314 0.083 -0.051 -0.125 -0.089 0
 0.083 0.220 0.083 -0.076 -0.100 -0.133 0
 0.083 0.220 0.083 -0.152 -0.125 -0.222 0
 0.083 0.288 0.083 -0.202 -0.075 -0.289 0
 0.083 0.288 0.333 -0.177 -0.050 -0.311 0
 0.083 0.331 0.500 -0.126 0.000 -0.267 0
 0.083 0.331 0.083 -0.126 0.000 -0.267 0
 0.083 0.305 0.083 -0.177 -0.075 -0.244 0
 0.125 0.373 0.083 -0.227 -0.075 -0.222 0
 0.125 0.373 0.083 -0.202 -0.075 -0.178 0
 0.125 0.305 0.083 -0.253 -0.025 -0.089 0
 0.125 0.475 0.083 -0.227 0.000 -0.067 0
 0.125 0.475 0.083 -0.177 0.000 -0.044 0
 0.125 0.339 0.250 -0.152 0.075 0.067 0
 0.125 0.398 0.333 -0.076 0.050 0.067 0
 0.125 0.398 0.083 -0.126 0.075 0.089 0
 0.125 0.508 0.083 -0.152 0.100 0.089 0
 0.125 0.525 0.083 -0.101 0.175 0.022 0
 0.125 0.424 0.083 -0.051 0.100 0.067 0
 0.125 0.424 0.083 -0.025 0.175 0.044 0
 0.167 0.373 0.083 -0.051 0.150 0.111 0
 0.167 0.373 0.083 -0.076 0.250 0.089 0
 0.167 0.373 0.250 -0.101 0.175 0.111 0
 0.167 0.475 0.083 -0.025 0.200 0.067 0
 0.167 0.508 0.083 -0.051 0.400 0.067 0
 0.167 0.508 0.083 -0.025 0.350 0.089 0
 0.167 0.441 0.083 -0.051 0.325 0.111 0
 0.167 0.508 0.083 -0.076 0.350 0.133 0
 0.167 0.508 0.250 -0.025 0.300 0.089 0
 0.167 0.449 0.083 -0.025 0.375 0.089 0
 0.167 0.237 0.250 -0.051 0.400 0.089 0
 0.208 0.314 0.083 0.000 0.500 0.022 0
 0.208 0.424 0.083 0.051 0.350 0.022 0
 0.208 0.424 0.083 0.051 0.450 0.000 0
 0.208 0.381 0.250 0.000 0.400 0.000 0
 0.208 0.237 0.083 0.051 0.375 -0.022 0
 0.208 0.263 0.083 0.076 0.450 -0.089 0
 0.208 0.263 0.083 0.101 0.425 -0.156 0
 0.208 0.246 0.083 0.101 0.500 -0.133 0
 0.208 0.398 0.083 0.076 0.425 -0.089 0
 0.208 0.398 0.083 0.051 0.525 -0.067 0
 0.208 0.314 0.083 0.101 0.475 -0.089 0
 0.208 0.314 0.083 0.101 0.425 -0.089 0
 0.250 0.339 0.083 0.025 0.500 -0.067 0
 0.250 0.398 0.083 -0.025 0.350 0.000 0
 0.250 0.398 0.083 0.000 0.475 0.022 0
 0.250 0.492 0.083 0.000 0.475 0.000 0
 0.250 0.492 0.083 -0.025 0.175 0.044 0
 0.250 0.373 0.250 -0.025 0.400 0.044 0
 0.250 0.500 0.250 -0.051 0.350 0.067 0
 0.250 0.500 0.083 0.000 0.350 -0.022 0
 0.250 0.339 0.083 0.126 0.350 -0.089 0
 0.250 0.339 0.083 0.152 0.350 -0.133 0
 0.250 0.288 0.083 0.152 0.400 -0.133 0
 0.292 0.288 0.250 0.202 0.275 -0.156 0
 0.292 0.280 0.083 0.227 0.450 -0.222 0
 0.292 0.263 0.083 0.202 0.350 -0.222 0
 0.292 0.263 0.083 0.076 0.400 -0.089 0
 0.292 0.339 0.083 0.051 0.325 -0.044 0
 0.292 0.339 0.083 0.000 0.300 -0.022 0
 0.292 0.458 0.083 0.000 0.275 0.022 0
 0.292 0.458 0.083 0.000 0.250 0.022 0
 0.292 0.381 0.250 -0.025 0.225 0.000 0
 0.292 0.534 0.083 0.000 0.200 0.000 0
 0.292 0.534 0.250 0.025 0.200 -0.022 0
 0.292 0.475 0.083 -0.025 0.225 0.000 0
 0.333 0.475 0.083 -0.051 0.275 0.044 0
 0.333 0.517 0.083 -0.051 0.125 0.067 0
 0.333 0.441 0.083 0.025 0.150 -0.022 0
 0.333 0.441 0.083 0.076 0.275 -0.067 0
 0.333 0.441 0.083 0.101 0.125 -0.156 0
 0.333 0.441 0.083 0.025 0.225 -0.067 0
 0.333 0.534 0.083 -0.025 0.125 0.022 0
 0.333 0.534 0.083 -0.025 0.175 0.000 0
 0.333 0.432 0.083 -0.025 0.150 0.000 0
 0.333 0.517 0.083 0.025 0.075 0.000 0
 0.333 0.517 0.083 0.025 0.125 -0.022 0
 0.375 0.475 0.083 0.076 0.050 -0.067 0
 0.375 0.525 0.250 0.101 0.000 -0.067 0
 0.375 0.525 0.250 0.051 0.000 -0.044 0
 0.375 0.432 0.083 0.025 0.075 -0.022 0
 0.375 0.432 0.083 0.000 0.075 0.000 0
 0.375 0.322 0.083 0.025 0.175 -0.022 0
 0.375 0.331 0.083 0.051 0.100 -0.044 0
 0.375 0.432 0.250 0.025 0.100 -0.022 0
 0.375 0.483 0.083 0.025 0.150 -0.022 0
 0.375 0.483 0.083 0.025 0.125 -0.044 0
 0.375 0.466 0.083 0.076 0.050 -0.067 0
 0.375 0.398 0.250 0.076 0.050 -0.067 0
 0.417 0.398 0.250 0.101 -0.050 -0.111 0
 0.417 0.314 0.250 0.126 0.100 -0.067 0
 0.417 0.314 0.083 0.126 0.050 -0.044 0
 0.417 0.314 0.333 0.126 0.025 0.000 0
 0.417 0.331 0.083 0.152 0.050 -0.022 0
 0.417 0.364 0.083 0.126 -0.025 0.022 0
 0.417 0.364 0.333 0.126 -0.050 0.044 0
 0.417 0.381 0.250 0.101 -0.075 0.067 0
 0.417 0.381 0.083 0.101 -0.100 0.089 0
 0.417 0.364 0.083 0.101 -0.075 0.111 0
 0.417 0.322 0.250 0.126 -0.100 0.156 0
 0.417 0.314 0.250 0.101 -0.100 0.156 0
 0.458 0.314 0.083 0.076 -0.025 0.156 0
 0.458 0.288 0.083 0.076 -0.075 0.178 0
 0.458 0.288 0.250 0.076 -0.075 0.200 0
 0.458 0.331 0.083 0.076 -0.150 0.200 0
 0.458 0.331 0.250 0.076 -0.200 0.156 0
 0.458 0.288 0.083 0.051 -0.175 0.178 0
 0.458 0.220 0.083 0.051 -0.200 0.178 0
 0.458 0.212 0.083 0.051 -0.250 0.156 0
 0.458 0.229 0.083 0.051 -0.250 0.156 0
 0.458 0.229 0.250 0.025 -0.225 0.089 0
 0.458 0.254 0.083 0.025 -0.275 0.111 0
 0.458 0.305 0.083 0.025 -0.225 0.089 0
 0.500 0.305 0.083 0.025 -0.250 0.067 0
 0.500 0.280 0.250 0.025 -0.250 -0.022 0
 0.500 0.347 0.083 0.000 -0.275 -0.067 0
 0.500 0.347 0.250 0.000 -0.325 -0.067 0
 0.500 0.322 0.083 0.025 -0.300 -0.089 0
 0.500 0.407 0.083 0.025 -0.225 -0.089 0
 0.500 0.407 0.083 0.025 -0.225 -0.067 0
 0.500 0.254 0.333 0.025 -0.225 -0.022 0
 0.500 0.229 0.083 0.025 -0.225 -0.022 0
 0.500 0.254 0.083 0.025 -0.250 0.000 0
 0.500 0.254 0.333 0.025 -0.275 0.044 0
 0.542 0.212 0.083 0.051 -0.225 0.111 0
 0.542 0.203 0.250 0.051 -0.250 0.200 0
 0.542 0.186 0.083 0.051 -0.225 0.222 0
 0.542 0.195 0.083 0.025 -0.225 0.244 0
 0.542 0.195 0.500 0.025 -0.225 0.244 0
 0.542 0.161 0.250 0.025 -0.225 0.244 0
 0.542 0.144 0.083 0.025 -0.250 0.222 0
 0.542 0.144 0.083 0.025 -0.275 0.222 0
 0.542 0.110 0.083 0.025 -0.275 0.200 0
 0.542 0.110 0.083 0.025 -0.325 0.200 0
 0.542 0.127 0.500 0.025 -0.275 0.156 0
 0.583 0.169 0.250 0.000 -0.300 0.156 0
 0.583 0.169 0.083 0.000 -0.300 0.133 0
 0.583 0.153 0.083 0.000 -0.225 0.133 0
 0.583 0.161 0.250 0.000 -0.200 0.111 0
 0.583 0.212 0.083 0.000 -0.200 0.111 0
 0.583 0.212 0.083 0.000 -0.175 0.089 0
 0.583 0.331 0.083 0.000 -0.150 0.089 0
 0.583 0.331 0.250 0.025 -0.175 0.089 0
 0.583 0.280 0.083 0.025 -0.150 0.089 0
 0.583 0.280 0.083 0.025 -0.125 0.067 0
 0.583 0.246 0.333 0.025 -0.100 0.067 0
 0.583 0.237 0.083 0.025 -0.150 0.044 0
 0.625 0.237 0.083 0.025 -0.125 0.067 0
 0.625 0.254 0.333 0.025 -0.125 0.044 0
 0.625 0.254 0.250 0.025 -0.100 0.044 0
 0.625 0.237 0.083 0.025 -0.100 0.044 0
 0.625 0.229 0.083 0.025 -0.100 0.044 0
 0.625 0.246 0.083 0.025 0.000 0.044 0
 0.625 0.246 0.083 0.000 0.050 0.022 0
 0.625 0.280 0.333 0.000 0.050 0.044 0
 0.625 0.331 0.250 0.000 0.050 0.044 0
 0.625 0.305 0.250 0.000 0.125 0.044 0
 0.625 0.229 0.083 0.025 0.125 0.044 0
 0.625 0.212 0.083 0.025 0.125 0.022 0
 0.667 0.263 0.083 0.025 0.225 0.022 0
 0.667 0.263 0.083 0.025 0.175 0.022 0
 0.667 0.203 0.083 0.025 0.150 0.022 0
 0.667 0.237 0.333 0.025 0.175 0.022 0
 0.667 0.237 0.333 0.025 0.200 0.022 0
 0.667 0.229 0.083 0.025 0.150 0.022 0
 0.667 0.178 0.083 0.025 0.175 0.000 0
 0.667 0.237 0.333 0.025 0.175 0.000 0
 0.667 0.237 0.083 0.025 0.175 0.000 0
 0.667 0.186 0.083 0.000 0.200 0.000 0
 0.667 0.203 0.083 0.000 0.225 0.000 0
 0.667 0.203 0.083 0.000 0.225 0.000 0
 0.708 0.246 0.083 0.000 0.250 0.000 0
 0.708 0.246 0.083 0.000 0.250 0.000 0
 0.708 0.229 0.083 0.000 0.200 0.000 0
 0.708 0.178 0.083 0.000 0.225 0.000 0
 0.708 0.237 0.083 0.000 0.150 0.000 0
 0.708 0.237 0.083 0.000 0.175 0.000 0
 0.708 0.237 0.083 0.000 0.225 0.000 0
 0.708 0.203 0.083 0.000 0.200 0.000 0
 0.708 0.229 0.083 0.025 0.175 0.000 0
 0.708 0.229 0.083 0.025 0.200 0.000 0
 0.708 0.229 0.083 0.025 0.150 0.000 0
 0.750 0.254 0.250 0.025 0.150 0.000 0
 0.750 0.229 0.083 0.025 0.150 0.000 0
 0.750 0.356 0.500 0.025 0.150 0.000 0
 0.750 0.356 0.083 0.025 0.100 0.000 0
 0.750 0.263 0.250 0.025 0.150 0.000 0
 0.750 0.263 0.083 0.025 0.125 0.000 0
 0.750 0.254 0.083 0.025 0.100 0.000 0
 0.750 0.254 0.083 0.025 0.125 0.000 0
 0.750 0.297 0.083 0.000 0.100 0.000 0
 0.750 0.297 0.083 0.000 0.125 0.000 0
 0.750 0.237 0.250 0.000 0.150 0.000 0
 0.792 0.305 0.083 0.000 0.125 0.000 0
 0.792 0.305 0.083 0.000 0.150 0.000 0
 0.792 0.246 0.083 0.000 0.200 0.000 0
 0.792 0.246 0.083 0.000 0.225 0.000 0
 0.792 0.297 0.083 0.000 0.225 0.000 0
 0.792 0.297 0.083 0.000 0.175 0.000 0
 0.792 0.263 0.083 0.000 0.225 0.000 0
 0.792 0.263 0.083 0.000 0.250 0.022 0
 0.792 0.246 0.083 0.000 0.200 0.022 0
 0.792 0.246 0.083 0.000 0.225 0.022 0
 0.792 0.203 0.083 0.000 0.225 0.000 0
 0.792 0.203 0.083 0.000 0.200 0.000 0
 0.833 0.246 0.083 0.000 0.200 0.022 0
 0.833 0.246 0.083 0.000 0.225 0.022 0
 0.833 0.263 0.083 0.000 0.250 0.022 0
 0.833 0.305 0.083 0.000 0.250 0.022 0
 0.833 0.305 0.083 0.000 0.200 0.022 0
 0.833 0.288 0.083 0.000 0.250 0.022 0
 0.833 0.288 0.083 0.000 0.250 0.000 0
 0.833 0.331 0.083 0.000 0.250 0.000 0
 0.833 0.331 0.083 0.000 0.275 0.000 0
 0.833 0.246 0.083 0.000 0.250 0.022 0
 0.833 0.263 0.083 0.000 0.275 0.022 0
 0.833 0.263 0.083 0.000 0.250 0.000 0
 0.875 0.254 0.083 0.000 0.225 0.000 0
 0.875 0.322 0.083 0.000 0.225 0.000 0
 0.875 0.322 0.083 0.000 0.175 0.000 0
 0.875 0.263 0.083 0.000 0.175 -0.022 0
 0.875 0.305 0.083 0.000 0.200 -0.022 0
 0.875 0.305 0.083 0.000 0.175 -0.022 0
 0.875 0.263 0.083 0.000 0.100 -0.022 0
 0.875 0.237 0.083 0.000 0.125 -0.022 0
 0.875 0.203 0.083 0.000 0.125 -0.022 0
 0.875 0.263 0.083 0.000 0.075 -0.022 0
 0.917 0.229 0.083 0.000 0.125 -0.022 0
 0.917 0.229 0.083 0.000 0.125 -0.022 0
 0.917 0.186 0.083 0.000 0.025 -0.022 0
 0.917 0.237 0.083 0.000 0.000 0.000 0
 0.917 0.237 0.083 0.000 0.000 0.000 0
 0.917 0.229 0.083 0.000 0.025 0.000 0
 0.917 0.237 0.083 0.000 0.000 0.000 0
 0.917 0.237 0.083 0.000 -0.025 0.000 0
 0.917 0.229 0.083 0.000 -0.025 0.000 0
 0.917 0.161 0.083 0.000 0.025 0.000 0
 0.917 0.237 0.083 0.000 -0.050 0.000 0
 0.917 0.237 0.083 0.000 -0.050 0.000 0
 0.958 0.229 0.083 0.000 -0.050 0.000 0
 0.958 0.288 0.083 0.000 -0.075 0.000 0
 0.958 0.305 0.083 0.000 -0.100 0.022 0
 0.958 0.305 0.083 -0.025 -0.150 0.022 0
 0.958 0.288 0.083 -0.025 -0.125 0.022 0
 0.958 0.229 0.083 -0.025 -0.175 0.022 0
 0.958 0.203 0.083 -0.025 -0.100 0.022 0
 0.958 0.263 0.083 -0.051 -0.125 0.044 0
 0.958 0.263 0.083 -0.051 -0.175 0.044 0
 0.958 0.237 0.083 -0.051 -0.175 0.044 0
 0.958 0.237 0.083 -0.076 -0.200 0.044 0
 0.000 0.254 0.083 -0.076 -0.225 0.044 0
 0.000 0.254 0.083 -0.101 -0.150 0.022 0
 0.000 0.229 0.083 -0.076 -0.150 0.022 0
 0.000 0.322 0.083 -0.076 -0.125 0.000 0
 0.000 0.331 0.250 -0.076 -0.175 0.000 0
 0.000 0.339 0.083 -0.101 -0.200 -0.022 0
 0.000 0.407 0.083 -0.076 -0.250 -0.067 0
 0.000 0.407 0.083 -0.101 -0.325 -0.089 0
 0.000 0.390 0.083 -0.101 -0.275 -0.111 0
 0.000 0.390 0.083 -0.101 -0.275 -0.133 0
 0.000 0.390 0.083 -0.076 -0.300 -0.156 0
 0.042 0.339 0.083 -0.076 -0.325 -0.178 0
 0.042 0.339 0.083 -0.101 -0.275 -0.222 0
 0.042 0.347 0.333 -0.076 -0.200 -0.200 0
 0.042 0.347 0.333 -0.076 -0.200 -0.200 0
 0.042 0.373 0.083 -0.076 -0.200 -0.244 0
 0.042 0.381 0.083 -0.101 -0.225 -0.289 0
 0.042 0.500 0.083 -0.101 -0.175 -0.289 0
 0.042 0.500 0.083 -0.076 -0.200 -0.289 0
 0.042 0.432 0.083 -0.101 -0.150 -0.289 0
 0.042 0.407 0.250 -0.076 -0.175 -0.289 0
 0.042 0.407 0.250 -0.101 -0.175 -0.267 0
 0.042 0.305 0.083 -0.101 -0.175 -0.267 0
 0.083 0.288 0.083 -0.076 -0.125 -0.244 0
 0.083 0.322 0.083 -0.126 -0.100 -0.267 0
 0.083 0.390 0.083 -0.126 -0.150 -0.267 0
 0.083 0.398 0.083 -0.051 -0.100 -0.178 0
 0.083 0.441 0.250 0.000 -0.075 -0.111 1
 0.083 0.449 0.333 -0.076 0.025 -0.156 1
 0.083 0.449 0.083 -0.025 0.050 -0.111 1
 0.083 0.322 0.333 0.000 0.000 -0.067 1
 0.083 0.305 0.083 -0.025 0.000 -0.067 1
 0.083 0.331 0.083 0.000 0.025 -0.067 1
 0.083 0.364 0.083 0.000 0.075 -0.044 1
 0.125 0.364 0.083 -0.051 0.050 -0.067 1
 0.125 0.381 0.083 -0.126 0.025 -0.044 1
 0.125 0.381 0.250 -0.152 0.025 -0.089 1
 0.125 0.500 0.083 -0.076 0.075 -0.089 1
 0.125 0.500 0.083 0.000 0.025 -0.044 1
 0.125 0.390 0.083 0.000 0.075 -0.044 1
 0.125 0.356 0.250 -0.051 0.075 -0.067 1
 0.125 0.339 0.083 0.000 0.125 -0.067 1
 0.125 0.339 0.083 0.025 0.150 -0.022 1
 0.125 0.339 0.083 0.051 0.175 0.067 1
 0.125 0.339 0.083 0.051 0.125 0.022 0
 0.167 0.314 0.083 0.101 0.125 -0.044 0
 0.167 0.314 0.083 0.076 0.200 -0.022 0
 0.167 0.432 0.083 -0.025 0.175 0.000 0
 0.167 0.432 0.083 -0.101 0.175 0.067 0
 0.167 0.373 0.083 -0.152 0.275 0.067 0
 0.167 0.424 0.083 -0.152 0.250 0.044 0
 0.167 0.517 0.083 -0.051 0.225 0.000 0
 0.167 0.517 0.333 -0.101 0.250 0.000 0
 0.167 0.483 0.083 -0.152 0.300 0.000 0
 0.167 0.424 0.083 -0.253 0.275 -0.044 0
 0.167 0.432 0.083 -0.126 0.250 0.022 0
 0.167 0.525 0.083 0.025 0.175 0.000 0
 0.208 0.525 0.250 0.202 0.225 0.422 0
 0.208 0.373 0.083 0.379 0.150 0.489 0
 0.208 0.297 0.083 0.429 0.175 0.444 0
 0.208 0.186 0.083 0.429 0.175 0.467 0
 0.208 0.186 0.083 0.404 0.275 0.489 0
 0.208 0.186 0.500 0.303 0.250 0.533 0
 0.208 0.153 0.083 0.303 0.300 0.556 0
 0.208 0.169 0.083 0.303 0.325 0.533 0
 0.208 0.169 0.333 0.379 0.350 0.467 0
 0.208 0.169 0.083 0.303 0.300 0.489 0
 0.208 0.136 0.083 0.152 0.325 0.533 0
 0.250 0.127 0.083 -0.076 0.325 0.089 0
 0.250 0.186 0.083 -0.177 0.375 -0.133 0
 0.250 0.186 0.083 -0.253 0.350 -0.067 0
 0.250 0.153 0.333 -0.278 0.400 -0.267 0
 0.250 0.102 0.083 -0.303 0.325 -0.222 0
 0.250 0.153 0.333 -0.328 0.250 -0.422 0
 0.250 0.271 0.083 -0.303 0.350 -0.533 0
 0.250 0.288 0.083 -0.278 0.400 -0.533 0
 0.250 0.441 0.083 -0.278 0.350 -0.511 0
 0.250 0.441 0.250 -0.227 0.325 -0.533 0
 0.250 0.441 0.250 -0.202 0.375 -0.511 0
 0.250 0.271 0.250 -0.152 0.475 -0.489 0
 0.292 0.373 0.083 -0.152 0.375 -0.356 0
 0.292 0.381 0.250 -0.101 0.450 -0.422 0
 0.292 0.381 0.083 -0.051 0.375 -0.244 0
 0.292 0.441 0.083 0.000 0.300 -0.311 0
 0.292 0.441 0.083 0.051 0.325 -0.133 0
 0.292 0.407 0.250 0.051 0.375 -0.044 0
 0.292 0.364 0.083 0.076 0.375 -0.044 0
 0.292 0.364 0.083 0.076 0.325 -0.044 0
 0.292 0.288 0.083 0.051 0.250 -0.022 0
 0.292 0.339 0.083 0.051 0.275 -0.022 0
 0.292 0.339 0.083 0.025 0.225 -0.022 0
 0.292 0.339 0.083 0.051 0.225 -0.044 0
 0.333 0.339 0.250 0.051 0.150 -0.044 0
 0.333 0.339 0.083 0.025 0.150 -0.022 0
 0.333 0.297 0.083 0.025 0.100 -0.022 0
 0.333 0.407 0.250 0.051 0.125 0.000 0
 0.333 0.415 0.083 0.076 0.125 -0.022 0
 0.333 0.356 0.083 0.051 0.100 0.000 0
 0.333 0.322 0.250 0.051 0.025 0.000 0
 0.333 0.271 0.083 0.025 0.025 -0.022 0
 0.333 0.254 0.250 0.025 0.075 0.000 0
 0.333 0.339 0.083 0.051 0.050 -0.022 0
 0.333 0.339 0.250 0.051 0.000 0.000 0
 0.333 0.339 0.083 0.051 0.075 -0.022 0
 0.375 0.407 0.333 0.076 0.100 0.000 0
 0.375 0.407 0.083 0.076 0.100 0.000 0
 0.375 0.373 0.250 0.025 0.075 0.044 0
 0.375 0.373 0.333 0.025 0.025 0.022 0
 0.375 0.373 0.250 0.025 -0.025 0.022 0
 0.375 0.373 0.083 0.051 -0.050 0.044 0
 0.375 0.398 0.083 0.051 0.025 0.000 0
 0.375 0.398 0.250 0.051 -0.075 0.022 0
 0.375 0.407 0.083 0.051 -0.050 0.022 0
 0.375 0.407 0.083 0.051 -0.050 0.044 0
 0.375 0.331 0.083 0.051 -0.050 0.022 0
 0.417 0.314 0.083 0.000 -0.100 0.044 0
 0.417 0.347 0.083 0.000 -0.075 0.022 0
 0.417 0.347 0.250 0.025 -0.075 0.044 0
 0.417 0.305 0.250 0.025 -0.075 0.044 0
 0.417 0.314 0.083 0.025 -0.125 0.044 0
 0.417 0.288 0.083 0.051 -0.150 0.067 0
 0.417 0.305 0.083 0.051 -0.075 0.089 0
 0.417 0.305 0.083 0.051 -0.175 0.111 0
 0.417 0.254 0.083 0.051 -0.175 0.089 0
 0.417 0.322 0.083 0.051 -0.150 0.111 0
 0.417 0.288 0.083 0.051 -0.175 0.111 0
 0.417 0.373 0.083 0.076 -0.175 0.089 0
 0.458 0.373 0.250 0.076 -0.175 0.111 0
 0.458 0.314 0.083 0.051 -0.250 0.111 0
 0.458 0.314 0.333 0.076 -0.250 0.111 0
 0.458 0.314 0.083 0.076 -0.275 0.133 0
 0.458 0.305 0.083 0.051 -0.300 0.111 0
 0.458 0.305 0.083 0.051 -0.225 0.111 0
 0.458 0.305 0.083 0.051 -0.300 0.067 0
 0.458 0.314 0.250 0.051 -0.250 0.067 0
 0.458 0.314 0.250 0.051 -0.225 0.067 0
 0.458 0.305 0.083 0.025 -0.300 0.067 0
 0.458 0.339 0.083 0.025 -0.300 0.067 0
 0.458 0.339 0.083 0.025 -0.200 0.044 0
 0.500 0.288 0.083 0.025 -0.250 0.022 0
 0.500 0.271 0.083 0.000 -0.250 0.044 0
 0.500 0.305 0.083 0.000 -0.350 0.022 0
 0.500 0.305 0.083 0.000 -0.300 0.022 0
 0.500 0.229 0.083 0.025 -0.275 0.044 0
 0.500 0.263 0.083 0.025 -0.400 0.067 0
 0.500 0.297 0.250 0.025 -0.325 0.067 0
 0.500 0.297 0.083 0.025 -0.325 0.044 0
 0.500 0.288 0.333 0.025 -0.375 0.044 0
 0.500 0.288 0.083 0.025 -0.375 0.044 0
 0.500 0.339 0.083 0.025 -0.400 0.044 0
 0.542 0.339 0.083 0.025 -0.425 0.044 0
 0.542 0.271 0.083 0.025 -0.375 0.044 0
 0.542 0.288 0.250 0.025 -0.400 0.044 0
 0.542 0.288 0.083 0.025 -0.425 0.044 0
 0.542 0.271 0.083 0.000 -0.400 0.044 0
 0.542 0.254 0.083 0.000 -0.475 0.044 0
 0.542 0.203 0.083 0.000 -0.475 0.067 0
 0.542 0.195 0.083 0.000 -0.425 0.067 0
 0.542 0.212 0.083 0.000 -0.475 0.089 0
 0.542 0.220 0.083 0.000 -0.375 0.089 0
 0.542 0.263 0.333 0.000 -0.400 0.089 0
 0.542 0.263 0.083 0.000 -0.475 0.111 0
 0.583 0.271 0.083 0.000 -0.425 0.089 0
 0.583 0.339 0.250 0.000 -0.400 0.089 0
 0.583 0.339 0.083 0.000 -0.350 0.111 0
 0.583 0.288 0.083 0.000 -0.400 0.089 0
 0.583 0.246 0.083 0.000 -0.450 0.089 0
 0.583 0.246 0.083 0.000 -0.350 0.089 0
 0.583 0.212 0.083 0.000 -0.350 0.089 0
 0.583 0.220 0.083 0.000 -0.350 0.067 0
 0.583 0.237 0.083 0.000 -0.325 0.067 0
 0.583 0.237 0.083 0.000 -0.350 0.067 0
 0.583 0.212 0.333 0.000 -0.350 0.067 0
 0.583 0.212 0.083 0.025 -0.325 0.067 0
 0.625 0.195 0.083 0.025 -0.300 0.067 0
 0.625 0.237 0.083 0.025 -0.275 0.067 0
 0.625 0.237 0.500 0.025 -0.225 0.067 0
 0.625 0.212 0.083 0.025 -0.250 0.067 0
 0.625 0.237 0.083 0.025 -0.200 0.067 0
 0.625 0.246 0.083 0.025 -0.175 0.067 0
 0.625 0.246 0.083 0.025 -0.225 0.067 0
 0.625 0.212 0.083 0.025 -0.200 0.067 0
 0.625 0.237 0.083 0.025 -0.200 0.067 0
 0.625 0.237 0.083 0.000 -0.175 0.044 0
 0.625 0.322 0.083 0.000 -0.150 0.044 0
 0.667 0.322 0.083 0.000 -0.200 0.022 0
 0.667 0.153 0.083 0.000 -0.150 0.044 0
 0.667 0.127 0.083 0.000 -0.175 0.044 0
 0.667 0.127 0.083 0.000 -0.125 0.022 0
 0.667 0.127 0.083 0.000 -0.125 0.022 0
 0.667 0.237 0.083 0.000 -0.125 0.022 0
 0.667 0.237 0.083 0.025 -0.175 0.022 0
 0.667 0.186 0.083 0.025 -0.075 0.022 0
 0.667 0.203 0.083 0.025 -0.125 0.022 0
 0.667 0.203 0.083 0.025 -0.075 0.044 0
 0.667 0.280 0.083 0.025 -0.100 0.044 0
 0.667 0.280 0.083 0.025 -0.050 0.044 0
 0.708 0.263 0.083 0.025 0.000 0.022 0
 0.708 0.263 0.083 0.025 0.000 0.022 0
 0.708 0.271 0.083 0.025 0.025 0.022 0
 0.708 0.271 0.083 0.025 0.025 0.022 0
 0.708 0.161 0.083 0.025 0.050 0.022 0
 0.708 0.161 0.083 0.000 0.075 0.022 0
 0.708 0.153 0.083 0.000 0.050 0.022 0
 0.708 0.127 0.083 0.000 0.100 0.022 0
 0.708 0.127 0.083 0.000 0.100 0.000 0
 0.708 0.153 0.083 0.000 0.100 0.000 0
 0.708 0.153 0.083 0.000 0.100 0.000 0
 0.708 0.127 0.083 0.000 0.125 0.000 0
 0.750 0.178 0.083 0.000 0.150 0.022 0
 0.750 0.178 0.083 0.000 0.200 0.022 0
 0.750 0.153 0.083 0.000 0.225 0.022 0
 0.750 0.153 0.083 0.000 0.200 0.022 0
 0.750 0.153 0.083 0.000 0.225 0.022 0
 0.750 0.186 0.083 0.025 0.275 0.022 0
 0.750 0.186 0.083 0.025 0.175 0.022 0
 0.750 0.178 0.083 0.025 0.275 0.022 0
 0.750 0.178 0.083 0.025 0.250 0.022 0
 0.750 0.127 0.083 0.025 0.225 0.022 0
 0.750 0.203 0.083 0.025 0.225 0.022 0
 0.750 0.203 0.083 0.025 0.125 0.000 0
 0.792 0.136 0.083 0.025 0.175 0.000 0
 0.792 0.144 0.083 0.025 0.175 0.000 0
 0.792 0.144 0.083 0.025 0.175 0.000 0
 0.792 0.110 0.083 0.025 0.125 0.000 0
 0.792 0.102 0.083 0.000 0.125 0.000 0
 0.792 0.102 0.083 0.000 0.150 0.000 0
 0.792 0.153 0.083 0.000 0.100 0.000 0
 0.792 0.153 0.083 0.000 0.100 0.000 0
 0.792 0.153 0.083 0.000 0.100 0.000 0
 0.792 0.153 0.083 0.000 0.075 0.000 0
 0.792 0.178 0.083 0.000 0.075 0.000 0
 0.792 0.178 0.083 0.000 0.050 0.000 0
 0.833 0.119 0.083 0.000 0.050 0.000 0
 0.833 0.161 0.083 0.000 0.050 0.000 0
 0.833 0.186 0.083 0.000 0.025 0.000 0
 0.833 0.186 0.083 0.000 0.025 0.000 0
 0.833 0.127 0.083 0.000 0.050 0.000 0
 0.833 0.203 0.083 0.000 0.075 0.000 0
 0.833 0.203 0.083 0.000 0.025 0.000 0
 0.833 0.076 0.083 0.000 0.100 0.000 0
 0.833 0.102 0.083 0.000 0.050 0.000 0
 0.833 0.153 0.083 0.000 0.125 0.000 0
 0.875 0.153 0.083 0.000 0.075 0.000 0
 0.875 0.102 0.083 0.000 0.075 0.000 0
 0.875 0.102 0.083 0.000 0.050 0.000 0
 0.875 0.102 0.083 0.000 0.100 0.000 0
 0.875 0.127 0.083 0.000 0.125 0.000 0
 0.875 0.127 0.083 0.000 0.125 0.000 0
 0.875 0.127 0.083 0.000 0.100 0.000 0
 0.875 0.127 0.083 0.000 0.125 0.000 0
 0.875 0.127 0.083 0.000 0.100 0.000 0
 0.875 0.102 0.083 0.025 0.075 0.000 0
 0.875 0.102 0.083 0.025 0.075 0.000 0
 0.875 0.102 0.083 0.025 0.075 0.000 0
 0.917 0.127 0.083 0.025 0.075 0.000 0
 0.917 0.127 0.083 0.025 0.050 0.000 0
 0.917 0.102 0.083 0.025 0.000 0.000 0
 0.917 0.102 0.083 0.025 -0.025 0.000 0
 0.917 0.153 0.083 0.025 -0.050 0.000 0
 0.917 0.153 0.083 0.025 -0.050 0.000 0
 0.917 0.127 0.083 0.025 -0.075 0.000 0
 0.917 0.144 0.083 0.025 -0.050 0.000 0
 0.917 0.144 0.083 0.000 -0.025 0.000 0
 0.917 0.102 0.083 0.000 -0.050 0.000 0
 0.917 0.110 0.083 0.000 -0.075 0.000 0
 0.917 0.127 0.083 0.000 -0.075 0.000 0
 0.958 0.127 0.083 0.000 -0.125 0.000 0
 0.958 0.102 0.083 0.000 -0.100 0.000 0
 0.958 0.153 0.083 0.000 -0.175 0.000 0
 0.958 0.322 0.083 0.000 -0.225 0.022 0
 0.958 0.381 0.083 0.000 -0.200 0.022 0
 0.958 0.381 0.083 0.000 -0.175 0.000 0
 0.958 0.110 0.083 0.025 -0.250 -0.022 0
 0.958 0.110 0.083 0.025 -0.225 -0.044 0
 0.958 0.127 0.083 0.025 -0.275 -0.044 0
 0.958 0.144 0.083 0.025 -0.250 -0.044 0
 0.958 0.144 0.083 0.025 -0.275 -0.044 0
 0.000 0.144 0.083 0.025 -0.275 -0.022 0
 0.000 0.119 0.083 0.000 -0.250 -0.022 0
 0.000 0.119 0.083 0.000 -0.250 -0.022 0
 0.000 0.161 0.083 -0.051 -0.325 0.044 0
 0.000 0.127 0.083 -0.101 -0.400 0.044 0
 0.000 0.153 0.083 -0.126 -0.400 0.067 0
 0.000 0.153 0.083 -0.126 -0.450 0.067 0
 0.000 0.161 0.083 -0.126 -0.400 0.067 0
 0.000 0.161 0.083 -0.152 -0.425 0.089 0
 0.042 0.195 0.083 -0.202 -0.425 0.000 0
 0.042 0.195 0.083 -0.202 -0.350 -0.022 0
 0.042 0.153 0.083 -0.177 -0.350 -0.044 0
 0.042 0.153 0.083 -0.177 -0.325 -0.067 0
 0.042 0.153 0.083 -0.202 -0.275 -0.178 0
 0.042 0.153 0.083 -0.202 -0.325 -0.289 0
 0.042 0.178 0.083 -0.202 -0.300 -0.378 0
 0.042 0.178 0.083 -0.202 -0.175 -0.444 0
 0.042 0.212 0.083 -0.202 -0.175 -0.444 0
 0.042 0.254 0.083 -0.227 -0.175 -0.467 0
 0.042 0.254 0.083 -0.227 -0.125 -0.533 0
 0.042 0.212 0.083 -0.202 -0.200 -0.444 0
 0.083 0.229 0.083 -0.227 -0.200 -0.467 0
 0.083 0.246 0.083 -0.202 -0.175 -0.444 0
 0.083 0.246 0.083 -0.202 -0.150 -0.444 0
 0.083 0.237 0.083 -0.177 -0.100 -0.333 0
 0.083 0.288 0.083 -0.101 -0.100 -0.289 0
 0.083 0.288 0.083 -0.025 -0.075 -0.178 0
 0.083 0.288 0.083 0.025 -0.025 -0.111 0
 0.083 0.254 0.083 0.076 -0.025 0.000 1
 0.083 0.271 0.083 0.101 0.025 0.067 1
 0.083 0.254 0.083 0.101 0.025 0.044 1
 0.083 0.254 0.083 0.051 0.075 -0.044 1
 0.083 0.254 0.083 0.051 0.050 -0.022 1
 0.125 0.212 0.083 -0.051 0.025 0.000 1
 0.125 0.229 0.083 0.000 0.050 0.000 1
 0.125 0.237 0.083 0.025 0.075 -0.022 1
 0.125 0.237 0.083 0.000 0.100 0.000 1
 0.125 0.246 0.083 -0.101 0.125 0.000 1
 0.125 0.246 0.083 -0.177 0.100 0.044 1
 0.125 0.297 0.250 -0.253 0.000 -0.022 1
 0.125 0.297 0.083 -0.227 0.025 -0.067 1
 0.125 0.432 0.250 -0.025 0.000 0.022 1
 0.125 0.475 0.250 0.025 0.100 0.000 1
 0.125 0.449 0.083 0.101 0.100 -0.022 1
 0.167 0.373 0.083 -0.025 0.100 0.022 1
 0.167 0.373 0.083 -0.101 0.125 0.067 1
 0.167 0.297 0.083 -0.101 0.050 0.089 1
 0.167 0.381 0.083 -0.025 0.075 0.044 1
 0.167 0.398 0.083 0.101 0.150 -0.067 1
 0.167 0.407 0.083 0.177 0.250 -0.111 1
 0.167 0.407 0.083 0.152 0.175 -0.111 1
 0.167 0.398 0.083 0.126 0.300 -0.089 1
 0.167 0.475 0.083 -0.025 0.250 0.000 1
 0.167 0.475 0.083 -0.051 0.200 0.022 1
 0.167 0.475 0.083 -0.051 0.225 0.022 1
 0.208 0.398 0.083 0.101 0.250 -0.067 1
 0.208 0.432 0.083 0.152 0.250 -0.089 1
 0.208 0.432 0.083 0.076 0.300 -0.067 1
 0.208 0.398 0.083 0.051 0.250 -0.067 1
 0.208 0.398 0.083 0.101 0.275 0.000 1
 0.208 0.390 0.083 0.051 0.250 0.111 1
 0.208 0.390 0.083 0.000 0.425 0.067 1
 0.208 0.263 0.083 0.000 0.375 0.022 1
 0.208 0.246 0.083 0.000 0.400 -0.022 1
 0.208 0.297 0.083 -0.076 0.450 0.022 1
 0.208 0.305 0.083 -0.076 0.425 0.022 1
 0.250 0.373 0.083 0.101 0.375 0.156 1
 0.250 0.398 0.083 0.303 0.300 0.444 1
 0.250 0.398 0.250 0.354 0.350 0.533 1
 0.250 0.364 0.250 0.253 0.400 0.511 1
 0.250 0.585 0.083 0.303 0.075 0.422 1
 0.250 0.585 0.083 0.404 0.000 0.444 1
 0.250 0.398 0.083 0.429 0.200 0.444 1
 0.250 0.339 0.083 0.505 0.125 0.444 1
 0.250 0.314 0.083 0.505 0.125 0.422 1
 0.250 0.339 0.250 0.530 0.175 0.422 1
 0.250 0.237 0.083 0.354 0.300 0.267 1
 0.292 0.237 0.083 0.227 0.250 -0.067 0
 0.292 0.237 0.083 0.177 0.175 -0.156 0
 0.292 0.186 0.083 0.152 0.150 -0.133 0
 0.292 0.127 0.333 0.101 0.100 -0.133 0
 0.292 0.186 0.083 0.051 0.125 -0.111 0
 0.292 0.186 0.083 0.025 0.025 -0.089 0
 0.292 0.153 0.083 0.000 0.025 -0.067 0
 0.292 0.136 0.083 0.000 -0.050 -0.044 0
 0.292 0.102 0.083 -0.025 -0.100 -0.044 0
 0.292 0.076 0.250 -0.025 -0.100 -0.044 0
 0.292 0.076 0.333 -0.025 -0.025 -0.022 0
 0.292 0.059 0.083 -0.025 0.075 -0.022 0
 0.333 0.085 0.083 -0.051 0.100 0.000 0
 0.333 0.085 0.083 -0.051 0.125 0.000 0
 0.333 0.059 0.250 -0.025 0.100 0.000 0
 0.333 0.051 0.083 -0.051 0.350 0.000 0
 0.333 0.076 0.083 -0.025 0.350 0.000 0
 0.333 0.076 0.250 -0.025 0.250 0.000 0
 0.333 0.051 0.333 -0.025 0.200 0.000 0
 0.333 0.076 0.083 -0.025 0.200 0.000 0
 0.333 0.076 0.083 -0.025 0.175 0.000 0
 0.333 0.076 0.083 -0.025 0.175 0.000 1
 0.333 0.076 0.083 -0.025 0.025 0.000 1
 0.375 0.127 0.083 0.000 0.125 0.000 1
 0.375 0.144 0.500 -0.025 0.200 0.022 1
 0.375 0.144 0.333 0.000 0.225 0.022 1
 0.375 0.127 0.333 0.000 0.200 0.022 1
 0.375 0.136 0.333 0.000 0.225 0.022 0
 0.375 0.136 0.250 0.000 0.225 0.022 0
 0.375 0.119 0.083 0.000 0.200 0.022 0
 0.375 0.076 0.083 0.000 0.200 0.022 0
 0.375 0.085 0.500 0.000 0.125 0.022 0
 0.375 0.085 0.500 0.000 0.100 0.022 0
 0.375 0.034 0.500 0.000 0.050 0.022 0
 0.375 0.051 0.500 0.000 -0.025 0.022 0
 0.417 0.068 0.500 0.000 -0.025 0.000 0
 0.417 0.068 0.500 0.000 -0.050 0.000 0
 0.417 0.051 0.250 0.000 -0.050 0.000 0
 0.417 0.042 0.500 0.000 -0.075 0.000 0
 0.417 0.042 0.583 0.000 -0.150 0.000 0
 0.417 0.034 0.333 0.000 -0.175 0.000 0
 0.417 0.034 0.083 0.000 -0.200 0.000 0
 0.417 0.034 0.083 0.000 -0.225 0.000 0
 0.417 0.034 0.250 0.000 -0.225 0.000 0
 0.417 0.034 0.083 0.000 -0.250 0.000 0
 0.417 0.042 0.083 0.000 -0.300 0.000 0
 0.417 0.042 0.083 0.000 -0.275 0.000 0
 0.458 0.042 0.083 0.000 -0.350 0.000 0
 0.458 0.042 0.083 0.000 -0.350 -0.022 0
 0.458 0.042 0.083 0.000 -0.375 -0.022 0
 0.458 0.051 0.333 0.000 -0.375 -0.022 0
 0.458 0.068 0.083 0.000 -0.400 -0.022 0
 0.458 0.068 0.333 0.000 -0.350 -0.022 0
 0.458 0.051 0.250 0.000 -0.325 -0.022 0
 0.458 0.051 0.083 0.000 -0.300 -0.022 0
 0.458 0.068 0.083 0.000 -0.325 -0.022 0
 0.458 0.068 0.083 0.000 -0.350 -0.022 0
 0.458 0.051 0.083 0.000 -0.300 -0.022 0
 0.500 0.068 0.083 0.000 -0.300 -0.022 0
 0.500 0.068 0.083 0.000 -0.325 0.000 0
 0.500 0.059 0.083 0.000 -0.325 0.000 0
 0.500 0.076 0.250 0.000 -0.350 0.000 0
 0.500 0.076 0.083 0.000 -0.325 0.000 0
 0.500 0.068 0.083 0.000 -0.400 0.000 0
 0.500 0.068 0.250 0.000 -0.325 0.000 0
 0.500 0.068 0.333 0.000 -0.300 0.000 0
 0.500 0.068 0.250 0.000 -0.325 0.000 0
 0.500 0.051 0.083 0.000 -0.350 0.000 0
 0.500 0.068 0.250 0.000 -0.325 0.000 0
 0.500 0.076 0.083 0.000 -0.400 0.000 0
 0.542 0.076 0.250 0.000 -0.375 0.000 0
 0.542 0.076 0.333 0.000 -0.375 0.000 0
 0.542 0.068 0.250 0.000 -0.350 0.000 0
 0.542 0.068 0.083 0.000 -0.400 0.000 0
 0.542 0.076 0.083 0.000 -0.375 0.000 0
 0.542 0.076 0.083 0.000 -0.375 0.000 0
 0.542 0.076 0.083 0.000 -0.450 0.000 0
 0.542 0.076 0.083 0.000 -0.400 0.000 0
 0.542 0.076 0.083 0.000 -0.425 0.000 0
 0.542 0.085 0.083 0.000 -0.375 0.000 0
 0.542 0.102 0.250 -0.025 -0.375 0.000 0
 0.583 0.085 0.083 -0.025 -0.375 0.000 0
 0.583 0.085 0.083 -0.025 -0.375 0.000 0
 0.583 0.076 0.083 -0.025 -0.325 0.000 0
 0.583 0.068 0.083 -0.025 -0.300 -0.022 0
 0.583 0.068 0.250 0.000 -0.275 -0.022 0
 0.583 0.068 0.083 0.000 -0.325 -0.022 0
 0.583 0.068 0.083 0.000 -0.275 -0.022 0
 0.583 0.068 0.083 0.000 -0.300 -0.022 0
 0.583 0.110 0.083 0.000 -0.250 -0.022 0
 0.583 0.110 0.083 0.025 -0.275 -0.022 0
 0.583 0.068 0.250 0.025 -0.275 -0.022 0
 0.583 0.085 0.250 0.025 -0.250 -0.022 0
 0.625 0.085 0.250 0.025 -0.275 -0.022 0
 0.625 0.051 0.083 0.025 -0.275 -0.022 0
 0.625 0.051 0.083 0.025 -0.250 0.000 0
 0.625 0.042 0.083 0.000 -0.225 0.000 0
 0.625 0.042 0.083 0.000 -0.225 0.000 0
 0.625 0.034 0.083 0.000 -0.175 0.000 0
 0.625 0.025 0.500 0.000 -0.250 0.000 0
 0.625 0.034 0.083 0.000 -0.175 0.000 0
 0.625 0.034 0.250 0.000 -0.225 0.000 0
 0.625 0.034 0.333 0.000 -0.200 0.000 0
 0.625 0.025 0.083 0.000 -0.175 0.000 0
 0.625 0.025 0.083 0.000 -0.200 0.000 0
 0.667 0.017 0.583 0.000 -0.150 0.000 0
 0.667 0.000 0.000 0.000 -0.175 0.000 0
 0.667 0.000 0.250 0.000 -0.175 0.000 0
 0.667 0.017 0.083 0.000 -0.125 0.000 0
 0.667 0.017 0.083 0.000 -0.125 0.000 0
 0.667 0.034 0.083 0.000 -0.150 0.000 0
 0.667 0.034 0.500 0.000 -0.075 0.000 0
 0.667 0.017 0.083 0.000 0.000 0.000 0
 0.667 0.042 0.083 0.000 0.000 0.000 0
 0.667 0.042 0.250 0.000 0.000 0.000 0
 0.667 0.034 0.583 0.000 0.075 0.000 0
 0.708 0.017 0.083 0.000 0.075 0.000 0
 0.708 0.051 0.250 0.000 0.125 0.000 0
 0.708 0.051 0.250 0.000 0.100 0.000 0
 0.708 0.034 0.333 0.000 0.100 0.000 0
 0.708 0.034 0.250 0.000 0.100 0.000 0
 0.708 0.042 0.333 0.000 0.175 0.000 0
 0.708 0.042 0.250 0.000 0.150 0.000 0
 0.708 0.034 0.333 0.000 0.175 0.000 0
 0.708 0.034 0.250 0.000 0.200 0.000 0
 0.708 0.034 0.333 0.000 0.250 0.000 0
 0.708 0.034 0.333 0.000 0.300 0.000 0
 0.708 0.042 0.250 -0.025 0.300 0.022 0
