 1.600 1 5 3.611 3.889 0.500 4.200 5.100 0.000
 1.300 1 5 3.611 3.889 0.700 4.200 5.100 0.000
 1.200 1 5 3.611 3.889 0.700 4.200 5.000 0.000
 1.000 1 5 3.611 3.889 0.900 4.200 4.900 0.000
 0.800 1 5 3.667 3.889 1.000 4.200 4.800 0.000
 1.500 1 5 3.667 3.889 1.200 4.100 4.800 0.000
 1.200 1 5 3.667 3.944 1.100 3.900 4.800 0.000
 1.800 1 5 3.722 4.000 1.200 3.900 4.700 0.000
 2.200 1 5 3.778 4.000 1.200 3.900 4.400 0.000
 1.800 1 5 3.778 4.000 1.200 3.900 4.400 0.000
 2.500 1 5 3.611 4.000 1.500 3.900 4.700 0.000
 1.500 1 5 3.611 4.000 1.500 3.900 4.800 0.000
 1.200 1 6 3.611 4.000 1.500 3.900 4.800 0.000
 2.800 1 6 3.611 4.000 1.500 3.900 4.800 0.000
 1.500 1 6 3.611 4.000 1.700 3.900 4.800 0.000
 2.200 1 6 3.611 4.000 1.700 3.900 4.800 0.000
 1.100 1 6 3.611 4.000 1.900 3.900 4.800 0.000
 1.200 1 6 3.611 4.000 2.000 3.900 4.800 0.000
 1.300 1 6 3.611 4.000 2.000 3.900 4.800 0.000
 1.400 1 6 3.611 3.944 2.000 4.000 4.800 0.000
 0.800 1 6 3.611 3.944 1.900 4.000 4.800 0.000
 1.200 1 6 3.611 3.944 2.100 4.000 4.800 0.000
 1.900 1 6 3.611 3.944 2.000 4.000 4.800 0.000
 2.200 1 6 3.611 3.944 1.900 4.000 4.800 0.000
 2.500 1 7 3.556 3.944 1.900 4.000 4.600 0.000
 3.100 1 7 3.500 3.944 1.700 4.000 4.800 0.000
 2.100 1 7 3.500 3.944 1.800 4.000 4.800 0.000
 1.900 1 7 3.500 3.944 1.500 4.000 4.800 0.000
 1.800 1 7 3.500 3.944 1.100 4.000 4.800 0.000
 2.100 1 7 3.444 3.944 1.400 4.000 4.800 0.000
 2.500 1 7 3.389 3.944 1.300 4.000 5.000 0.000
 1.500 1 7 3.333 3.944 1.300 4.000 5.200 0.000
 0.900 1 7 3.333 3.944 1.300 4.000 5.300 0.000
 2.400 1 7 3.278 3.778 0.800 4.200 5.300 0.000
 1.700 1 7 3.278 3.667 0.800 4.500 5.400 0.000
 1.200 1 7 3.222 3.611 0.900 4.500 5.400 0.000
 1.700 1 8 3.222 3.611 0.900 4.500 5.400 0.000
 1.100 1 8 3.222 3.611 0.600 4.500 5.500 0.000
 1.100 1 8 3.222 3.611 0.500 4.500 5.500 0.000
 1.400 1 8 3.167 3.556 0.400 4.700 5.600 0.000
 1.200 1 8 3.167 3.444 0.400 4.800 5.600 0.000
 1.300 1 8 3.167 3.389 0.400 5.000 5.600 0.000
 1.200 1 8 3.167 3.333 0.200 5.200 5.600 0.000
 0.600 1 8 3.167 3.333 0.100 5.200 5.600 0.000
 1.200 1 8 3.167 3.278 0.000 5.200 5.600 0.000
 1.600 1 8 3.111 3.278 0.000 5.400 5.700 0.000
 0.500 1 8 3.111 3.222 0.000 5.400 5.800 0.000
 0.400 1 8 3.111 3.222 -0.200 5.400 6.000 0.000
 0.700 1 9 3.111 3.222 -0.200 5.500 6.100 0.000
 0.300 1 9 3.056 3.222 -0.500 5.500 6.100 0.000
 0.500 1 9 3.000 3.167 -0.300 5.500 6.100 0.000
 0.500 1 9 2.944 3.167 -0.200 5.500 6.100 0.000
 0.800 1 9 2.944 3.167 -0.600 5.300 6.100 0.000
 1.500 1 9 2.889 3.167 -0.600 5.100 6.100 0.000
 1.500 1 9 2.667 3.167 -0.700 4.800 6.100 0.000
 1.500 1 9 2.556 3.167 -0.800 4.000 6.100 0.000
 0.800 1 9 2.500 3.111 -0.600 3.700 6.100 0.000
 0.300 1 9 2.500 3.111 -0.600 3.600 6.100 0.000
 0.400 1 9 2.500 3.111 -0.600 3.500 6.100 0.000
 0.000 1 9 2.500 3.111 -0.500 3.500 6.100 0.000
 0.000 1 10 2.444 3.056 -0.500 3.500 6.000 0.000
 0.000 1 10 2.444 3.000 -0.500 3.400 5.900 0.000
 0.000 1 10 2.444 2.944 -0.600 3.400 5.600 0.000
 0.000 1 10 2.444 2.944 -0.500 3.400 5.300 0.000
 0.000 1 10 2.444 2.889 -0.600 3.400 5.100 0.000
 0.000 1 10 2.444 2.667 -0.500 3.400 4.800 0.000
 0.000 0 10 2.444 2.556 -0.600 3.300 4.000 0.000
 0.000 0 10 2.444 2.500 -0.500 3.300 3.700 0.000
 0.000 0 10 2.444 2.500 -0.700 3.300 3.600 0.000
 0.000 1 10 2.444 2.500 -0.600 3.200 3.500 0.000
 0.300 1 10 2.444 2.500 -0.600 3.200 3.500 0.000
 0.200 1 10 2.444 2.500 -0.500 3.200 3.500 0.000
 0.200 1 11 2.444 2.500 -0.600 3.200 3.400 0.000
 0.300 1 11 2.444 2.500 -0.600 3.100 3.400 0.000
 0.300 1 11 2.444 2.500 -0.600 3.100 3.400 0.000
 0.300 1 11 2.444 2.500 -0.300 3.100 3.400 0.000
 0.300 1 11 2.444 2.500 -0.500 3.100 3.400 0.000
 0.300 1 11 2.444 2.500 -0.500 3.100 3.300 0.000
 0.100 1 11 2.444 2.500 -0.400 3.100 3.300 0.000
 0.300 1 11 2.444 2.500 -0.500 3.100 3.300 0.000
 0.200 1 11 2.444 2.500 -0.600 3.100 3.200 0.000
 0.300 1 11 2.444 2.500 -0.600 3.100 3.200 0.000
 0.300 1 11 2.444 2.500 -0.700 3.100 3.200 0.000
 0.100 1 12 2.444 2.500 -0.700 3.100 3.200 0.000
 0.000 1 12 2.444 2.444 -0.800 3.100 3.100 0.000
 0.100 1 12 2.444 2.444 -0.900 3.100 3.100 0.000
 0.300 1 12 2.444 2.444 -1.000 3.100 3.100 0.000
 0.200 1 12 2.444 2.444 -1.000 3.100 3.100 0.000
 0.300 1 12 2.444 2.444 -0.900 3.100 3.100 0.000
 0.300 1 12 2.444 2.444 -1.100 3.100 3.100 0.000
 0.100 1 12 2.444 2.444 -1.200 3.100 3.100 0.000
 0.100 1 12 2.444 2.444 -1.200 3.100 3.100 0.000
 0.300 1 12 2.444 2.444 -1.100 3.100 3.100 0.000
 0.100 1 12 2.444 2.444 -1.300 3.100 3.100 0.000
 0.300 1 12 2.444 2.444 -1.200 3.100 3.100 0.000
 0.300 1 13 2.389 2.444 -1.100 3.100 3.100 0.000
 0.200 1 13 2.389 2.444 -1.300 3.100 3.100 0.000
 0.000 1 13 2.389 2.444 -1.200 3.100 3.200 0.000
 0.000 1 13 2.389 2.444 -1.400 3.100 3.200 0.000
 0.000 0 13 2.389 2.444 -1.200 3.100 3.200 0.000
 0.000 1 13 2.389 2.444 -1.100 3.100 3.200 0.000
 0.000 0 13 2.389 2.444 -1.200 3.100 3.200 0.000
 0.000 1 13 2.389 2.444 -1.200 3.100 3.200 0.000
 0.200 1 13 2.389 2.444 -1.000 3.100 3.200 0.000
 0.100 1 13 2.389 2.444 -1.200 3.100 3.200 0.000
 0.000 1 13 2.389 2.444 -1.200 3.100 3.200 0.000
 0.000 1 13 2.389 2.389 -1.100 3.100 3.200 0.000
 0.000 1 14 2.389 2.389 -0.900 3.100 3.200 0.000
 0.000 1 14 2.389 2.389 -1.100 3.200 3.200 0.000
 0.000 1 14 2.389 2.389 -1.100 3.200 3.200 0.000
 0.000 1 14 2.389 2.389 -1.100 3.200 3.200 0.000
 0.000 1 14 2.389 2.389 -1.300 3.200 3.200 0.000
 0.000 1 14 2.389 2.389 -1.000 3.200 3.200 0.000
 0.000 0 14 2.389 2.389 -1.000 3.200 3.200 0.000
 0.000 0 14 2.389 2.389 -1.000 3.200 3.200 0.000
 0.000 0 14 2.389 2.389 -0.900 3.200 3.200 0.000
 0.000 0 14 2.389 2.389 -0.700 3.200 3.200 0.000
 0.000 1 14 2.389 2.389 -0.700 3.200 3.200 0.000
 0.000 0 14 2.389 2.389 -0.800 3.200 3.200 0.000
 0.000 0 15 2.389 2.389 -0.600 3.200 3.200 0.000
 0.000 0 15 2.389 2.389 -0.700 3.200 3.200 0.000
 0.000 1 15 2.389 2.389 -0.600 3.200 3.200 0.000
 0.000 0 15 2.389 2.389 -0.600 3.200 3.200 0.000
 0.000 0 15 2.389 2.389 -0.700 3.200 3.200 0.000
 0.000 0 15 2.389 2.389 -0.600 3.200 3.200 0.000
 0.000 0 15 2.389 2.389 -0.600 3.200 3.200 0.000
 0.000 0 15 2.389 2.389 -0.700 3.200 3.200 0.000
 0.000 0 15 2.389 2.389 -0.600 3.200 3.200 0.000
 0.000 0 15 2.389 2.389 -0.600 3.200 3.200 0.000
 0.000 1 15 2.389 2.389 -0.600 3.200 3.200 0.000
 0.000 1 15 2.389 2.389 -0.800 3.200 3.200 0.000
 0.000 1 16 2.389 2.389 -0.500 3.200 3.200 0.000
 0.000 1 16 2.389 2.389 -0.600 3.200 3.200 0.000
 0.000 1 16 2.389 2.389 -0.300 3.200 3.200 0.000
 0.100 1 16 2.389 2.444 -0.100 3.200 3.200 0.000
 0.000 1 16 2.389 2.444 -0.100 3.200 3.200 0.000
 0.000 1 16 2.389 2.444 0.000 3.200 3.200 0.000
 0.000 1 16 2.389 2.444 0.000 3.200 3.200 0.000
 0.000 1 16 2.389 2.444 -0.100 3.200 3.200 0.000
 0.000 0 16 2.389 2.444 -0.100 3.200 3.200 0.000
 0.000 0 16 2.389 2.444 0.200 3.200 3.300 0.000
 0.100 0 16 2.389 2.444 0.100 3.200 3.300 0.000
 0.000 0 16 2.389 2.444 0.200 3.200 3.300 0.000
 0.000 0 17 2.389 2.444 0.400 3.200 3.300 0.000
 0.000 0 17 2.389 2.444 0.400 3.200 3.300 0.000
 0.000 0 17 2.444 2.444 0.300 3.200 3.300 0.000
 0.100 0 17 2.444 2.444 0.500 3.200 3.300 0.000
 0.200 0 17 2.444 2.444 0.600 3.200 3.300 0.000
 0.300 1 17 2.444 2.500 0.700 3.200 3.300 0.000
 0.100 1 17 2.444 2.500 0.700 3.200 3.300 0.000
 0.200 1 17 2.444 2.500 0.800 3.200 3.300 0.000
 0.200 1 17 2.444 2.500 1.000 3.100 3.300 0.000
 0.300 1 17 2.444 2.500 0.900 3.100 3.200 0.000
 0.600 1 17 2.444 2.500 1.000 3.100 3.200 0.000
 0.800 1 17 2.444 2.500 0.900 3.100 3.200 0.000
 0.500 1 18 2.444 2.500 1.200 3.100 3.200 0.000
 0.400 1 18 2.444 2.500 0.900 3.100 3.200 0.000
 0.600 1 18 2.444 2.500 0.800 3.100 3.200 0.000
 0.500 1 18 2.444 2.500 0.800 3.100 3.200 0.000
 0.700 1 18 2.500 2.500 0.800 3.100 3.200 0.000
 0.600 1 18 2.500 2.500 0.800 3.100 3.200 0.000
 0.900 0 18 2.500 2.500 0.900 3.100 3.200 0.000
 0.600 0 18 2.500 2.500 0.900 3.100 3.100 0.000
 0.500 1 18 2.500 2.500 0.500 3.100 3.100 0.000
 0.600 1 18 2.500 2.500 0.800 3.100 3.100 0.000
 0.100 1 18 2.500 2.500 0.800 3.100 3.100 0.000
 0.300 1 19 2.500 2.500 0.700 3.100 3.100 0.000
 0.500 1 19 2.500 2.500 0.800 3.100 3.100 0.000
 0.700 1 19 2.500 2.500 1.000 3.100 3.100 0.000
 0.700 1 19 2.500 2.500 0.900 3.100 3.100 0.000
 0.900 1 19 2.500 2.500 0.800 3.100 3.100 0.000
 0.700 0 19 2.500 2.500 0.900 3.100 3.100 0.000
 0.600 1 19 2.500 2.500 1.000 3.100 3.100 0.000
 0.600 1 19 2.500 2.500 0.800 3.100 3.100 0.000
 0.600 1 19 2.500 2.500 0.900 3.100 3.100 0.000
 0.800 1 19 2.500 2.500 1.100 3.100 3.100 0.000
 0.800 1 19 2.500 2.500 1.100 3.100 3.100 0.000
 0.400 1 19 2.500 2.500 1.100 3.100 3.100 0.000
 0.500 0 20 2.500 2.500 0.900 3.100 3.100 0.000
 0.500 0 20 2.500 2.500 1.000 3.100 3.100 0.000
 0.100 1 20 2.500 2.500 1.200 3.100 3.100 0.000
 0.200 1 20 2.500 2.500 1.000 3.100 3.100 0.000
 0.300 0 20 2.500 2.500 1.000 3.100 3.100 0.000
 0.300 1 20 2.500 2.500 1.100 3.100 3.100 0.000
 0.300 1 20 2.500 2.500 1.100 3.100 3.100 0.000
 0.500 1 20 2.500 2.500 1.200 3.100 3.100 0.000
 0.300 1 20 2.500 2.500 1.400 3.100 3.100 0.000
 0.200 1 20 2.500 2.500 1.300 3.100 3.100 0.000
 0.300 1 20 2.500 2.500 1.100 3.100 3.100 0.000
 0.300 1 20 2.500 2.500 1.200 3.100 3.100 0.000
 0.300 1 21 2.500 2.500 1.000 3.100 3.100 0.000
 0.200 1 21 2.500 2.500 1.000 3.100 3.100 0.000
 0.100 1 21 2.500 2.500 0.800 3.100 3.100 0.000
 0.200 1 21 2.500 2.500 0.800 3.100 3.100 0.000
 0.200 1 21 2.500 2.500 0.600 3.100 3.100 0.000
 0.300 1 21 2.500 2.500 0.500 3.100 3.100 0.000
 0.000 0 21 2.500 2.500 0.600 3.100 3.100 0.000
 0.000 0 21 2.500 2.500 0.300 3.100 3.100 0.000
 0.000 1 21 2.500 2.500 0.200 3.100 3.100 0.000
 0.200 1 21 2.500 2.500 0.100 3.100 3.100 0.000
 0.100 1 21 2.500 2.500 -0.100 3.100 3.100 0.000
 0.100 0 21 2.500 2.500 -0.100 3.100 3.100 0.000
 0.000 1 22 2.500 2.500 -0.200 3.100 3.100 0.000
 0.100 1 22 2.500 2.500 -0.400 3.100 3.100 0.000
 0.300 1 22 2.500 2.500 -0.400 3.100 3.100 0.000
 0.200 1 22 2.500 2.500 -0.600 3.100 3.100 0.000
 0.000 1 22 2.500 2.500 -0.700 3.100 3.100 0.000
 0.300 1 22 2.500 2.500 -0.800 3.100 3.200 0.000
 0.300 1 22 2.500 2.500 -0.900 3.100 3.200 0.000
 0.400 1 22 2.500 2.500 -1.200 3.100 3.200 0.000
 0.300 1 22 2.500 2.500 -1.200 3.100 3.200 0.000
 0.400 0 22 2.500 2.500 -1.100 3.100 3.200 0.000
 0.500 1 22 2.500 2.500 -1.300 3.100 3.200 0.000
 0.300 1 22 2.500 2.500 -1.200 3.100 3.200 0.000
 0.500 0 23 2.500 2.500 -1.400 3.100 3.200 0.000
 0.600 0 23 2.500 2.500 -1.100 3.100 3.200 0.000
 0.400 0 23 2.500 2.500 -1.200 3.100 3.200 0.000
 0.600 1 23 2.500 2.556 -1.000 3.100 3.200 0.000
 0.500 1 23 2.500 2.556 -1.100 3.100 3.200 0.000
 0.300 1 23 2.500 2.556 -1.200 3.000 3.200 0.000
 0.600 1 23 2.500 2.556 -1.200 3.000 3.200 0.000
 0.600 1 23 2.500 2.611 -1.200 3.000 3.200 0.000
 0.300 1 23 2.500 2.611 -1.100 3.000 3.100 0.000
 0.500 1 23 2.500 2.611 -1.000 3.000 3.100 0.000
 0.800 0 23 2.500 2.611 -1.100 3.000 3.100 0.000
 0.600 1 23 2.500 2.667 -1.100 3.000 3.100 0.000
 0.500 1 0 2.500 2.667 -1.200 3.000 3.100 0.000
 0.300 1 0 2.500 2.722 -1.100 3.000 3.100 0.000
 0.800 1 0 2.556 2.722 -1.200 3.000 3.100 0.000
 0.400 1 0 2.556 2.722 -1.000 3.000 3.100 0.000
 0.600 1 0 2.556 2.778 -1.000 3.000 3.100 0.000
 0.500 1 0 2.556 2.833 -1.100 3.000 3.100 0.000
 0.500 1 0 2.611 2.889 -0.900 3.000 3.300 0.000
 0.900 1 0 2.611 2.944 -0.900 3.000 3.900 0.000
 0.700 1 0 2.611 3.000 -1.000 3.000 4.300 0.000
 0.400 1 0 2.611 3.056 -0.900 3.000 4.400 0.000
 0.500 1 0 2.667 3.167 -1.000 3.000 5.100 0.000
 0.600 1 1 2.667 3.222 -0.900 3.000 5.400 0.000
 0.500 1 1 2.722 3.278 -1.000 3.000 5.700 0.000
 1.100 1 1 2.722 3.278 -1.000 3.000 5.700 0.000
 0.800 1 1 2.722 3.333 -1.100 3.000 5.700 0.000
 1.000 1 1 2.778 3.389 -1.000 3.100 5.700 0.000
 0.900 1 1 2.833 3.389 -0.800 3.100 5.700 0.000
 0.900 1 1 2.889 3.389 -0.800 3.300 5.700 0.000
 1.500 1 1 2.944 3.389 -0.700 3.900 5.700 0.000
 0.900 1 1 3.000 3.389 -0.800 4.300 5.700 0.000
 1.100 1 1 3.056 3.389 -0.600 4.400 5.700 0.000
 1.600 1 1 3.167 3.389 -0.600 5.100 5.700 0.000
 0.800 1 1 3.222 3.389 -0.600 5.400 5.700 0.000
 0.900 1 2 3.278 3.444 -0.400 5.500 5.700 0.000
 1.400 1 2 3.278 3.500 -0.400 5.300 5.700 0.000
 1.100 1 2 3.333 3.500 -0.200 5.300 5.700 0.000
 1.200 1 2 3.333 3.500 -0.200 5.300 5.700 0.000
 1.200 1 2 3.333 3.500 0.000 5.200 5.700 0.000
 1.100 1 2 3.333 3.611 0.100 5.000 5.700 0.000
 0.900 1 2 3.333 3.667 0.100 4.900 5.700 0.000
 1.300 1 2 3.333 3.722 0.100 4.600 5.700 0.000
 0.900 1 2 3.333 3.722 0.200 4.600 5.700 0.000
 1.600 1 2 3.333 3.778 0.300 4.500 5.700 0.000
 1.300 1 2 3.333 3.778 0.400 4.500 5.700 0.000
 1.500 1 2 3.444 3.778 0.300 4.500 5.500 0.000
 1.600 1 3 3.500 3.778 0.500 4.400 5.300 0.000
 2.200 1 3 3.500 3.778 0.700 4.400 5.300 0.000
 1.500 1 3 3.500 3.778 0.700 4.400 5.300 0.000
 1.200 1 3 3.500 3.778 0.800 4.400 5.200 0.000
 1.300 1 3 3.556 3.778 0.600 4.400 5.000 0.000
 1.500 1 3 3.556 3.778 0.700 4.400 4.900 0.000
 1.500 1 3 3.500 3.778 0.700 4.400 4.900 0.000
 1.000 1 3 3.444 3.778 0.900 4.400 5.000 0.000
 1.000 1 3 3.444 3.778 0.800 4.400 5.000 0.000
 0.900 1 3 3.444 3.722 1.000 4.400 5.000 0.000
 0.900 1 3 3.444 3.722 1.100 4.400 5.000 0.000
 1.500 1 3 3.444 3.889 1.100 4.000 5.000 0.000
 1.500 1 4 3.444 3.889 1.200 4.000 5.000 0.000
 2.400 1 4 3.444 3.889 1.200 3.800 5.000 0.000
 2.300 1 4 3.444 3.889 1.200 3.800 5.000 0.000
 1.800 1 4 3.444 3.889 1.100 3.800 5.000 0.000
 1.400 1 4 3.444 3.889 1.000 3.800 5.000 0.000
 2.000 1 4 3.444 3.889 1.200 3.800 5.000 0.000
 1.300 1 4 3.444 3.889 1.200 3.800 5.000 0.000
 1.800 1 4 3.556 3.889 1.200 3.800 4.800 0.000
 1.800 1 4 3.611 3.889 1.100 3.800 4.700 0.000
 0.900 1 4 3.611 3.944 1.100 3.800 4.500 0.000
 0.600 1 4 3.611 4.000 1.200 3.700 4.500 0.000
 1.200 1 4 3.611 4.000 1.300 3.700 4.500 0.000
 1.100 1 5 3.611 4.000 1.300 3.700 4.500 0.000
 1.200 1 5 3.611 4.000 1.400 3.700 4.500 0.000
 1.500 1 5 3.611 4.000 1.400 3.700 4.500 0.000
 2.000 1 5 3.611 4.000 1.500 3.700 4.500 0.000
 1.900 1 5 3.667 4.000 1.600 3.700 4.200 0.000
 2.500 1 5 3.722 4.000 1.500 3.700 4.200 0.000
 2.500 1 5 3.722 4.000 1.500 3.700 4.200 0.000
 2.500 1 5 3.722 4.000 1.700 3.700 4.200 0.000
 1.200 1 5 3.722 4.000 1.700 3.700 4.200 0.000
 1.200 1 5 3.722 4.000 1.800 3.700 4.200 0.000
 1.700 1 5 3.722 4.000 1.700 3.800 4.200 0.000
 1.600 1 5 3.722 4.000 1.600 3.800 4.200 0.000
 1.800 1 6 3.722 3.944 1.600 3.800 4.200 0.000
 0.700 1 6 3.722 3.944 1.700 3.800 4.200 0.000
 1.200 1 6 3.722 4.056 1.600 3.600 4.200 0.000
 1.400 1 6 3.778 4.111 1.900 3.400 4.100 0.000
 1.200 1 6 3.778 4.111 1.800 3.400 4.100 0.000
 1.400 1 6 3.778 4.111 1.900 3.400 4.100 0.000
 1.200 1 6 3.778 4.111 2.000 3.400 4.100 0.000
 1.500 1 6 3.833 4.111 2.000 3.400 4.100 0.000
 1.900 1 6 3.833 4.111 2.100 3.400 4.100 0.000
 1.400 1 6 3.833 4.111 2.300 3.400 4.100 0.000
 1.100 1 6 3.833 4.111 2.000 3.400 4.100 0.000
 1.700 1 6 3.889 4.111 1.900 3.400 3.900 0.000
 1.800 1 7 3.889 4.111 2.000 3.400 3.900 0.000
 1.500 1 7 3.889 4.111 1.900 3.400 3.800 0.000
 1.300 1 7 3.889 4.111 2.000 3.400 3.800 0.000
 1.800 1 7 3.889 4.056 1.700 3.400 3.800 0.000
 1.400 1 7 3.833 4.056 1.900 3.400 3.900 0.000
 1.500 1 7 3.722 4.056 2.000 3.400 4.100 0.000
 1.500 1 7 3.722 4.056 1.800 3.400 4.100 0.000
 0.900 1 7 3.722 4.000 1.800 3.400 4.100 0.000
 1.400 1 7 3.722 3.944 1.700 3.500 4.100 0.000
 1.200 1 7 3.722 3.944 1.900 3.500 4.100 0.000
 0.900 1 7 3.722 3.944 2.000 3.500 4.100 0.000
 1.200 1 8 3.722 3.944 1.700 3.600 4.100 0.000
 1.100 1 8 3.722 3.889 1.800 3.700 4.100 0.000
 1.100 1 8 3.722 3.944 1.700 3.700 4.100 0.000
 1.400 1 8 3.722 3.944 1.500 3.700 4.100 0.000
 1.800 1 8 3.722 3.944 1.500 3.700 4.100 0.000
 1.300 1 8 3.722 3.944 1.400 3.700 4.100 0.000
 0.800 1 8 3.778 3.944 1.100 3.700 4.100 0.000
 1.600 1 8 3.778 3.944 1.100 3.700 4.100 0.000
 1.600 1 8 3.778 3.944 1.100 3.700 4.100 0.000
 1.300 1 8 3.778 3.944 0.800 3.700 4.100 0.000
 1.200 1 8 3.778 3.944 0.900 3.700 4.100 0.000
 1.800 1 8 3.722 3.944 0.900 3.700 4.100 0.000
 1.300 1 9 3.667 3.944 0.700 3.700 4.300 0.000
 1.400 1 9 3.611 3.944 0.800 3.700 4.300 0.000
 1.200 1 9 3.611 3.889 0.600 3.900 4.300 0.000
 1.500 1 9 3.611 3.833 0.700 4.000 4.300 0.000
 1.500 1 9 3.611 3.833 0.600 4.000 4.400 0.000
 0.900 1 9 3.556 3.833 0.400 4.000 4.500 0.000
 1.500 1 9 3.556 3.833 0.400 4.000 4.500 0.000
 1.700 1 9 3.500 3.778 0.500 4.100 4.700 0.000
 1.200 1 9 3.444 3.778 0.300 4.100 4.700 0.000
 1.500 1 9 3.444 3.778 0.200 4.100 4.700 0.000
 1.800 1 9 3.444 3.722 0.000 4.100 4.700 0.000
 2.100 1 9 3.389 3.667 0.400 4.200 4.700 0.000
 0.900 1 10 3.389 3.611 0.000 4.200 4.700 0.000
 0.900 1 10 3.333 3.611 0.200 4.200 4.800 0.000
 0.900 1 10 3.278 3.611 0.100 4.300 4.900 0.000
 1.400 1 10 3.222 3.611 0.000 4.400 5.000 0.000
 0.900 1 10 3.222 3.556 -0.200 4.400 5.200 0.000
 1.800 1 10 3.167 3.556 -0.100 4.400 5.300 0.000
 0.900 1 10 3.167 3.500 -0.200 4.500 5.400 0.000
 1.100 1 10 3.167 3.500 -0.400 4.500 5.500 0.000
 1.200 1 10 3.111 3.500 -0.200 4.500 5.500 0.000
 1.100 1 10 3.111 3.444 -0.500 4.500 5.600 0.000
 0.700 1 10 3.111 3.389 -0.600 4.500 5.600 0.000
 0.600 1 10 3.111 3.389 -0.700 4.700 5.600 0.000
 0.900 1 11 3.056 3.333 -0.700 4.800 5.600 0.000
 0.600 1 11 3.056 3.278 -0.800 4.900 5.700 0.000
 0.600 1 11 3.056 3.222 -0.900 5.000 5.800 0.000
 0.600 1 11 3.056 3.222 -1.200 5.200 5.800 0.000
 0.700 1 11 3.000 3.167 -1.200 5.300 5.900 0.000
 0.900 1 11 3.000 3.167 -1.200 5.400 5.900 0.000
 1.000 1 11 3.000 3.167 -1.500 5.500 5.900 0.000
 0.500 1 11 3.000 3.111 -1.500 5.500 6.000 0.000
 0.300 1 11 3.000 3.111 -1.700 5.600 6.000 0.000
 0.400 1 11 3.000 3.111 -1.600 5.600 6.000 0.000
 0.500 1 11 3.000 3.111 -1.800 5.600 6.000 0.000
 0.500 1 11 3.000 3.056 -1.800 5.600 6.000 0.000
 0.500 1 12 3.000 3.056 -1.800 5.700 6.000 0.000
 0.600 1 12 3.000 3.056 -1.800 5.800 6.000 0.000
 1.100 1 12 3.000 3.056 -1.900 5.800 6.100 0.000
 1.100 1 12 3.000 3.000 -1.700 5.900 6.100 0.000
 0.900 1 12 3.000 3.000 -1.600 5.900 6.100 0.000
 0.900 1 12 3.000 3.000 -1.700 5.900 6.100 0.000
 0.800 1 12 3.000 3.000 -1.500 6.000 6.100 0.000
 1.000 0 12 2.944 3.000 -1.600 6.000 6.100 0.000
 0.900 0 12 2.944 3.000 -1.500 6.000 6.100 0.000
 1.300 0 12 2.944 3.000 -1.500 6.000 6.200 0.000
 0.900 1 12 2.944 3.000 -1.400 6.000 6.200 0.000
 0.900 1 12 2.944 3.000 -1.600 6.000 6.200 0.000
 0.900 1 13 2.944 3.000 -1.400 6.000 6.200 0.000
 0.800 1 13 2.944 3.000 -1.400 6.100 6.200 0.000
 0.400 1 13 2.944 3.000 -1.200 6.100 6.200 0.000
 0.400 1 13 2.944 3.000 -1.200 6.100 6.200 0.000
 0.800 1 13 2.944 3.000 -1.500 6.100 6.200 0.000
 0.900 1 13 2.944 3.000 -1.400 6.000 6.200 0.000
 0.900 1 13 2.944 2.944 -1.300 6.000 6.200 0.000
 0.800 1 13 2.944 2.944 -1.300 5.900 6.200 0.000
 0.700 1 13 2.889 2.944 -1.400 5.800 6.200 0.000
 0.900 1 13 2.889 2.944 -1.500 5.700 6.200 0.000
 1.200 1 13 2.889 2.944 -1.500 5.700 6.200 0.000
 0.900 1 13 2.889 2.944 -1.700 5.600 6.200 0.000
 1.200 1 14 2.889 2.944 -1.600 5.400 6.200 0.000
 1.200 1 14 2.889 2.944 -1.700 5.300 6.200 0.000
 1.500 1 14 2.889 2.944 -1.600 5.100 6.100 0.000
 1.800 1 14 2.889 2.944 -1.700 4.900 6.100 0.000
 1.200 0 14 2.889 2.944 -1.500 4.800 6.000 0.000
 1.000 1 14 2.889 2.944 -1.600 4.600 6.000 0.000
 1.200 1 14 2.833 2.944 -1.700 4.500 5.900 0.000
 1.800 1 14 2.833 2.889 -1.700 4.400 5.800 0.000
 2.500 1 14 2.833 2.889 -1.600 4.300 5.700 0.000
 1.800 1 14 2.833 2.889 -1.500 4.200 5.700 0.000
 3.000 1 14 2.833 2.889 -1.200 4.100 5.600 0.000
 2.200 1 15 2.778 2.889 -1.400 4.100 5.400 0.000
 1.300 1 15 2.778 2.889 -1.200 4.100 5.300 0.000
 1.600 1 15 2.778 2.889 -1.300 4.100 5.100 0.000
 1.800 1 15 2.722 2.889 -1.400 4.100 4.900 0.000
 1.400 1 15 2.667 2.889 -0.800 3.900 4.800 0.000
 1.800 0 15 2.667 2.889 -0.900 3.800 4.600 0.000
 1.500 0 15 2.611 2.833 -0.900 3.600 4.500 0.000
 0.900 1 15 2.611 2.833 -0.600 3.600 4.400 0.000
 1.300 1 15 2.611 2.833 -0.300 3.600 4.500 0.000
 1.400 1 15 2.556 2.833 -0.200 3.600 4.700 0.000
 1.300 1 15 2.556 2.833 -0.100 3.600 4.800 0.000
 1.500 1 15 2.556 2.778 0.100 3.600 4.800 0.000
 1.000 1 16 2.556 2.778 0.000 3.600 4.800 0.000
 1.400 1 16 2.556 2.778 0.300 3.600 4.800 0.000
 0.800 1 16 2.556 2.722 0.300 3.600 4.800 0.000
 1.500 0 16 2.556 2.667 0.500 3.600 4.800 0.000
 0.800 1 16 2.500 2.667 0.500 3.600 4.800 0.000
 1.200 1 16 2.500 2.611 0.400 3.600 4.800 0.000
 0.500 1 16 2.500 2.611 0.700 3.800 4.800 0.000
 0.700 1 16 2.500 2.611 0.800 3.900 4.800 0.000
 0.600 1 16 2.500 2.556 0.800 3.900 4.800 0.000
 0.700 1 16 2.500 2.556 0.800 3.800 4.800 0.000
 0.400 1 16 2.500 2.556 0.800 3.800 4.800 0.000
 0.600 1 16 2.500 2.556 1.000 3.700 4.700 0.000
 0.800 1 17 2.500 2.556 0.900 3.700 4.600 0.000
 0.500 1 17 2.500 2.556 1.000 3.600 4.400 0.000
 0.700 1 17 2.500 2.556 1.300 3.600 4.300 0.000
 0.400 1 17 2.500 2.500 1.000 3.600 4.200 0.000
 0.600 1 17 2.500 2.500 1.100 3.600 4.100 0.000
 0.500 1 17 2.500 2.500 1.200 3.600 4.000 0.000
 0.900 1 17 2.500 2.500 1.200 3.500 3.900 0.000
 0.400 1 17 2.500 2.500 1.100 3.500 3.900 0.000
 0.600 1 17 2.500 2.500 1.300 3.400 3.800 0.000
 0.600 1 17 2.500 2.500 1.400 3.400 3.800 0.000
 0.600 1 17 2.500 2.500 1.400 3.400 3.700 0.000
 0.500 1 17 2.444 2.500 1.700 3.400 3.700 0.000
 0.300 1 18 2.444 2.500 1.500 3.300 3.600 0.000
 0.600 1 18 2.444 2.500 1.300 3.300 3.600 0.000
 0.500 1 18 2.444 2.500 1.400 3.300 3.600 0.000
 0.400 1 18 2.444 2.500 1.300 3.300 3.600 0.000
 0.300 1 18 2.444 2.500 1.600 3.200 3.600 0.000
 0.300 1 18 2.444 2.500 1.300 3.200 3.500 0.000
 0.300 1 18 2.444 2.500 1.400 3.200 3.500 0.000
 0.300 1 18 2.444 2.500 1.500 3.200 3.400 0.000
 0.300 1 18 2.444 2.500 1.400 3.200 3.400 0.000
 0.200 1 18 2.444 2.500 1.200 3.200 3.400 0.000
 0.000 1 18 2.444 2.444 1.100 3.200 3.400 0.000
 0.100 1 19 2.444 2.444 1.200 3.200 3.300 0.000
 0.000 1 19 2.444 2.444 1.200 3.200 3.300 0.000
 0.200 1 19 2.444 2.444 1.000 3.200 3.300 0.000
 0.300 0 19 2.444 2.444 1.000 3.100 3.300 0.000
 0.300 0 19 2.444 2.444 1.000 3.100 3.200 0.000
 0.200 1 19 2.444 2.444 1.200 3.100 3.200 0.000
 0.200 0 19 2.444 2.444 0.800 3.100 3.200 0.000
 0.100 0 19 2.444 2.444 0.800 3.100 3.200 0.000
 0.200 0 19 2.444 2.444 0.700 3.100 3.200 0.000
 0.100 1 19 2.444 2.444 0.600 3.100 3.200 0.000
 0.000 1 19 2.444 2.444 0.500 3.100 3.200 0.000
 0.000 1 19 2.444 2.444 0.200 3.100 3.200 0.000
 0.100 1 20 2.444 2.444 0.300 3.100 3.200 0.000
 0.100 1 20 2.444 2.444 0.600 3.100 3.200 0.000
 0.000 1 20 2.444 2.444 0.200 3.100 3.100 0.000
 0.300 1 20 2.444 2.444 0.300 3.100 3.100 0.000
 0.000 0 20 2.444 2.444 0.200 3.100 3.100 0.000
 0.100 1 20 2.444 2.444 0.200 3.100 3.100 0.000
 0.100 0 20 2.444 2.444 0.200 3.100 3.100 0.000
 0.000 0 20 2.444 2.444 0.100 3.100 3.100 0.000
 0.100 0 20 2.444 2.444 0.200 3.100 3.100 0.000
 0.000 0 20 2.444 2.444 0.300 3.100 3.100 0.000
 0.100 1 20 2.444 2.444 0.500 3.100 3.100 0.000
 0.100 1 21 2.444 2.444 0.400 3.100 3.100 0.000
 0.000 0 21 2.444 2.444 0.600 3.100 3.100 0.000
 0.000 0 21 2.444 2.444 0.500 3.100 3.100 0.000
 0.000 0 21 2.444 2.444 0.700 3.100 3.100 0.000
 0.000 0 21 2.444 2.444 0.600 3.100 3.100 0.000
 0.000 0 21 2.444 2.444 0.400 3.100 3.100 0.000
 0.000 0 21 2.444 2.444 0.500 3.100 3.200 0.000
 0.000 0 21 2.444 2.444 0.500 3.100 3.200 0.000
 0.100 0 21 2.444 2.444 0.600 3.100 3.200 0.000
 0.100 0 21 2.389 2.444 0.700 3.100 3.200 0.000
 0.100 1 21 2.389 2.444 0.600 3.100 3.200 0.000
 0.100 0 21 2.389 2.444 0.700 3.100 3.200 0.000
 0.000 0 22 2.389 2.444 0.800 3.100 3.200 0.000
 0.100 0 22 2.389 2.444 0.500 3.100 3.200 0.000
 0.000 0 22 2.389 2.444 0.700 3.100 3.200 0.000
 0.200 0 22 2.389 2.444 0.600 3.100 3.200 0.000
 0.100 0 22 2.389 2.444 0.500 3.100 3.200 0.000
 0.200 0 22 2.389 2.444 0.500 3.200 3.200 0.000
 0.200 0 22 2.389 2.444 0.300 3.200 3.200 0.000
 0.100 0 22 2.389 2.444 0.300 3.200 3.200 0.000
 0.200 0 22 2.389 2.444 0.300 3.200 3.200 0.000
 0.100 0 22 2.389 2.444 0.200 3.200 3.200 0.000
 0.100 1 22 2.389 2.444 0.000 3.200 3.200 0.000
 0.100 0 22 2.389 2.444 0.100 3.100 3.200 0.000
 0.000 0 23 2.389 2.444 -0.200 3.100 3.200 0.000
 0.100 0 23 2.444 2.500 -0.200 3.100 3.200 0.000
 0.200 1 23 2.444 2.500 -0.400 3.100 3.200 0.000
 0.200 0 23 2.444 2.500 -0.400 3.100 3.200 0.000
 0.300 1 23 2.444 2.500 -0.500 3.100 3.200 0.000
 0.200 0 23 2.444 2.500 -0.500 3.100 3.200 0.000
 0.200 1 23 2.444 2.556 -0.800 3.000 3.200 0.000
 0.100 1 23 2.444 2.556 -0.900 3.000 3.200 0.000
 0.000 1 23 2.444 2.611 -1.100 3.000 3.200 0.000
 0.300 1 23 2.444 2.667 -0.900 3.000 3.200 0.000
 0.300 0 23 2.444 2.667 -1.100 3.000 3.100 0.000
 0.400 0 23 2.444 2.722 -1.200 3.000 3.200 0.000
 0.300 1 0 2.500 2.778 -1.100 3.000 3.300 0.000
 0.300 1 0 2.500 2.833 -1.300 3.000 3.500 0.000
 0.200 1 0 2.500 2.889 -1.100 3.000 3.700 0.000
 0.400 1 0 2.500 2.944 -1.100 3.000 4.100 0.000
 0.500 1 0 2.500 3.000 -1.200 3.000 4.400 0.000
 0.600 1 0 2.556 3.000 -1.200 3.000 4.700 0.000
 0.500 1 0 2.556 3.056 -1.200 3.000 5.100 0.000
 0.400 1 0 2.611 3.111 -1.300 3.000 5.400 0.000
 0.300 1 0 2.667 3.167 -1.300 3.000 5.500 0.000
 0.300 1 0 2.667 3.222 -1.300 3.100 5.600 0.000
 0.400 1 0 2.722 3.222 -1.500 3.200 5.700 0.000
 0.300 1 0 2.778 3.278 -1.500 3.300 5.700 0.000
 0.300 1 1 2.833 3.333 -1.200 3.500 5.700 0.000
 0.500 1 1 2.889 3.389 -1.400 3.700 5.700 0.000
 0.600 1 1 2.944 3.444 -1.300 4.100 5.700 0.000
 0.300 1 1 3.000 3.500 -1.200 4.400 5.700 0.000
 0.300 1 1 3.000 3.556 -1.100 4.700 5.700 0.000
 0.300 1 1 3.056 3.611 -0.900 5.100 5.700 0.000
 0.500 1 1 3.111 3.667 -0.900 5.000 5.700 0.000
 0.600 1 1 3.167 3.667 -0.900 4.900 5.700 0.000
 0.600 1 1 3.222 3.667 -1.200 4.900 5.700 0.000
 0.300 1 1 3.222 3.667 -0.900 4.900 5.700 0.000
 0.100 1 1 3.278 3.667 -0.900 4.900 5.700 0.000
 0.400 1 1 3.333 3.667 -0.900 4.900 5.700 0.000
 0.400 1 2 3.389 3.667 -0.600 4.900 5.600 0.000
 0.300 1 2 3.333 3.667 -0.700 4.900 5.600 0.000
 0.900 1 2 3.278 3.667 -0.600 4.900 5.600 0.000
 0.600 1 2 3.222 3.667 -0.500 4.900 5.900 0.000
 0.900 0 2 3.167 3.667 -0.400 4.900 6.000 0.000
 0.300 1 2 3.111 3.667 -0.400 4.900 6.000 0.000
 0.500 1 2 3.111 3.611 -0.300 4.900 6.000 0.000
 0.800 1 2 3.111 3.444 -0.300 5.300 6.000 0.000
 0.600 1 2 3.111 3.389 -0.200 5.500 6.000 0.000
 0.400 1 2 3.111 3.389 -0.100 5.500 6.000 0.000
 0.200 1 2 3.111 3.389 0.200 5.500 6.000 0.000
 0.400 1 2 3.111 3.389 0.000 5.500 6.000 0.000
 0.800 1 3 3.111 3.556 0.200 5.200 6.000 0.000
 0.600 1 3 3.111 3.556 0.200 5.200 6.000 0.000
 1.200 1 3 3.111 3.556 0.300 5.200 6.000 0.000
 1.300 1 3 3.111 3.556 0.300 5.200 6.000 0.000
 0.900 1 3 3.111 3.556 0.200 5.200 6.100 0.000
 0.300 1 3 3.111 3.556 0.300 5.200 6.100 0.000
 0.200 1 3 3.111 3.556 0.500 5.200 6.100 0.000
 0.600 1 3 3.111 3.611 0.700 5.100 6.100 0.000
 1.000 1 3 3.111 3.611 0.600 5.100 6.100 0.000
 1.200 1 3 3.111 3.611 0.800 5.100 6.100 0.000
 1.100 1 3 3.111 3.611 0.800 5.100 6.100 0.000
 1.100 1 4 3.111 3.611 0.900 5.100 6.100 0.000
 1.100 1 4 3.111 3.611 0.800 5.100 6.100 0.000
 1.100 1 4 3.111 3.611 0.700 5.100 6.100 0.000
 1.100 1 4 3.111 3.611 1.100 5.100 6.100 0.000
 1.100 1 4 3.111 3.611 1.000 5.100 6.100 0.000
 1.100 1 4 3.167 3.611 1.300 5.100 6.100 0.000
 1.100 1 4 3.167 3.611 1.100 5.100 6.100 0.000
 1.100 1 4 3.167 3.611 1.400 5.100 6.100 0.000
 1.100 1 4 3.167 3.556 1.600 5.200 6.100 0.000
 1.100 1 4 3.167 3.333 1.500 5.800 6.100 0.000
 1.100 1 4 3.167 3.167 1.800 6.100 6.100 0.000
 1.100 1 4 3.167 3.167 2.100 6.100 6.100 0.000
 1.500 1 5 3.167 3.611 2.300 4.900 6.100 0.000
 1.700 1 5 3.167 3.667 2.400 4.600 6.100 0.000
 0.900 1 5 3.167 3.722 2.500 4.500 6.100 0.000
 1.500 1 5 3.167 3.833 2.600 4.300 6.100 0.000
 1.300 1 6 3.167 3.833 2.800 4.300 6.100 0.000
 1.400 1 6 3.167 3.833 2.800 4.300 6.100 0.000
 1.200 1 6 3.167 3.833 2.600 4.300 6.100 0.000
 1.300 1 6 3.167 3.833 2.800 4.300 6.100 0.000
 1.400 1 6 3.167 3.833 3.000 4.300 6.100 0.000
 2.200 1 6 3.167 3.833 2.800 4.300 6.100 0.000
 1.200 1 6 3.167 3.833 2.800 4.300 6.100 0.000
 1.400 1 6 3.556 3.833 2.800 4.300 5.000 0.000
 1.100 1 6 3.556 3.833 2.800 4.300 5.000 0.000
 0.900 1 6 3.556 3.833 3.000 4.300 5.000 0.000
 0.800 1 6 3.556 3.833 2.700 4.300 5.000 0.000
 1.300 1 6 3.556 3.722 2.900 4.500 5.000 0.000
 1.700 1 7 3.556 3.722 2.700 4.500 5.000 0.000
 1.500 1 7 3.556 3.722 2.900 4.500 5.000 0.000
 1.400 1 7 3.556 3.722 2.700 4.500 4.900 0.000
 1.900 1 7 3.556 3.722 2.600 4.500 4.900 0.000
 0.900 1 7 3.556 3.722 2.700 4.500 4.900 0.000
 1.500 1 7 3.500 3.722 2.300 4.500 4.900 0.000
 1.400 1 7 3.500 3.722 2.000 4.500 4.900 0.000
 1.800 1 7 3.500 3.722 2.000 4.600 4.900 0.000
 0.700 1 7 3.500 3.611 1.900 4.600 4.900 0.000
 1.000 1 7 3.500 3.722 1.700 4.500 4.900 0.000
 0.900 1 7 3.500 3.722 1.600 4.500 4.900 0.000
 1.500 1 7 3.500 3.722 1.700 4.500 4.900 0.000
 1.200 1 8 3.500 3.722 1.600 4.500 4.900 0.000
 0.900 1 8 3.500 3.722 1.800 4.500 4.900 0.000
 0.800 1 8 3.500 3.722 1.700 4.500 4.900 0.000
 1.100 1 8 3.500 3.722 1.600 4.500 4.900 0.000
 0.900 1 8 3.500 3.722 1.600 4.500 4.900 0.000
 0.900 1 8 3.500 3.722 1.600 4.500 4.900 0.000
 0.900 1 8 3.500 3.722 1.400 4.500 4.900 0.000
 1.400 1 8 3.444 3.722 1.400 4.500 5.100 0.000
 1.200 1 8 3.389 3.722 1.200 4.500 5.300 0.000
 1.400 1 8 3.333 3.722 1.200 4.500 5.500 0.000
 0.500 1 8 3.333 3.722 1.100 4.500 5.600 0.000
 0.600 1 8 3.333 3.722 0.900 4.500 5.700 0.000
 0.900 1 9 3.222 3.722 0.800 4.500 5.900 0.000
 1.100 1 9 3.167 3.722 0.700 4.500 6.100 0.000
 0.800 1 9 3.111 3.722 0.600 4.500 6.300 0.000
 0.500 1 9 3.056 3.667 0.600 4.600 6.300 0.000
 0.400 1 9 3.056 3.611 0.500 4.700 6.300 0.000
 0.700 1 9 3.056 3.556 0.500 4.900 6.300 0.000
 0.600 1 9 3.056 3.444 0.300 5.100 6.300 0.000
 1.100 1 9 3.056 3.389 0.200 5.300 6.300 0.000
 0.800 1 9 3.056 3.333 0.200 5.500 6.300 0.000
 1.000 1 9 3.056 3.333 0.000 5.600 6.300 0.000
 0.900 1 9 3.056 3.333 -0.100 5.700 6.300 0.000
 0.700 1 9 3.056 3.278 -0.100 5.800 6.300 0.000
 0.800 1 10 3.056 3.278 -0.200 5.800 6.300 0.000
 0.900 1 10 3.056 3.278 -0.400 5.800 6.300 0.000
 1.000 1 10 3.056 3.278 -0.400 5.800 6.300 0.000
 0.700 1 10 3.056 3.278 -0.500 5.800 6.200 0.000
 0.600 1 10 3.056 3.278 -0.800 5.800 6.200 0.000
 0.700 1 10 3.111 3.278 -0.900 5.800 6.200 0.000
 0.900 1 10 3.167 3.278 -1.000 5.800 6.100 0.000
 0.800 1 10 3.111 3.278 -1.000 5.800 6.100 0.000
 0.700 1 10 3.111 3.278 -1.000 5.800 6.200 0.000
 0.500 1 10 3.111 3.222 -1.300 5.800 6.200 0.000
 0.900 1 10 3.111 3.222 -1.300 5.900 6.200 0.000
 0.400 1 10 3.111 3.222 -1.300 5.900 6.200 0.000
 0.600 1 11 3.056 3.167 -1.400 6.000 6.200 0.000
 0.700 1 11 3.056 3.167 -1.400 6.000 6.200 0.000
 0.600 1 11 3.056 3.167 -1.500 6.000 6.300 0.000
 0.800 1 11 3.056 3.167 -1.600 6.100 6.300 0.000
 0.700 1 11 3.056 3.167 -1.600 6.100 6.300 0.000
 0.800 1 11 3.056 3.167 -1.700 6.100 6.300 0.000
 0.500 1 11 3.056 3.111 -1.700 6.100 6.300 0.000
 1.000 1 11 3.056 3.111 -2.000 6.200 6.300 0.000
 0.700 1 11 3.056 3.111 -2.000 6.200 6.300 0.000
 0.700 1 11 3.056 3.111 -2.100 6.200 6.300 0.000
 0.600 1 11 3.056 3.111 -2.000 6.200 6.300 0.000
 0.700 1 11 3.056 3.056 -2.100 6.200 6.300 0.000
 0.300 1 12 3.056 3.056 -2.200 6.200 6.300 0.000
 0.700 1 12 3.000 3.056 -2.300 6.300 6.300 0.000
 0.600 1 12 3.000 3.056 -2.300 6.300 6.300 0.000
 0.700 1 12 3.000 3.056 -2.000 6.300 6.300 0.000
 0.600 1 12 3.000 3.056 -2.000 6.300 6.300 0.000
 0.600 1 12 3.000 3.056 -1.900 6.300 6.300 0.000
 0.900 1 12 3.000 3.056 -1.800 6.300 6.300 0.000
 0.600 0 12 3.000 3.056 -2.100 6.300 6.300 0.000
 0.900 1 12 2.944 3.056 -1.700 6.200 6.300 0.000
 0.800 1 12 2.889 3.056 -1.600 6.100 6.300 0.000
 0.800 1 12 2.889 3.056 -1.700 6.000 6.300 0.000
 0.800 1 13 2.889 3.056 -1.600 6.000 6.300 0.000
 0.600 1 13 2.889 3.000 -1.700 5.900 6.300 0.000
 0.900 1 13 2.889 3.000 -1.700 5.800 6.300 0.000
 0.900 1 13 2.889 3.000 -1.700 5.800 6.300 0.000
 0.900 1 13 2.889 3.000 -1.700 5.800 6.300 0.000
 0.400 1 13 2.889 3.000 -1.700 5.800 6.300 0.000
 0.700 1 13 2.889 3.000 -1.600 5.800 6.300 0.000
 0.400 1 13 2.889 3.000 -1.300 5.800 6.300 0.000
 0.600 1 13 2.889 2.944 -1.200 5.800 6.200 0.000
 0.400 1 13 2.889 2.889 -1.000 5.800 6.100 0.000
 0.300 1 13 2.889 2.889 -1.100 5.800 6.000 0.000
 0.900 1 13 2.889 2.889 -1.000 5.800 6.000 0.000
 0.600 1 14 2.889 2.889 -0.900 5.800 5.900 0.000
 0.700 1 14 2.889 2.889 -1.100 5.500 5.900 0.000
 1.400 0 14 2.889 2.889 -1.100 5.000 5.900 0.000
 0.900 1 14 2.889 2.889 -1.300 4.700 5.900 0.000
 0.600 1 14 2.833 2.889 -1.200 4.500 5.900 0.000
 0.600 1 14 2.833 2.889 -1.100 4.400 5.900 0.000
 0.700 1 14 2.833 2.889 -1.100 4.300 5.900 0.000
 0.400 1 14 2.833 2.889 -1.100 4.200 5.900 0.000
 0.500 1 14 2.833 2.889 -1.400 4.100 5.900 0.000
 0.700 1 14 2.778 2.889 -1.300 4.000 5.900 0.000
 0.700 1 14 2.778 2.889 -1.300 4.000 5.900 0.000
 1.000 1 14 2.778 2.889 -1.200 3.900 5.800 0.000
 1.600 1 15 2.778 2.889 -1.100 3.800 5.500 0.000
 1.000 1 15 2.778 2.889 -1.000 3.800 5.000 0.000
 0.900 1 15 2.778 2.889 -1.100 3.800 4.700 0.000
 0.900 1 15 2.778 2.833 -1.200 3.700 4.500 0.000
 1.200 1 15 2.778 2.833 -0.800 3.700 4.400 0.000
 1.700 1 15 2.778 2.833 -0.800 3.600 4.300 0.000
 0.900 1 15 2.778 2.833 -0.900 3.600 4.200 0.000
 0.900 1 15 2.778 2.833 -1.000 3.600 4.100 0.000
 0.900 1 15 2.778 2.778 -1.100 3.500 4.000 0.000
 0.900 1 15 2.778 2.778 -1.000 3.500 4.000 0.000
 1.200 1 15 2.778 2.778 -0.800 3.500 3.900 0.000
 0.800 0 15 2.778 2.778 -0.800 3.500 3.800 0.000
 0.600 1 16 2.778 2.778 -0.500 3.500 3.800 0.000
 0.800 1 16 2.778 2.778 -0.500 3.400 3.800 0.000
 0.400 1 16 2.778 2.778 -0.300 3.400 3.700 0.000
 0.300 1 16 2.778 2.778 -0.200 3.400 3.700 0.000
 0.900 1 16 2.778 2.778 -0.100 3.400 3.600 0.000
 0.900 1 16 2.778 2.778 -0.100 3.400 3.600 0.000
 1.100 1 16 2.778 2.778 0.200 3.300 3.600 0.000
 0.900 1 16 2.778 2.778 0.600 3.300 3.500 0.000
 0.900 1 16 2.778 2.778 0.600 3.300 3.500 0.000
 0.600 1 16 2.778 2.778 0.600 3.300 3.500 0.000
 0.700 1 16 2.778 2.778 0.700 3.300 3.500 0.000
 0.900 1 16 2.778 2.778 0.800 3.200 3.500 0.000
 0.900 1 17 2.778 2.778 1.000 3.200 3.400 0.000
 0.600 0 17 2.722 2.778 1.200 3.200 3.400 0.000
 0.600 1 17 2.722 2.778 1.300 3.200 3.400 0.000
 0.500 1 17 2.722 2.778 1.100 3.200 3.400 0.000
 0.700 1 17 2.722 2.778 1.100 3.200 3.400 0.000
 0.600 1 17 2.722 2.778 1.400 3.200 3.300 0.000
 0.400 1 17 2.722 2.778 1.600 3.200 3.300 0.000
 0.800 1 17 2.722 2.778 1.600 3.100 3.300 0.000
 0.700 1 17 2.722 2.778 1.400 3.100 3.300 0.000
 0.600 1 17 2.722 2.778 1.200 3.100 3.300 0.000
 0.900 1 17 2.722 2.778 1.300 3.100 3.200 0.000
 0.600 1 17 2.722 2.778 1.100 3.100 3.200 0.000
 0.800 1 18 2.722 2.722 1.400 3.000 3.200 0.000
 0.500 0 18 2.722 2.722 1.500 3.000 3.200 0.000
 0.500 0 18 2.722 2.722 1.300 3.000 3.200 0.000
 0.400 0 18 2.722 2.722 1.500 3.000 3.200 0.000
 0.400 1 18 2.667 2.722 1.400 3.000 3.200 0.000
 0.500 1 18 2.667 2.722 1.500 3.000 3.200 0.000
 0.800 1 18 2.667 2.722 1.300 3.000 3.100 0.000
 0.800 1 18 2.667 2.722 1.200 3.000 3.100 0.000
 0.500 1 18 2.667 2.722 1.400 3.000 3.100 0.000
 0.800 1 18 2.667 2.722 1.100 3.000 3.100 0.000
 0.800 1 18 2.667 2.722 1.100 3.000 3.100 0.000
 0.500 1 19 2.667 2.722 0.900 3.000 3.000 0.000
 0.600 1 19 2.667 2.722 1.000 3.000 3.000 0.000
 0.400 1 19 2.667 2.722 1.000 3.000 3.000 0.000
 0.600 1 19 2.667 2.722 1.000 3.000 3.000 0.000
 0.800 1 19 2.667 2.667 1.100 3.000 3.000 0.000
 0.500 1 19 2.667 2.667 0.900 3.000 3.000 0.000
 0.900 1 19 2.667 2.667 0.900 3.000 3.000 0.000
 0.700 1 19 2.667 2.667 0.700 3.000 3.000 0.000
 0.500 1 19 2.667 2.667 0.800 3.000 3.000 0.000
 0.600 1 19 2.667 2.667 0.800 3.000 3.000 0.000
 0.500 1 19 2.667 2.667 0.800 3.000 3.000 0.000
 0.600 1 19 2.667 2.667 0.900 3.000 3.000 0.000
 0.500 1 20 2.667 2.667 0.600 3.000 3.000 0.000
 0.300 1 20 2.667 2.667 0.400 3.000 3.000 0.000
 0.300 1 20 2.667 2.667 0.600 3.000 3.000 0.000
 0.000 1 20 2.667 2.667 0.300 3.000 3.000 0.000
 0.600 1 20 2.667 2.667 0.400 3.000 3.000 0.000
 0.400 1 20 2.667 2.667 0.300 3.000 3.000 0.000
 0.300 1 20 2.667 2.667 0.300 3.000 3.000 0.000
 0.300 1 20 2.667 2.667 0.300 3.000 3.000 0.000
 0.000 1 20 2.667 2.667 0.300 3.000 3.000 0.000
 0.300 0 20 2.667 2.667 0.500 3.000 3.000 0.000
 0.300 0 20 2.667 2.667 0.300 2.900 3.000 0.000
 0.000 0 20 2.667 2.667 0.400 2.900 3.000 0.000
 0.000 1 21 2.667 2.667 0.300 2.900 3.000 0.000
 0.000 0 21 2.667 2.667 0.300 2.900 3.000 0.000
 0.000 0 21 2.667 2.667 0.200 2.900 3.000 0.000
 0.300 1 21 2.667 2.667 0.000 2.900 3.000 0.000
 0.000 1 21 2.667 2.667 -0.100 2.900 3.000 0.000
 0.000 0 21 2.667 2.667 0.000 2.900 3.000 0.000
 0.200 0 21 2.667 2.667 0.100 2.900 3.000 0.000
 0.200 1 21 2.667 2.667 0.100 2.900 3.000 0.000
 0.200 0 21 2.667 2.667 0.200 2.900 3.000 0.000
 0.000 0 21 2.667 2.667 0.000 2.900 2.900 0.000
 0.000 0 21 2.667 2.667 0.000 2.900 2.900 0.000
 0.100 1 21 2.667 2.667 0.200 2.900 2.900 0.000
 0.100 0 22 2.667 2.667 0.300 2.900 2.900 0.000
 0.300 0 22 2.667 2.667 0.100 2.900 2.900 0.000
 0.000 1 22 2.667 2.667 -0.100 2.900 2.900 0.000
 0.100 0 22 2.667 2.667 -0.100 2.900 2.900 0.000
 0.000 0 22 2.667 2.667 -0.300 2.900 2.900 0.000
 0.100 0 22 2.667 2.667 -0.400 2.900 2.900 0.000
 0.100 0 22 2.667 2.667 -0.400 2.900 2.900 0.000
 0.400 0 22 2.667 2.667 -0.600 2.900 2.900 0.000
 0.300 0 22 2.667 2.667 -0.700 2.900 2.900 0.000
 0.100 0 22 2.667 2.667 -0.500 2.900 2.900 0.000
 0.200 0 22 2.667 2.667 -0.600 2.900 2.900 0.000
 0.200 0 22 2.667 2.667 -0.500 2.900 2.900 0.000
 0.200 0 23 2.667 2.667 -0.700 2.900 2.900 0.000
 0.300 0 23 2.667 2.667 -0.600 2.900 2.900 0.000
 0.400 1 23 2.667 2.722 -0.300 2.900 2.900 0.000
 0.300 1 23 2.667 2.722 -0.300 2.900 2.900 0.000
 0.100 1 23 2.667 2.722 -0.500 2.900 2.900 0.000
 0.200 0 23 2.667 2.722 -0.600 2.900 2.900 0.000
 0.100 1 23 2.667 2.778 -0.800 2.900 2.900 0.000
 0.200 1 23 2.667 2.778 -0.900 2.900 2.900 0.000
 0.000 1 23 2.667 2.833 -0.900 2.900 2.900 0.000
 0.300 1 23 2.667 2.889 -0.900 2.900 3.100 0.000
 0.600 1 23 2.667 2.944 -1.000 2.900 3.300 0.000
 0.700 1 23 2.667 2.944 -1.100 2.900 3.600 0.000
 0.900 1 0 2.667 2.944 -1.200 2.900 3.600 0.000
 0.600 1 0 2.722 2.944 -1.200 2.900 3.600 0.000
 0.600 1 0 2.722 3.000 -1.200 2.900 3.700 0.000
 0.500 1 0 2.722 3.056 -1.200 2.900 3.900 0.000
 0.400 1 0 2.722 3.056 -1.200 2.900 4.000 0.000
 0.300 1 0 2.778 3.111 -1.300 2.900 4.200 0.000
 0.200 1 0 2.778 3.167 -1.300 2.900 4.500 0.000
 0.600 1 0 2.833 3.167 -1.500 2.900 4.600 0.000
 0.300 1 0 2.889 3.167 -1.700 3.100 4.600 0.000
 0.500 1 0 2.944 3.167 -1.700 3.300 4.600 0.000
 0.400 1 0 2.944 3.167 -1.900 3.600 4.600 0.000
 0.700 1 0 2.944 3.167 -1.800 3.600 4.700 0.000
 0.400 1 1 2.944 3.167 -2.000 3.600 4.700 0.000
 0.100 1 1 3.000 3.278 -2.100 3.700 4.800 0.000
 0.600 1 1 3.056 3.333 -2.000 3.900 5.500 0.000
 0.600 1 1 3.056 3.444 -2.000 4.000 5.600 0.000
 0.600 1 1 3.111 3.500 -1.900 4.200 5.600 0.000
 0.700 1 1 3.111 3.500 -1.900 4.500 5.600 0.000
 0.300 1 1 3.111 3.556 -1.700 4.500 5.600 0.000
 0.600 1 1 3.111 3.611 -1.500 4.500 5.600 0.000
 0.700 1 1 3.111 3.611 -1.600 4.500 5.600 0.000
 0.500 1 1 3.111 3.611 -1.700 4.500 5.600 0.000
 0.800 1 1 3.167 3.611 -1.400 4.700 5.600 0.000
 0.600 1 2 3.167 3.667 -1.200 4.700 5.600 0.000
 0.700 1 2 3.278 3.667 -0.900 4.800 5.600 0.000
 0.900 1 2 3.333 3.722 -0.900 5.200 5.600 0.000
 0.700 1 2 3.444 3.722 -0.600 5.100 5.600 0.000
 0.800 1 2 3.444 3.722 -0.600 5.100 5.600 0.000
 0.200 1 2 3.444 3.833 -0.500 5.000 5.600 0.000
 0.900 1 2 3.556 3.833 -0.300 4.900 5.600 0.000
 0.500 1 2 3.556 3.889 -0.100 4.700 5.500 0.000
 1.500 1 2 3.556 3.889 0.100 4.500 5.500 0.000
 1.600 1 2 3.556 3.889 0.000 4.500 5.500 0.000
 1.000 1 2 3.556 3.889 0.200 4.500 5.500 0.000
 0.600 1 2 3.667 3.889 0.300 4.500 5.400 0.000
 0.500 1 3 3.667 3.889 0.300 4.500 5.300 0.000
 0.500 1 3 3.667 3.944 0.300 4.500 5.200 0.000
 1.200 1 3 3.667 3.944 0.300 4.500 5.100 0.000
 1.500 1 3 3.667 3.944 0.600 4.500 5.100 0.000
 0.900 1 3 3.667 3.944 0.500 4.500 5.100 0.000
 1.500 1 3 3.667 3.944 0.800 4.500 5.100 0.000
 1.400 1 3 3.667 3.944 0.600 4.500 5.100 0.000
 0.600 1 3 3.667 3.944 0.600 4.400 5.100 0.000
 1.300 1 3 3.667 3.944 0.900 4.400 5.100 0.000
 1.200 1 3 3.667 3.944 1.100 4.400 5.100 0.000
 0.800 1 3 3.778 3.944 1.100 4.400 5.000 0.000
 1.400 1 3 3.778 3.944 1.000 4.400 4.800 0.000
 0.900 1 4 3.778 3.944 1.000 4.300 4.800 0.000
 0.800 1 4 3.778 4.000 1.100 4.200 4.800 0.000
 1.200 1 4 3.778 4.000 1.100 4.200 4.800 0.000
 1.100 0 4 3.722 4.000 1.300 4.200 4.800 0.000
 1.600 1 4 3.611 4.000 1.400 4.200 5.000 0.000
 1.300 0 4 3.611 4.000 1.300 4.200 5.000 0.000
 1.000 1 4 3.611 4.000 1.300 4.200 5.000 0.000
 0.700 1 4 3.611 4.000 1.400 4.200 5.000 0.000
 0.600 1 4 3.611 4.000 1.700 4.200 5.000 0.000
 1.100 1 4 3.611 4.000 1.600 4.200 5.000 0.000
 0.800 1 4 3.611 4.056 1.600 4.000 5.000 0.000
 1.600 1 4 3.611 4.111 1.900 3.900 5.000 0.000
 0.600 1 5 3.611 4.111 2.000 3.900 5.000 0.000
 1.300 1 5 3.611 4.111 2.100 3.900 5.000 0.000
 0.700 1 5 3.611 4.111 1.900 3.900 5.000 0.000
 0.500 1 5 3.611 4.111 2.300 3.900 5.000 0.000
 0.900 1 5 3.667 4.111 2.200 3.900 5.000 0.000
 0.900 0 5 3.722 4.111 2.300 3.900 4.800 0.000
 1.500 1 5 3.722 4.111 2.400 3.900 4.800 0.000
 0.700 1 5 3.722 4.111 2.500 3.900 4.800 0.000
 0.500 1 5 3.722 4.111 2.300 3.900 4.800 0.000
 1.500 1 5 3.722 4.111 2.100 3.900 4.800 0.000
 1.000 1 5 3.667 4.111 2.100 3.900 4.900 0.000
 1.200 1 5 3.444 4.000 2.400 4.100 5.400 0.000
 0.600 1 6 3.278 3.944 2.200 4.300 5.700 0.000
 0.900 1 6 3.111 3.944 2.200 4.300 6.000 0.000
 1.400 1 6 2.944 3.944 2.500 4.300 6.000 0.000
 1.200 1 6 2.778 3.944 2.400 3.800 6.000 0.000
 0.900 1 6 2.722 3.944 2.500 3.600 6.000 0.000
 0.800 1 6 2.667 3.944 2.400 3.300 6.000 0.000
 1.200 1 6 2.667 3.944 2.200 3.300 6.000 0.000
 0.300 1 6 2.667 3.944 2.200 3.300 6.000 0.000
 0.600 1 6 2.667 3.944 2.300 3.300 6.000 0.000
 0.300 1 6 2.667 3.667 2.500 3.300 6.000 0.000
 0.200 1 6 2.667 3.444 2.100 3.200 6.000 0.000
 0.600 1 6 2.667 3.278 2.200 3.200 6.000 0.000
 0.500 1 7 2.667 3.111 1.800 3.200 6.000 0.000
 0.300 1 7 2.667 2.944 1.600 3.100 5.600 0.000
 0.600 1 7 2.667 2.778 1.600 3.100 3.800 0.000
 0.300 1 7 2.667 2.778 1.900 3.100 3.600 0.000
 0.100 1 7 2.667 2.778 2.100 3.100 3.500 0.000
 0.300 1 7 2.722 2.778 2.100 3.100 3.500 0.000
 0.500 1 7 2.722 2.778 1.900 3.100 3.500 0.000
 0.200 1 7 2.722 2.778 1.900 3.100 3.500 0.000
 0.200 1 7 2.722 2.778 2.000 3.100 3.300 0.000
 0.100 1 7 2.722 2.778 2.000 3.100 3.300 0.000
 0.300 1 7 2.722 2.778 1.600 3.100 3.300 0.000
 0.400 1 8 2.722 2.778 1.600 3.100 3.500 0.000
 0.300 1 8 2.722 2.778 1.500 3.100 3.600 0.000
 0.300 1 8 2.722 2.778 1.300 3.100 3.600 0.000
 0.300 1 8 2.722 2.778 1.400 3.100 3.600 0.000
 0.000 1 8 2.722 2.833 1.000 3.100 3.600 0.000
 0.100 1 8 2.778 2.833 0.900 3.200 3.700 0.000
 0.100 1 8 2.778 2.833 0.900 3.200 3.700 0.000
 0.200 1 8 2.778 2.944 1.200 3.200 3.800 0.000
 0.200 1 8 2.778 3.000 0.700 3.200 4.400 0.000
 0.200 1 8 2.778 3.000 0.500 3.200 4.400 0.000
 0.000 1 8 2.778 3.111 0.500 3.300 4.700 0.000
 0.800 1 8 2.778 3.167 0.000 3.500 5.300 0.000
 0.300 1 9 2.778 3.167 0.200 3.500 5.300 0.000
 0.500 1 9 2.778 3.167 0.600 3.500 5.300 0.000
 0.500 1 9 2.778 3.167 0.700 3.600 5.300 0.000
 0.400 0 9 2.833 3.167 0.200 3.600 5.300 0.000
 0.000 1 9 2.833 3.167 -0.200 3.700 5.300 0.000
 0.800 1 9 2.833 3.167 -0.500 3.700 5.300 0.000
 1.100 1 9 2.889 3.167 -0.700 3.800 5.300 0.000
 0.800 1 9 2.889 3.167 -0.600 3.900 5.300 0.000
 0.700 1 9 2.833 3.167 -1.000 3.700 5.300 0.000
 1.300 1 9 2.778 3.167 -0.900 3.700 5.300 0.000
 0.900 1 9 2.722 3.167 -1.000 3.700 5.300 0.000
 0.800 1 9 2.722 3.111 -0.800 3.700 5.100 0.000
 0.400 1 10 2.722 3.056 -1.000 3.700 5.000 0.000
 0.600 0 10 2.722 3.000 -1.100 3.700 4.700 0.000
 0.300 0 10 2.722 3.000 -1.000 3.700 4.500 0.000
 0.400 1 10 2.722 2.944 -0.600 3.700 4.500 0.000
 1.000 1 10 2.722 2.944 -0.500 3.600 4.500 0.000
 0.400 1 10 2.722 2.889 -0.400 3.500 4.500 0.000
 0.500 1 10 2.722 2.889 -0.800 3.400 4.500 0.000
 0.900 1 10 2.667 2.833 -0.500 3.300 4.500 0.000
 0.900 1 10 2.667 2.778 -0.400 3.200 4.500 0.000
 0.400 1 10 2.667 2.722 0.000 3.100 4.100 0.000
 0.400 1 10 2.611 2.722 0.000 3.100 3.900 0.000
 0.300 0 10 2.611 2.722 0.000 3.100 3.900 0.000
 0.900 0 11 2.556 2.722 -0.200 3.100 3.900 0.000
 1.100 1 11 2.556 2.722 -0.700 3.100 3.900 0.000
 0.600 0 11 2.556 2.722 -0.600 3.100 3.900 0.000
 0.600 0 11 2.556 2.722 -1.000 3.100 3.600 0.000
 0.400 1 11 2.556 2.722 -1.000 3.100 3.500 0.000
 0.500 0 11 2.556 2.722 -1.300 3.100 3.400 0.000
 0.100 1 11 2.500 2.667 -1.400 3.100 3.400 0.000
 0.000 1 11 2.500 2.667 -1.300 3.100 3.400 0.000
 0.000 1 11 2.500 2.667 -1.400 3.100 3.400 0.000
 0.900 0 11 2.500 2.611 -1.500 3.100 3.400 0.000
 0.300 1 11 2.500 2.611 -1.800 3.100 3.400 0.000
 0.100 1 11 2.500 2.556 -1.700 3.200 3.400 0.000
 0.200 0 12 2.500 2.556 -2.100 3.200 3.400 0.000
 0.000 1 12 2.500 2.556 -2.400 3.200 3.400 0.000
 0.000 1 12 2.500 2.556 -2.400 3.300 3.400 0.000
 0.000 0 12 2.500 2.556 -2.400 3.300 3.400 0.000
 0.000 1 12 2.500 2.556 -2.500 3.300 3.400 0.000
 0.000 1 12 2.500 2.556 -2.600 3.300 3.400 0.000
 0.300 1 12 2.500 2.556 -2.600 3.300 3.400 0.000
 0.900 1 12 2.500 2.556 -3.200 3.200 3.400 0.000
 0.400 1 12 2.556 2.556 -3.500 3.200 3.400 0.000
 0.700 1 12 2.556 2.556 -3.500 3.100 3.400 0.000
 0.400 1 12 2.556 2.556 -3.400 3.100 3.400 0.000
 0.700 1 12 2.556 2.556 -3.400 3.100 3.400 0.000
 0.600 1 13 2.556 2.556 -3.300 3.100 3.400 0.000
 0.500 1 13 2.556 2.556 -3.400 3.100 3.400 0.000
 0.300 1 13 2.500 2.556 -3.100 3.100 3.400 0.000
 0.600 1 13 2.500 2.556 -2.600 3.100 3.400 0.000
 0.600 1 13 2.500 2.556 -2.200 3.100 3.400 0.000
 0.300 1 13 2.444 2.556 -2.100 3.100 3.300 0.000
 0.300 1 13 2.444 2.556 -2.200 3.100 3.200 0.000
 0.300 1 13 2.444 2.556 -2.400 3.100 3.200 0.000
 0.400 1 13 2.444 2.556 -2.600 3.100 3.200 0.000
 0.500 1 13 2.444 2.556 -2.800 3.100 3.200 0.000
 0.800 1 13 2.444 2.556 -2.700 3.100 3.200 0.000
 0.600 1 13 2.444 2.556 -2.600 3.100 3.200 0.000
 0.900 1 14 2.444 2.556 -2.600 3.100 3.200 0.000
 0.900 1 14 2.444 2.500 -3.000 3.100 3.200 0.000
 1.100 1 14 2.444 2.500 -3.000 3.100 3.200 0.000
 1.400 1 14 2.389 2.500 -3.000 3.100 3.200 0.000
 0.600 1 14 2.389 2.500 -3.100 3.100 3.200 0.000
 0.500 1 14 2.389 2.500 -3.200 3.100 3.300 0.000
 0.600 1 14 2.389 2.500 -2.800 3.200 3.300 0.000
 0.500 1 14 2.389 2.500 -2.700 3.200 3.300 0.000
 0.200 1 14 2.389 2.500 -2.300 3.200 3.400 0.000
 0.000 1 14 2.333 2.500 -2.100 3.200 3.400 0.000
 0.000 1 14 2.333 2.500 -2.100 3.200 3.400 0.000
 0.000 1 15 2.333 2.500 -1.800 3.200 3.400 0.000
 0.200 1 15 2.333 2.444 -1.100 3.200 3.400 0.000
 0.900 1 15 2.333 2.444 -0.800 3.200 3.400 0.000
 0.300 1 15 2.333 2.389 -1.200 3.200 3.400 0.000
 0.100 1 15 2.333 2.389 -1.300 3.200 3.400 0.000
 0.500 1 15 2.333 2.389 -1.200 3.300 3.400 0.000
 0.700 1 15 2.333 2.389 -0.900 3.300 3.400 0.000
 0.600 1 15 2.333 2.389 -0.800 3.300 3.400 0.000
 0.300 1 15 2.333 2.389 -0.400 3.400 3.400 0.000
 0.300 1 15 2.333 2.389 -0.300 3.400 3.400 0.000
 0.300 1 15 2.333 2.389 -0.300 3.400 3.400 0.000
 0.300 1 15 2.333 2.389 -0.200 3.400 3.400 0.000
 0.200 1 16 2.333 2.389 0.000 3.400 3.400 0.000
 0.200 1 16 2.333 2.389 0.600 3.400 3.400 0.000
 0.100 1 16 2.333 2.389 0.800 3.400 3.400 0.000
 0.100 1 16 2.333 2.389 1.000 3.400 3.400 0.000
 0.100 1 16 2.333 2.389 1.200 3.400 3.400 0.000
 0.000 1 16 2.333 2.389 1.500 3.400 3.400 0.000
 0.000 0 16 2.333 2.389 1.600 3.400 3.400 0.000
 0.000 0 16 2.333 2.389 1.800 3.400 3.400 0.000
 0.000 0 16 2.333 2.389 1.600 3.400 3.400 0.000
 0.000 0 16 2.333 2.389 1.500 3.400 3.400 0.000
 0.000 0 16 2.333 2.389 1.600 3.400 3.400 0.000
 0.000 0 16 2.333 2.389 1.400 3.400 3.400 0.000
 0.000 1 17 2.333 2.389 1.100 3.400 3.400 0.000
 0.000 1 17 2.333 2.389 0.900 3.400 3.400 0.000
 0.000 0 17 2.333 2.389 1.200 3.400 3.400 0.000
 0.000 0 17 2.333 2.389 1.200 3.400 3.400 0.000
 0.000 0 17 2.333 2.389 1.100 3.400 3.400 0.000
 0.000 1 17 2.333 2.389 1.200 3.400 3.400 0.000
 0.000 0 17 2.333 2.389 1.700 3.400 3.400 0.000
 0.000 0 17 2.333 2.389 1.700 3.400 3.400 0.000
 0.000 0 17 2.333 2.389 2.000 3.400 3.400 0.000
 0.000 0 17 2.333 2.389 2.000 3.400 3.400 0.000
 0.100 1 17 2.333 2.389 2.300 3.400 3.400 0.000
 0.000 1 17 2.333 2.389 2.400 3.400 3.400 0.000
 0.000 1 18 2.333 2.389 2.200 3.400 3.400 0.000
 0.000 0 18 2.333 2.389 2.100 3.400 3.500 0.000
 0.000 0 18 2.333 2.389 2.000 3.400 3.500 0.000
 0.000 0 18 2.333 2.389 1.900 3.400 3.500 0.000
 0.300 0 18 2.333 2.389 1.800 3.400 3.500 0.000
 0.100 1 18 2.333 2.389 1.700 3.400 3.500 0.000
 0.300 1 18 2.333 2.389 1.600 3.400 3.500 0.000
 0.400 1 18 2.333 2.389 1.700 3.400 3.500 0.000
 0.300 1 18 2.333 2.389 1.700 3.400 3.500 0.000
 0.300 1 18 2.333 2.389 1.600 3.400 3.500 0.000
 0.300 1 18 2.333 2.389 1.500 3.400 3.500 0.000
 0.100 1 18 2.333 2.389 1.400 3.400 3.500 0.000
 0.200 1 19 2.333 2.389 1.600 3.400 3.500 0.000
 0.300 1 19 2.389 2.389 1.400 3.400 3.500 0.000
 0.100 1 19 2.389 2.389 1.600 3.400 3.500 0.000
 0.000 1 19 2.389 2.389 1.600 3.400 3.500 0.000
 0.000 0 19 2.389 2.389 1.600 3.400 3.500 0.000
 0.000 0 19 2.389 2.389 1.300 3.400 3.500 0.000
 0.000 0 19 2.389 2.389 1.300 3.400 3.500 0.000
 0.000 1 19 2.389 2.389 1.300 3.400 3.500 0.000
 0.000 1 19 2.389 2.389 1.200 3.400 3.500 0.000
 0.000 1 19 2.389 2.389 1.100 3.400 3.500 0.000
 0.000 1 19 2.389 2.389 0.700 3.400 3.500 0.000
 0.100 1 19 2.389 2.389 0.600 3.400 3.500 0.000
 0.000 1 20 2.389 2.389 0.400 3.400 3.500 0.000
 0.000 1 20 2.333 2.389 0.300 3.500 3.500 0.000
 0.000 1 20 2.333 2.389 0.300 3.500 3.500 0.000
 0.000 1 20 2.333 2.389 0.300 3.500 3.500 0.000
 0.000 1 20 2.333 2.389 0.400 3.500 3.600 0.000
 0.000 1 20 2.333 2.389 0.400 3.500 3.600 0.000
 0.000 0 20 2.333 2.389 0.200 3.500 3.600 0.000
 0.000 0 20 2.333 2.389 -0.100 3.500 3.600 0.000
 0.000 1 20 2.333 2.389 0.100 3.500 3.600 0.000
 0.000 0 20 2.333 2.389 -0.200 3.500 3.600 0.000
 0.000 1 20 2.333 2.389 -0.300 3.500 3.600 0.000
 0.200 1 20 2.333 2.389 -0.500 3.500 3.600 0.000
 0.100 1 21 2.333 2.389 -0.500 3.500 3.600 0.000
 0.000 1 21 2.333 2.389 -0.600 3.500 3.600 0.000
 0.000 1 21 2.333 2.389 -0.600 3.500 3.600 0.000
 0.000 0 21 2.389 2.389 -0.600 3.500 3.600 0.000
 0.000 1 21 2.389 2.389 -0.600 3.500 3.600 0.000
 0.000 1 21 2.389 2.389 -0.700 3.500 3.600 0.000
 0.000 1 21 2.389 2.389 -0.700 3.500 3.600 0.000
 0.000 1 21 2.389 2.389 -0.600 3.500 3.600 0.000
 0.000 1 21 2.389 2.389 -0.500 3.500 3.600 0.000
 0.000 1 21 2.389 2.389 -0.100 3.500 3.600 0.000
 0.000 0 21 2.333 2.389 -0.300 3.500 3.600 0.000
 0.000 0 22 2.333 2.389 -0.100 3.500 3.600 0.000
 0.000 0 22 2.333 2.389 0.000 3.500 3.600 0.000
 0.000 0 22 2.333 2.389 0.100 3.500 3.600 0.000
 0.000 1 22 2.333 2.389 0.000 3.500 3.500 0.000
 0.000 1 22 2.333 2.389 0.000 3.500 3.600 0.000
 0.000 1 22 2.333 2.389 0.100 3.500 3.600 0.000
 0.000 1 22 2.333 2.389 0.100 3.500 3.600 0.000
 0.000 1 22 2.333 2.389 0.200 3.500 3.600 0.000
 0.000 1 22 2.333 2.389 -0.100 3.500 3.600 0.000
 0.000 1 22 2.333 2.389 0.100 3.500 3.600 0.000
 0.000 1 22 2.333 2.389 0.100 3.500 3.600 0.000
 0.000 1 22 2.333 2.389 0.200 3.500 3.600 0.000
 0.000 0 23 2.333 2.389 0.100 3.500 3.600 0.000
 0.000 1 23 2.333 2.389 0.100 3.500 3.600 0.000
 0.000 1 23 2.333 2.389 0.100 3.500 3.600 0.000
 0.000 1 23 2.333 2.389 -0.100 3.500 3.600 0.000
 0.000 1 23 2.333 2.389 -0.100 3.500 3.600 0.000
 0.000 1 23 2.333 2.444 -0.100 3.500 3.600 0.000
 0.000 1 23 2.389 2.444 -0.200 3.500 3.600 0.000
 0.000 1 23 2.389 2.444 -0.200 3.500 3.600 0.000
 0.000 1 23 2.389 2.500 -0.400 3.500 3.600 0.000
 0.000 1 23 2.389 2.500 -0.600 3.500 3.600 0.000
 0.000 1 23 2.389 2.500 -0.500 3.500 3.600 0.000
 0.000 1 23 2.389 2.500 -0.500 3.500 3.600 0.000