2018-08-13T07:42Z 45 15 60 89 0 0 55 9983
2018-08-13T07:48Z 45 37 74 83 2 2 49 9985
2018-08-13T07:53Z 45 15 74 79 15 15 37 9984
2018-08-13T07:58Z 45 18 64 78 16 16 34 9985
2018-08-13T08:03Z 45 18 40 77 18 18 34 9986
2018-08-13T08:08Z 45 14 39 77 24 24 34 9986
2018-08-13T08:13Z 45 13 39 77 26 26 34 9986
2018-08-13T08:18Z 90 9 32 77 28 28 34 9986
2018-08-13T08:23Z 45 9 21 77 28 28 34 9983
2018-08-13T08:28Z 45 4 19 77 29 29 34 9984
2018-08-13T08:33Z 45 4 12 77 29 29 34 9983
2018-08-13T08:38Z 45 5 13 77 29 29 34 9982
2018-08-13T08:43Z 180 4 15 77 31 31 34 9980
2018-08-13T08:48Z 180 3 15 77 29 32 34 9980
2018-08-13T08:53Z 180 3 10 78 16 32 34 9978
2018-08-13T08:58Z 45 2 9 78 16 33 34 9978
2018-08-13T09:03Z 45 2 10 78 16 35 33 9977
2018-08-13T09:08Z 45 8 16 78 10 35 33 9976
2018-08-13T09:13Z 45 12 25 78 9 35 33 9976
2018-08-13T09:18Z 45 11 25 78 7 36 33 9975
2018-08-13T09:23Z 90 9 25 78 7 36 32 9977
2018-08-13T09:28Z 45 7 25 78 6 36 32 9976
2018-08-13T09:33Z 90 9 18 78 7 37 32 9976
2018-08-13T09:39Z 180 9 20 79 6 37 31 9975
2018-08-13T09:44Z 45 6 21 79 6 37 31 9975
2018-08-13T09:49Z 90 6 21 79 6 39 31 9976
2018-08-13T09:54Z 45 3 15 79 5 39 31 9976
2018-08-13T09:59Z 45 6 16 79 5 39 31 9975
2018-08-13T10:04Z 45 7 18 79 3 39 31 9975
2018-08-13T10:09Z 45 5 18 79 3 39 31 9975
2018-08-13T10:14Z 45 5 12 79 2 39 31 9975
2018-08-13T10:19Z 45 7 13 79 2 39 31 9976
2018-08-13T10:24Z 45 3 13 79 2 39 31 9978
2018-08-13T10:29Z 90 0 12 80 2 39 31 9979
2018-08-13T10:34Z 45 1 12 80 1 39 31 9978
2018-08-13T10:39Z 45 3 9 80 1 39 31 9979
2018-08-13T10:44Z 45 2 9 80 1 39 31 9981
2018-08-13T10:49Z 45 3 9 80 0 39 31 9981
2018-08-13T10:54Z 180 3 9 80 0 39 31 9980
2018-08-13T10:59Z 45 3 9 79 0 39 31 9983
2018-08-13T11:04Z 135 1 9 79 0 39 31 9983
2018-08-13T11:09Z 90 2 8 79 0 39 31 9984
2018-08-13T11:14Z 180 3 9 79 0 39 32 9985
2018-08-13T11:19Z 180 4 9 79 0 39 32 9986
2018-08-13T11:25Z 135 3 9 79 0 39 32 9986
2018-08-13T11:30Z 180 4 8 79 0 39 32 9986
2018-08-13T11:35Z 135 5 11 79 0 39 32 9988
2018-08-13T11:40Z 180 2 11 79 0 39 32 9987
2018-08-13T11:45Z 180 2 8 79 0 39 32 9988
2018-08-13T11:50Z 180 2 6 79 0 39 32 9989
2018-08-13T11:55Z 225 2 6 79 0 39 32 9989
2018-08-13T12:00Z 180 0 4 79 0 39 32 9989
2018-08-13T12:05Z 180 1 4 79 0 39 32 9989
2018-08-13T12:10Z 225 1 7 79 0 39 32 9990
2018-08-13T12:15Z 180 1 7 79 0 39 32 9990
2018-08-13T12:20Z 225 2 7 79 0 39 32 9991
2018-08-13T12:25Z 225 2 7 79 0 39 32 9990
2018-08-13T12:30Z 180 2 7 79 0 39 32 9992
2018-08-13T12:35Z 225 0 7 79 0 39 32 9992
2018-08-13T12:40Z 135 1 6 79 0 39 32 9993
2018-08-13T12:45Z 135 3 9 79 0 39 32 9994
2018-08-13T12:50Z 180 4 10 79 0 39 32 9994
2018-08-13T12:55Z 180 3 10 79 0 39 32 9994
2018-08-13T13:00Z 225 6 11 79 0 39 32 9995
2018-08-13T13:05Z 90 6 13 79 0 39 31 9994
2018-08-13T13:10Z 45 6 13 79 0 39 31 9996
2018-08-13T13:16Z 180 2 13 79 0 39 31 9996
2018-08-13T13:21Z 45 3 9 79 0 39 31 9997
2018-08-13T13:26Z 45 6 9 79 0 39 31 9998
2018-08-13T13:31Z 90 5 13 79 0 39 31 9999
2018-08-13T13:36Z 135 4 13 79 0 39 31 9999
2018-08-13T13:41Z 135 5 13 79 0 39 31 9998
2018-08-13T13:46Z 45 6 12 79 0 39 30 9998
2018-08-13T13:51Z 135 6 15 80 0 39 30 9999
2018-08-13T13:56Z 45 2 15 80 0 39 30 10001
2018-08-13T14:01Z 90 3 10 80 0 39 30 10002
2018-08-13T14:06Z 45 5 11 80 0 39 30 10001
2018-08-13T14:11Z 90 6 15 80 0 39 29 10001
2018-08-13T14:16Z 135 6 15 80 0 39 29 10002
2018-08-13T14:21Z 45 3 12 80 0 39 29 10003
2018-08-13T14:26Z 180 6 10 80 0 39 29 10004
2018-08-13T14:31Z 180 8 12 80 0 39 29 10004
2018-08-13T14:36Z 225 8 15 80 0 39 29 10004
2018-08-13T14:41Z 225 8 15 80 0 39 29 10004
2018-08-13T14:46Z 225 7 15 80 0 39 29 10004
2018-08-13T14:51Z 225 7 13 80 0 39 29 10004
2018-08-13T14:56Z 45 6 12 80 0 39 29 10004
2018-08-13T15:02Z 180 6 12 80 0 39 29 10004
2018-08-13T15:07Z 180 6 12 80 0 39 29 10004
2018-08-13T15:12Z 180 5 12 80 0 39 29 10004
2018-08-13T15:17Z 180 4 9 80 0 39 29 10004
2018-08-13T15:22Z 90 4 9 80 0 39 29 10004
2018-08-13T15:27Z 180 4 9 80 0 39 29 10005
2018-08-13T15:32Z 180 4 9 80 0 39 29 10004
2018-08-13T15:37Z 135 4 9 80 0 39 29 10002
2018-08-13T15:42Z 135 3 9 80 0 39 29 10001
2018-08-13T15:47Z 45 4 9 80 0 39 29 10002
2018-08-13T15:52Z 135 3 9 80 0 39 29 10002
2018-08-13T15:57Z 135 3 9 80 0 39 29 10002
2018-08-13T16:02Z 135 3 9 80 0 39 29 10002
2018-08-13T16:07Z 135 4 8 80 0 39 29 10003
2018-08-13T16:12Z 180 4 9 80 0 39 29 10003
2018-08-13T16:17Z 45 5 12 80 0 39 29 10004
2018-08-13T16:22Z 225 6 12 80 0 39 29 10001
2018-08-13T16:27Z 45 6 12 80 0 39 29 10003
2018-08-13T16:32Z 180 7 12 80 0 39 29 10004
2018-08-13T16:37Z 180 6 14 80 0 39 29 10001
2018-08-13T16:42Z 180 5 14 80 0 39 29 10001
2018-08-13T16:47Z 180 5 12 80 0 39 29 10002
2018-08-13T16:53Z 45 3 10 80 0 39 29 10001
2018-08-13T16:58Z 135 5 11 80 0 39 29 10001
2018-08-13T17:03Z 180 7 12 80 0 39 29 10002
2018-08-13T17:08Z 45 7 13 80 0 39 29 10001
2018-08-13T17:13Z 45 8 13 80 0 39 29 10001
2018-08-13T17:18Z 180 7 17 80 0 39 29 10001
2018-08-13T17:23Z 135 7 17 80 0 39 29 10001
2018-08-13T17:28Z 90 7 13 80 0 39 29 9999
2018-08-13T17:33Z 180 8 13 80 1 40 29 9999
2018-08-13T17:38Z 135 8 13 80 1 40 29 9999
2018-08-13T17:43Z 45 5 13 80 1 40 29 9998
2018-08-13T17:48Z 45 5 13 80 1 40 29 9997
2018-08-13T17:53Z 45 5 13 80 1 40 29 9996
2018-08-13T17:58Z 45 8 15 80 1 40 29 9997
2018-08-13T18:03Z 45 3 15 80 1 40 29 9997
2018-08-13T18:08Z 45 3 15 80 1 40 29 9997
2018-08-13T18:13Z 45 4 12 80 1 40 29 9996
2018-08-13T18:18Z 45 1 10 80 1 40 29 9995
2018-08-13T18:23Z 45 1 9 80 1 40 29 9994
2018-08-13T18:28Z 45 4 11 80 1 40 29 9994
2018-08-13T18:33Z 45 0 13 80 0 40 29 9993
2018-08-13T18:39Z 45 2 17 80 0 40 29 9992
2018-08-13T18:44Z 45 3 17 80 0 40 29 9992
2018-08-13T18:49Z 45 2 15 80 0 40 29 9991
2018-08-13T18:54Z 45 1 15 80 0 40 29 9991
2018-08-13T18:59Z 45 2 7 80 0 40 29 9989
2018-08-13T19:04Z 45 2 9 79 0 40 29 9989
2018-08-13T19:09Z 45 3 9 79 0 40 30 9989
2018-08-13T19:14Z 45 2 7 79 0 40 30 9988
2018-08-13T19:19Z 45 2 9 79 0 40 30 9989
2018-08-13T19:24Z 45 3 12 79 0 40 30 9988
2018-08-13T19:29Z 45 3 12 79 0 40 30 9988
2018-08-13T19:34Z 45 1 11 79 0 40 30 9988
2018-08-13T19:39Z 45 3 6 79 0 40 30 9988
2018-08-13T19:44Z 45 1 10 79 0 40 30 9988
2018-08-13T19:49Z 45 3 10 79 0 40 30 9986
2018-08-13T19:54Z 45 2 8 79 0 40 30 9987
2018-08-13T19:59Z 45 2 8 79 0 40 30 9987
2018-08-13T20:04Z 45 1 7 79 0 40 30 9987
2018-08-13T20:09Z 45 6 12 79 0 40 30 9985
2018-08-13T20:14Z 45 2 12 79 0 40 30 9984
2018-08-13T20:19Z 45 2 8 79 0 40 30 9985
2018-08-13T20:24Z 45 3 9 79 0 40 30 9986
2018-08-13T20:30Z 45 3 16 79 0 40 30 9987
2018-08-13T20:35Z 45 3 19 79 0 40 30 9985
2018-08-13T20:40Z 45 2 19 79 0 40 30 9984
2018-08-13T20:45Z 45 2 8 79 0 40 30 9985
2018-08-13T20:50Z 45 3 9 79 0 40 30 9984
2018-08-13T20:55Z 45 1 9 79 0 40 30 9985
2018-08-13T21:00Z 45 1 7 79 0 40 30 9985
2018-08-13T21:05Z 45 3 11 79 0 40 31 9985
2018-08-13T21:10Z 45 4 11 79 0 40 31 9984
2018-08-13T21:15Z 45 1 13 79 0 40 31 9984
2018-08-13T21:20Z 45 3 12 79 0 40 31 9984
2018-08-13T21:25Z 45 3 12 79 0 40 31 9983
2018-08-13T21:30Z 45 4 14 79 0 40 31 9984
2018-08-13T21:35Z 45 3 14 79 0 40 31 9985
2018-08-13T21:40Z 45 4 10 79 0 40 31 9986
2018-08-13T21:45Z 45 0 12 79 0 40 31 9986
2018-08-13T21:50Z 45 1 12 79 0 40 31 9986
2018-08-13T21:55Z 45 6 15 79 0 40 31 9986
2018-08-13T22:00Z 45 6 16 79 0 40 31 9986
2018-08-13T22:05Z 45 5 16 79 0 40 31 9986
2018-08-13T22:10Z 45 3 14 79 0 40 31 9987
2018-08-13T22:16Z 45 7 17 79 0 40 31 9985
2018-08-13T22:21Z 45 9 22 79 0 40 31 9988
2018-08-13T22:26Z 45 3 22 79 0 40 31 9987
2018-08-13T22:31Z 45 0 13 79 0 40 30 9988
2018-08-13T22:36Z 45 5 12 79 0 40 30 9988
2018-08-13T22:41Z 45 6 15 79 0 40 30 9988
2018-08-13T22:46Z 45 6 17 79 0 40 30 9988
2018-08-13T22:51Z 45 3 19 79 0 40 30 9988
2018-08-13T22:56Z 45 4 19 79 0 40 30 9989
2018-08-13T23:01Z 45 3 9 79 0 40 30 9989
2018-08-13T23:06Z 45 3 12 79 0 40 30 9990
2018-08-13T23:11Z 45 2 12 79 0 40 30 9990
2018-08-13T23:16Z 45 2 11 80 0 40 30 9991
2018-08-13T23:21Z 45 2 9 80 0 40 30 9991
2018-08-13T23:26Z 45 3 10 80 0 40 30 9990
2018-08-13T23:31Z 45 4 10 80 0 40 29 9992
2018-08-13T23:36Z 45 1 9 81 0 40 29 9993
2018-08-13T23:41Z 45 8 17 81 0 40 28 9992
2018-08-13T23:46Z 45 6 17 81 0 40 28 9992
2018-08-13T23:51Z 45 3 15 82 0 40 28 9991
2018-08-13T23:56Z 45 6 18 82 0 40 27 9993
2018-08-14T00:01Z 45 10 22 82 0 40 27 9993
2018-08-14T00:07Z 45 4 22 82 0 40 27 9994
2018-08-14T00:12Z 45 7 19 83 0 40 28 9996
2018-08-14T00:17Z 45 7 19 83 0 40 28 9995
2018-08-14T00:22Z 45 6 26 83 0 40 28 9997
2018-08-14T00:27Z 45 8 26 83 0 40 28 9997
2018-08-14T00:32Z 45 6 20 83 0 40 28 9998
2018-08-14T00:37Z 135 8 21 84 0 40 29 9999
2018-08-14T00:42Z 45 6 21 85 0 40 29 9999
2018-08-14T00:47Z 45 6 18 85 0 40 31 9998
2018-08-14T00:52Z 45 9 18 86 0 40 33 9998
2018-08-14T00:57Z 45 3 18 85 0 40 32 9999
2018-08-14T01:02Z 45 4 17 85 0 40 32 9998
2018-08-14T01:07Z 45 5 17 86 0 40 32 9999
2018-08-14T01:12Z 45 6 14 86 0 40 33 10000
2018-08-14T01:17Z 45 5 14 86 0 40 32 10000
2018-08-14T01:22Z 45 5 11 87 0 40 33 10000
2018-08-14T01:27Z 45 9 25 87 0 40 34 10001
2018-08-14T01:32Z 45 7 25 87 0 40 35 9999
2018-08-14T01:37Z 45 10 27 87 0 40 35 10000
2018-08-14T01:42Z 45 4 27 88 0 40 35 10000
2018-08-14T01:47Z 45 5 23 89 0 40 37 10001
2018-08-14T01:53Z 45 9 25 90 0 40 41 10001
2018-08-14T01:58Z 45 11 34 90 0 40 42 10002
2018-08-14T02:03Z 45 6 34 89 0 40 41 10002
2018-08-14T02:08Z 45 5 23 89 0 40 41 10001
2018-08-14T02:13Z 45 13 32 89 0 40 42 10001
2018-08-14T02:18Z 45 5 32 87 0 40 39 10000
2018-08-14T02:23Z 45 6 23 85 0 40 34 10001
2018-08-14T02:28Z 45 6 21 85 0 40 31 10001
2018-08-14T02:33Z 45 3 21 87 0 40 31 10000
2018-08-14T02:38Z 45 6 15 89 0 40 36 10001
2018-08-14T02:43Z 45 5 15 92 0 40 40 10001
2018-08-14T02:48Z 45 15 28 94 0 40 50 10000
2018-08-14T02:53Z 45 6 28 95 0 40 50 10002
2018-08-14T02:58Z 45 5 28 97 0 40 51 10001
2018-08-14T03:03Z 45 6 28 98 0 40 50 10000
2018-08-14T03:08Z 45 18 33 98 0 40 50 10001
2018-08-14T03:13Z 45 9 33 97 0 40 51 10000
2018-08-14T03:18Z 45 9 31 96 0 40 51 10000
2018-08-14T03:23Z 45 22 37 95 0 40 51 10000
2018-08-14T03:28Z 45 9 37 95 0 40 51 9999
2018-08-14T03:33Z 45 13 37 93 0 40 52 10000
2018-08-14T03:38Z 90 18 35 92 0 40 52 10001
2018-08-14T03:44Z 45 12 34 91 0 40 51 9999
2018-08-14T03:49Z 45 8 33 91 0 40 50 9998
2018-08-14T03:54Z 45 19 34 92 0 40 51 9999
2018-08-14T03:59Z 135 15 34 92 0 40 51 9998
2018-08-14T04:04Z 45 17 34 91 0 40 51 9999
2018-08-14T04:09Z 45 12 34 92 0 40 51 9999
2018-08-14T04:14Z 45 9 28 92 0 40 52 9999
2018-08-14T04:34Z 45 9 30 94 0 40 52 9992
2018-08-14T04:39Z 180 22 35 95 0 40 52 9993
2018-08-14T04:44Z 45 12 35 96 0 40 51 9992
2018-08-14T04:49Z 45 10 30 98 0 40 50 9990
2018-08-14T04:54Z 45 12 30 101 0 40 47 9990
2018-08-14T04:59Z 45 5 27 102 0 40 46 9990
2018-08-14T05:04Z 45 28 49 104 0 40 42 9990
2018-08-14T05:09Z 45 10 49 102 0 40 44 9988
2018-08-14T05:14Z 45 12 38 100 0 40 46 9987
2018-08-14T05:19Z 45 15 38 99 0 40 48 9986
2018-08-14T05:24Z 90 7 37 95 0 40 51 9987
2018-08-14T05:30Z 45 9 25 94 0 40 52 9987
2018-08-14T05:35Z 45 10 25 94 0 40 52 9983
2018-08-14T05:40Z 45 8 25 94 0 40 52 9985
2018-08-14T05:45Z 45 6 24 94 0 40 52 9985
2018-08-14T05:50Z 135 9 26 93 0 40 52 9987
2018-08-14T05:55Z 135 18 43 87 1 41 53 9989
2018-08-14T06:00Z 45 12 43 82 1 41 46 9985
2018-08-14T06:05Z 45 15 37 80 1 41 37 9989
2018-08-14T06:10Z 45 15 37 79 1 41 33 9988
2018-08-14T06:15Z 135 9 32 79 2 42 31 9987
2018-08-14T06:20Z 45 12 30 79 2 42 30 9985
2018-08-14T06:25Z 45 8 25 79 3 44 30 9984
2018-08-14T06:30Z 90 13 28 80 3 44 29 9982
2018-08-14T06:35Z 90 9 28 81 3 44 29 9982
2018-08-14T06:40Z 45 4 23 81 3 44 29 9979
2018-08-14T06:45Z 90 5 22 82 3 44 29 9980
2018-08-14T06:50Z 45 4 21 82 3 44 29 9978
2018-08-14T06:55Z 90 13 25 83 2 44 31 9980
2018-08-14T07:00Z 45 10 25 83 2 44 31 9980
2018-08-14T07:05Z 45 8 22 83 2 44 31 9979
2018-08-14T07:10Z 45 3 18 84 2 44 31 9978
2018-08-14T07:16Z 45 4 13 84 1 44 30 9977
2018-08-14T07:21Z 45 6 18 84 0 44 31 9978
2018-08-14T07:26Z 45 6 18 84 1 45 30 9979
2018-08-14T07:31Z 45 4 22 85 1 45 29 9978
2018-08-14T07:36Z 45 6 15 84 1 45 29 9980
2018-08-14T07:41Z 45 7 18 85 1 45 29 9979
2018-08-14T07:46Z 45 7 18 84 1 40 29 9978
2018-08-14T07:51Z 45 9 21 84 1 29 29 9977
2018-08-14T07:56Z 45 8 21 84 1 28 28 9976
2018-08-14T08:01Z 45 14 28 84 1 26 28 9974
2018-08-14T08:06Z 45 15 31 83 1 20 28 9973
2018-08-14T08:11Z 135 12 31 83 1 18 28 9975
2018-08-14T08:16Z 90 10 30 82 1 16 28 9976
2018-08-14T08:21Z 45 8 27 82 1 15 28 9974
2018-08-14T08:26Z 45 12 25 81 0 15 28 9973
2018-08-14T08:31Z 180 13 32 81 1 16 28 9975
2018-08-14T08:36Z 135 12 32 81 1 15 28 9976
2018-08-14T08:41Z 45 11 31 80 1 15 29 9978
2018-08-14T08:46Z 45 23 55 79 10 23 29 9978
2018-08-14T08:51Z 45 21 55 78 16 28 30 9979
2018-08-14T08:56Z 135 28 53 78 16 28 31 9978
2018-08-14T09:01Z 90 9 53 78 18 28 32 9981
2018-08-14T09:07Z 45 14 32 77 18 28 32 9979
2018-08-14T09:12Z 45 18 43 77 18 27 32 9978
2018-08-14T09:17Z 45 16 43 77 19 28 32 9979
2018-08-14T09:22Z 90 15 42 76 19 28 31 9977
2018-08-14T09:27Z 45 12 42 76 19 27 31 9977
2018-08-14T09:32Z 90 20 37 76 18 27 31 9978
2018-08-14T09:37Z 90 12 36 76 18 27 30 9978
2018-08-14T09:42Z 135 13 36 76 18 27 30 9978
2018-08-14T09:47Z 90 9 28 76 9 26 30 9979
2018-08-14T09:52Z 45 7 24 76 2 26 30 9979
2018-08-14T09:57Z 135 8 32 76 2 26 30 9979
2018-08-14T10:02Z 45 8 32 76 1 26 31 9979
2018-08-14T10:07Z 45 11 22 76 1 26 31 9978
2018-08-14T10:12Z 45 12 30 76 1 26 30 9980
2018-08-14T10:17Z 45 10 31 76 0 26 30 9980
2018-08-14T10:22Z 45 11 31 76 0 26 30 9980
2018-08-14T10:27Z 90 15 26 76 0 26 30 9980
2018-08-14T10:32Z 45 15 31 76 0 26 30 9980
2018-08-14T10:37Z 45 13 31 76 0 26 30 9981
2018-08-14T10:42Z 180 17 37 76 0 26 30 9981
2018-08-14T10:47Z 135 12 37 77 0 26 30 9982
2018-08-14T10:53Z 135 12 32 77 0 26 30 9984
2018-08-14T10:58Z 180 16 37 77 0 26 30 9983
2018-08-14T11:03Z 135 11 37 77 0 26 30 9983
2018-08-14T11:08Z 135 10 26 77 0 26 30 9984
2018-08-14T11:13Z 180 12 25 76 0 26 30 9984
2018-08-14T11:18Z 45 11 25 76 0 26 30 9984
2018-08-14T11:23Z 45 15 35 77 0 26 30 9984
2018-08-14T11:28Z 90 9 35 76 0 26 30 9985
2018-08-14T11:33Z 135 12 34 77 0 26 30 9984
2018-08-14T11:38Z 45 12 22 77 0 26 30 9985
2018-08-14T11:43Z 45 9 25 77 0 26 30 9983
2018-08-14T11:48Z 135 13 28 77 0 26 30 9983
2018-08-14T11:53Z 45 12 28 77 0 26 30 9983
2018-08-14T11:58Z 45 12 28 77 0 26 30 9982
2018-08-14T12:03Z 45 13 25 77 0 26 30 9981
2018-08-14T12:08Z 45 9 34 77 0 26 30 9981
2018-08-14T12:13Z 90 8 34 77 0 26 30 9983
2018-08-14T12:18Z 45 9 18 77 0 26 30 9983
2018-08-14T12:23Z 135 6 18 77 0 26 30 9985
2018-08-14T12:28Z 45 8 22 77 0 26 30 9984
2018-08-14T12:33Z 45 9 22 77 0 26 30 9986
2018-08-14T12:38Z 45 7 22 77 0 26 30 9986
2018-08-14T12:44Z 45 4 18 77 0 26 30 9989
2018-08-14T12:49Z 90 6 15 77 0 26 30 9989
2018-08-14T12:54Z 45 4 15 76 0 26 30 9992
2018-08-14T12:59Z 135 7 12 77 0 26 31 9992
2018-08-14T13:04Z 45 4 12 77 0 26 31 9994
2018-08-14T13:09Z 45 4 11 76 0 26 31 9994
2018-08-14T13:14Z 90 4 12 76 0 26 31 9996
2018-08-14T13:19Z 45 3 12 76 0 26 31 9997
2018-08-14T13:24Z 180 5 12 76 0 26 31 9998
2018-08-14T13:29Z 45 5 15 76 0 26 31 9999
2018-08-14T13:34Z 180 4 15 76 0 26 31 10000
2018-08-14T13:39Z 180 6 11 76 0 26 31 10001
2018-08-14T13:44Z 45 6 12 76 0 26 31 10001
2018-08-14T13:49Z 45 7 12 76 0 26 31 10003
2018-08-14T13:54Z 45 6 14 76 0 26 31 10003
2018-08-14T13:59Z 45 3 15 76 0 26 31 10004
2018-08-14T14:04Z 45 3 15 76 0 26 31 10005
2018-08-14T14:09Z 45 4 12 76 0 26 31 10007
2018-08-14T14:14Z 45 4 12 76 0 26 31 10008
2018-08-14T14:19Z 45 10 18 76 0 26 31 10008
2018-08-14T14:24Z 45 1 22 76 0 26 31 10008
2018-08-14T14:30Z 45 4 22 76 0 26 31 10010
2018-08-14T14:35Z 45 4 20 76 0 26 31 10011
2018-08-14T14:40Z 45 2 20 76 0 26 31 10012
2018-08-14T14:45Z 45 2 15 76 0 26 31 10012
2018-08-14T14:50Z 45 3 13 76 0 26 32 10013
2018-08-14T14:55Z 45 0 13 76 0 26 32 10013
2018-08-14T15:00Z 45 3 8 76 1 27 32 10013
2018-08-14T15:05Z 45 4 9 76 1 27 32 10014
2018-08-14T15:10Z 45 1 9 76 1 27 32 10015
2018-08-14T15:15Z 135 1 9 76 1 27 32 10015
2018-08-14T15:20Z 45 3 8 76 1 27 32 10015
2018-08-14T15:25Z 45 3 9 76 1 27 32 10014
2018-08-14T15:30Z 45 3 9 76 1 27 32 10014
2018-08-14T15:35Z 180 6 19 76 1 27 32 10014
2018-08-14T15:40Z 45 6 19 76 1 27 32 10014
2018-08-14T15:45Z 90 6 15 76 1 27 32 10014
2018-08-14T15:50Z 45 5 15 76 1 27 32 10014
2018-08-14T15:55Z 90 6 15 76 1 27 32 10013
2018-08-14T16:00Z 90 6 15 76 0 27 32 10011
2018-08-14T16:05Z 90 6 13 76 0 27 32 10011
2018-08-14T16:10Z 45 7 16 76 0 27 32 10010
2018-08-14T16:15Z 45 8 17 76 0 27 32 10010
2018-08-14T16:21Z 135 8 17 76 0 27 31 10008
2018-08-14T16:26Z 45 8 15 76 0 27 31 10005
2018-08-14T16:31Z 45 9 15 76 0 27 31 10004
2018-08-14T16:36Z 135 9 16 76 0 27 31 10003
2018-08-14T16:41Z 45 7 16 76 0 27 31 10004
2018-08-14T16:46Z 45 6 12 76 0 27 31 10005
2018-08-14T16:51Z 180 5 12 76 0 27 31 10005
2018-08-14T16:56Z 45 5 13 76 0 27 31 10003
2018-08-14T17:01Z 45 4 13 76 0 27 31 10003
2018-08-14T17:06Z 135 3 12 76 0 27 31 10003
2018-08-14T17:11Z 45 2 9 76 0 27 31 10002
2018-08-14T17:16Z 45 3 9 76 0 27 31 10002
2018-08-14T17:21Z 135 3 11 76 0 27 31 10003
2018-08-14T17:26Z 135 4 12 76 0 27 31 10001
2018-08-14T17:31Z 135 9 18 76 0 26 31 10001
2018-08-14T17:36Z 45 6 18 76 0 26 31 10001
2018-08-14T17:41Z 135 6 15 76 0 26 31 10001
2018-08-14T17:46Z 45 3 12 76 0 26 31 10001
2018-08-14T17:51Z 45 8 15 76 0 26 31 10001
2018-08-14T17:56Z 180 7 16 76 0 26 31 10000
2018-08-14T18:01Z 135 9 16 76 0 26 31 9999
2018-08-14T18:07Z 180 10 21 76 0 26 31 10000
2018-08-14T18:12Z 45 9 25 76 0 26 31 9999
2018-08-14T18:17Z 90 10 25 76 0 26 31 10001
2018-08-14T18:22Z 135 9 19 76 0 26 31 10001
2018-08-14T18:27Z 135 11 19 76 0 26 31 9999
2018-08-14T18:32Z 180 9 21 76 1 27 31 9999
2018-08-14T18:37Z 225 7 21 76 1 27 31 9998
2018-08-14T18:42Z 45 9 20 76 1 27 31 9997
2018-08-14T18:47Z 45 8 20 76 1 27 31 9998
2018-08-14T18:52Z 45 4 17 76 1 27 31 9997
2018-08-14T18:57Z 45 9 17 76 1 27 31 9999
2018-08-14T19:02Z 45 7 15 76 1 27 31 9998
2018-08-14T19:07Z 45 6 15 76 1 27 31 9997
2018-08-14T19:12Z 45 4 18 76 1 27 31 9996
2018-08-14T19:17Z 45 3 18 76 1 27 31 9997
2018-08-14T19:22Z 45 8 15 76 1 27 31 9997
2018-08-14T19:27Z 135 7 18 76 1 27 31 9998
2018-08-14T19:32Z 45 2 18 76 0 27 31 9997
2018-08-14T19:37Z 45 3 12 76 0 27 31 9997
2018-08-14T19:42Z 90 4 11 76 0 27 31 9995
2018-08-14T19:47Z 45 3 12 76 0 27 31 9996
2018-08-14T19:52Z 45 5 12 76 0 27 31 9996
2018-08-14T19:58Z 90 5 12 76 0 27 31 9996
2018-08-14T20:03Z 180 5 16 76 0 27 31 9996
2018-08-14T20:08Z 180 5 16 76 0 27 31 9995
2018-08-14T20:13Z 90 5 11 76 0 27 31 9994
2018-08-14T20:18Z 90 2 11 76 0 27 31 9994
2018-08-14T20:23Z 45 3 9 76 0 27 31 9994
2018-08-14T20:28Z 45 3 11 76 0 27 31 9994
2018-08-14T20:33Z 45 3 11 76 0 27 31 9994
2018-08-14T20:38Z 45 3 14 76 0 27 31 9994
2018-08-14T20:43Z 45 3 14 76 0 27 31 9995
2018-08-15T05:19Z 45 18 55 95 0 27 51 9994
2018-08-15T05:24Z 45 15 55 93 0 27 52 9989
2018-08-15T05:53Z 0 0 0 0 0 0 0 0
2018-08-15T05:58Z 0 0 0 0 0 0 0 0
2018-08-15T06:09Z 45 9 27 96 0 0 51 9987
2018-08-15T06:14Z 45 15 37 95 0 0 51 9987
2018-08-15T06:19Z 45 21 42 94 0 0 52 9985
2018-08-15T06:24Z 90 18 42 92 0 0 53 9984
2018-08-15T06:29Z 45 19 41 92 0 0 53 9984
2018-08-15T06:34Z 45 23 48 91 0 0 53 9982
2018-08-15T06:39Z 45 19 48 91 0 0 53 9982
2018-08-15T06:44Z 45 16 41 91 0 0 53 9982
2018-08-15T06:49Z 45 16 42 92 0 0 53 9983
2018-08-15T06:54Z 45 16 42 92 0 0 53 9984
2018-08-15T06:59Z 45 18 50 93 0 0 52 9986
2018-08-15T07:04Z 90 12 51 92 0 0 53 9986
2018-08-15T07:09Z 45 24 51 92 0 0 53 9984
2018-08-15T07:14Z 45 25 50 92 0 0 53 9985
2018-08-15T07:19Z 135 18 50 92 0 0 53 9984
2018-08-15T07:24Z 45 17 41 92 0 0 53 9983
2018-08-15T07:30Z 45 24 40 92 0 0 53 9984
2018-08-15T07:35Z 45 13 44 92 0 0 54 9985
2018-08-15T07:40Z 45 15 44 92 0 0 54 9986
2018-08-15T07:45Z 45 26 39 91 0 0 54 9985
2018-08-15T07:50Z 90 15 39 91 0 0 53 9983
2018-08-15T07:55Z 45 20 38 91 0 0 53 9984
2018-08-15T08:00Z 45 18 40 90 0 0 52 9983
2018-08-15T08:05Z 45 18 40 89 0 0 51 9982
2018-08-15T08:10Z 45 19 40 89 0 0 50 9982
2018-08-15T08:15Z 45 17 40 88 0 0 48 9981
2018-08-15T08:20Z 135 24 40 87 0 0 47 9982
2018-08-15T08:25Z 180 26 45 87 0 0 46 9981
2018-08-15T08:30Z 45 25 45 87 0 0 45 9981
2018-08-15T08:35Z 45 14 40 87 0 0 43 9979
2018-08-15T08:40Z 45 15 37 87 0 0 43 9980
2018-08-15T08:45Z 45 20 37 87 0 0 42 9979
2018-08-15T08:50Z 45 23 44 87 0 0 42 9980
2018-08-15T08:55Z 90 18 44 86 0 0 40 9982
2018-08-15T09:00Z 90 18 35 86 0 0 40 9980
2018-08-15T09:06Z 90 22 39 86 0 0 39 9980
2018-08-15T09:11Z 45 12 39 86 0 0 38 9979
2018-08-15T09:16Z 180 16 33 85 0 0 37 9978
2018-08-15T09:21Z 135 16 33 85 0 0 36 9978
2018-08-15T09:26Z 135 18 30 84 0 0 35 9979
2018-08-15T09:31Z 135 18 33 84 0 0 34 9979
2018-08-15T09:36Z 45 5 33 84 0 0 33 9979
2018-08-15T09:41Z 45 12 27 84 0 0 33 9979
2018-08-15T09:46Z 135 8 26 84 0 0 33 9979
2018-08-15T09:51Z 45 9 26 85 0 0 34 9980
2018-08-15T09:56Z 90 13 25 85 0 0 34 9980
2018-08-15T10:01Z 45 9 25 85 0 0 34 9979
2018-08-15T10:06Z 90 9 20 85 0 0 34 9980
2018-08-15T10:11Z 45 10 19 85 0 0 34 9979
2018-08-15T10:16Z 90 12 31 84 0 0 34 9979
2018-08-15T10:21Z 45 16 31 84 0 0 33 9980
2018-08-15T10:26Z 45 9 26 84 0 0 32 9979
2018-08-15T10:31Z 90 13 28 84 0 0 32 9979
2018-08-15T10:37Z 90 12 36 84 0 0 31 9979
2018-08-15T10:42Z 45 10 36 84 0 0 31 9979
2018-08-15T10:47Z 180 14 29 84 0 0 31 9979
2018-08-15T10:52Z 180 13 29 83 0 0 31 9980
2018-08-15T10:57Z 135 13 26 83 0 0 31 9982
2018-08-15T11:02Z 90 15 29 83 0 0 31 9982
2018-08-15T11:07Z 135 16 33 83 0 0 31 9981
2018-08-15T11:12Z 135 18 34 83 0 0 31 9982
2018-08-15T11:17Z 45 15 34 83 0 0 31 9983
2018-08-15T11:22Z 45 11 32 83 0 0 31 9982
2018-08-15T11:27Z 45 9 30 82 0 0 31 9983
2018-08-15T11:32Z 45 6 25 82 0 0 31 9984
2018-08-15T11:37Z 45 9 27 82 0 0 31 9984
2018-08-15T11:42Z 135 12 27 82 0 0 31 9984
2018-08-15T11:47Z 45 14 25 82 0 0 31 9983
2018-08-15T11:52Z 90 10 28 82 0 0 31 9982
2018-08-15T11:57Z 45 9 28 82 0 0 31 9983
2018-08-15T12:02Z 45 15 28 82 0 0 31 9984
2018-08-15T12:08Z 90 18 31 82 0 0 31 9984
2018-08-15T12:13Z 90 12 31 82 0 0 30 9984
2018-08-15T12:18Z 135 11 28 82 0 0 30 9985
2018-08-15T12:23Z 45 12 27 82 0 0 29 9987
2018-08-15T12:28Z 45 11 27 82 0 0 29 9985
2018-08-15T12:33Z 45 13 22 82 0 0 29 9986
2018-08-15T12:38Z 45 10 22 82 0 0 29 9987
2018-08-15T12:43Z 45 15 33 82 0 0 29 9988
2018-08-15T12:48Z 90 11 33 81 0 0 29 9987
2018-08-15T12:53Z 45 12 29 81 0 0 29 9989
2018-08-15T12:58Z 45 9 29 81 0 0 29 9989
2018-08-15T13:03Z 45 13 25 81 0 0 29 9990
2018-08-15T13:08Z 45 10 28 81 0 0 29 9991
2018-08-15T13:13Z 45 10 30 81 0 0 29 9990
2018-08-15T13:18Z 90 9 30 81 0 0 29 9993
2018-08-15T13:23Z 45 10 24 81 0 0 29 9993
2018-08-15T13:28Z 45 9 24 81 0 0 29 9994
2018-08-15T13:33Z 45 15 25 81 0 0 29 9994
2018-08-15T13:39Z 45 12 28 81 0 0 29 9995
2018-08-15T13:44Z 45 18 29 81 0 0 29 9994
2018-08-15T13:49Z 45 9 29 81 0 0 29 9995
2018-08-15T13:54Z 45 12 28 81 0 0 29 9996
2018-08-15T13:59Z 45 15 30 81 0 0 28 9996
2018-08-15T14:04Z 45 15 30 81 0 0 28 9998
2018-08-15T14:09Z 45 21 31 81 0 0 28 10000
2018-08-15T14:14Z 45 10 31 81 0 0 28 10000
2018-08-15T14:19Z 45 19 32 81 0 0 28 10000
2018-08-15T14:24Z 45 15 32 80 0 0 28 10000
2018-08-15T14:29Z 45 9 32 80 0 0 28 10003
2018-08-15T14:34Z 45 8 30 80 0 0 28 10002
2018-08-15T14:39Z 45 11 30 80 0 0 28 10001
2018-08-15T14:44Z 45 10 26 80 0 0 28 10001
2018-08-15T14:49Z 45 9 26 80 0 0 28 10003
2018-08-15T14:54Z 45 12 23 81 0 0 28 10003
2018-08-15T14:59Z 45 11 23 81 0 0 28 10003
2018-08-15T15:04Z 45 9 22 81 0 0 28 10002
2018-08-15T15:10Z 45 8 23 81 0 0 28 10003
2018-08-15T15:15Z 45 9 23 81 0 0 28 10002
2018-08-15T15:20Z 45 6 25 81 0 0 28 10002
2018-08-15T15:25Z 45 10 25 81 0 0 28 10002
2018-08-15T15:30Z 45 15 31 81 0 0 28 10001
2018-08-15T15:35Z 45 19 31 81 0 0 28 10001
2018-08-15T15:40Z 90 13 33 81 0 0 28 10000
2018-08-15T15:45Z 45 9 33 81 0 0 28 10001
2018-08-15T15:50Z 45 12 27 81 0 0 28 10001
2018-08-15T15:55Z 45 14 27 81 0 0 28 10001
2018-08-15T16:00Z 45 12 27 81 0 0 28 10001
2018-08-15T16:05Z 45 16 31 81 0 0 28 10002
2018-08-15T16:10Z 90 15 34 81 0 0 28 10001
2018-08-15T16:15Z 135 9 34 81 0 0 27 10000
2018-08-15T16:20Z 90 10 34 81 0 0 27 10001
2018-08-15T16:25Z 90 13 34 81 0 0 27 10001
2018-08-15T16:30Z 90 15 31 81 0 0 27 10001
2018-08-15T16:35Z 45 15 31 81 0 0 27 10000
2018-08-15T16:41Z 45 12 28 81 0 0 27 10000
2018-08-15T16:46Z 45 14 28 81 0 0 27 10000
2018-08-15T16:51Z 45 14 28 81 0 0 27 9998
2018-08-15T16:56Z 45 10 28 81 0 0 27 9999
2018-08-15T17:01Z 45 10 28 81 0 0 27 9998
2018-08-15T17:06Z 45 9 28 81 0 0 27 9996
2018-08-15T17:11Z 45 15 28 81 0 0 27 9996
2018-08-15T17:16Z 45 11 32 81 0 0 27 9996
2018-08-15T17:21Z 45 15 32 81 0 0 27 9996
2018-08-15T17:26Z 45 9 26 80 0 0 27 9996
2018-08-15T17:31Z 45 14 24 80 0 0 27 9996
2018-08-15T17:36Z 45 14 25 80 0 0 27 9995
2018-08-15T17:41Z 45 14 28 80 0 0 27 9994
2018-08-15T17:46Z 180 15 28 80 0 0 27 9995
2018-08-15T17:51Z 45 17 30 80 0 0 27 9993
2018-08-15T17:56Z 45 10 30 80 0 0 27 9992
2018-08-15T18:01Z 45 12 29 80 0 0 27 9991
2018-08-15T18:06Z 45 18 32 80 0 0 27 9991
2018-08-15T18:12Z 90 13 32 80 0 0 27 9991
2018-08-15T18:17Z 45 13 27 80 0 0 27 9992
2018-08-15T18:22Z 45 10 25 80 0 0 27 9992
2018-08-15T18:27Z 45 10 25 80 0 0 27 9991
2018-08-15T18:32Z 45 8 23 80 0 0 27 9990
2018-08-15T18:37Z 45 9 24 80 0 0 27 9989
2018-08-15T18:42Z 45 12 25 80 0 0 27 9991
2018-08-15T18:47Z 45 12 25 80 0 0 27 9990
2018-08-15T18:52Z 45 12 32 80 0 0 27 9988
2018-08-15T18:57Z 180 9 32 80 0 0 27 9988
2018-08-15T19:02Z 45 14 30 80 0 0 27 9987
2018-08-15T19:07Z 45 14 29 80 0 0 27 9988
2018-08-15T19:12Z 45 9 25 80 0 0 27 9987
2018-08-15T19:17Z 45 9 19 80 0 0 28 9987
2018-08-15T19:22Z 45 14 24 80 0 0 28 9988
2018-08-15T19:27Z 45 9 24 80 0 0 27 9987
2018-08-15T19:32Z 90 10 23 80 0 0 27 9986
2018-08-15T19:37Z 90 11 28 80 0 0 27 9986
2018-08-15T19:43Z 225 16 28 80 0 0 27 9986
2018-08-15T19:48Z 180 15 28 80 0 0 27 9986
2018-08-15T19:53Z 45 18 28 80 0 0 27 9985
2018-08-15T19:58Z 45 11 29 80 0 0 27 9985
2018-08-15T20:03Z 180 15 29 80 0 0 27 9984
2018-08-15T20:08Z 45 18 31 80 0 0 27 9982
2018-08-15T20:13Z 135 12 31 80 0 0 27 9984
2018-08-15T20:18Z 45 15 31 80 0 0 27 9984
2018-08-15T20:23Z 45 9 30 80 0 0 27 9984
2018-08-15T20:28Z 45 14 31 80 0 0 27 9984
2018-08-15T20:33Z 45 13 31 80 0 0 27 9983
2018-08-15T20:38Z 90 15 32 80 0 0 27 9984
2018-08-15T20:43Z 45 12 32 80 0 0 27 9982
2018-08-15T20:48Z 45 16 31 80 0 0 27 9983
2018-08-15T20:53Z 90 14 31 80 0 0 27 9982
2018-08-15T20:58Z 45 15 26 80 0 0 28 9983
2018-08-15T21:03Z 45 11 26 80 0 0 28 9983
2018-08-15T21:08Z 90 17 34 80 0 0 28 9982
2018-08-15T21:14Z 45 16 34 80 0 0 28 9982
2018-08-15T21:19Z 135 12 34 80 0 0 28 9983
2018-08-15T21:24Z 90 12 31 80 0 0 28 9982
2018-08-15T21:29Z 45 16 36 80 0 0 28 9982
2018-08-15T21:34Z 90 12 36 80 0 0 28 9982
2018-08-15T21:39Z 90 17 34 80 0 0 28 9982
2018-08-15T21:44Z 90 15 34 80 0 0 28 9982
2018-08-15T21:49Z 45 13 27 80 0 0 28 9982
2018-08-15T21:54Z 45 12 27 80 0 0 28 9983
2018-08-15T21:59Z 90 14 28 80 0 0 29 9982
2018-08-15T22:04Z 45 15 28 80 0 0 29 9981
2018-08-15T22:09Z 180 15 29 80 0 0 29 9980
2018-08-15T22:14Z 45 13 29 80 0 0 29 9979
2018-08-15T22:19Z 90 9 27 79 0 0 28 9980
2018-08-15T22:24Z 45 14 29 79 0 0 29 9980
2018-08-15T22:29Z 135 10 29 79 0 0 29 9979
2018-08-15T22:34Z 135 12 23 79 0 0 29 9981
2018-08-15T22:39Z 90 14 26 79 0 0 29 9979
2018-08-15T22:45Z 45 11 26 79 0 0 29 9979
2018-08-15T22:50Z 45 14 23 79 0 0 29 9980
2018-08-15T22:55Z 135 12 25 79 0 0 29 9979
2018-08-15T23:00Z 135 11 25 79 0 0 29 9979
2018-08-15T23:05Z 90 10 23 79 0 0 29 9978
2018-08-15T23:10Z 135 11 23 79 0 0 29 9980
2018-08-15T23:15Z 45 12 26 79 0 0 29 9982
2018-08-15T23:20Z 45 11 28 80 0 0 29 9980
2018-08-15T23:25Z 45 11 28 80 0 0 28 9981
2018-08-15T23:30Z 45 10 26 80 0 0 28 9980
2018-08-15T23:35Z 90 12 31 80 0 0 28 9979
2018-08-15T23:40Z 45 14 31 81 0 0 27 9981
2018-08-15T23:45Z 45 11 25 81 0 0 27 9982
2018-08-15T23:50Z 45 10 26 81 0 0 27 9983
2018-08-15T23:55Z 90 9 31 81 0 0 27 9984
2018-08-16T00:00Z 90 10 31 81 0 0 26 9986
2018-08-16T00:05Z 45 9 23 82 0 0 26 9986
2018-08-16T00:10Z 90 9 20 82 0 0 26 9986
2018-08-16T00:15Z 45 8 20 83 0 0 26 9985
2018-08-16T00:21Z 45 7 16 84 0 0 26 9986
2018-08-16T00:26Z 45 15 28 85 0 0 26 9986
2018-08-16T00:31Z 45 12 34 85 0 0 26 9987
2018-08-16T00:36Z 45 11 34 86 0 0 27 9987
2018-08-16T00:41Z 45 11 28 87 0 0 28 9989
2018-08-16T00:46Z 90 12 33 87 0 0 29 9990
2018-08-16T00:51Z 45 12 33 87 0 0 32 9991
2018-08-16T00:56Z 135 12 31 87 0 0 32 9990
2018-08-16T01:01Z 45 6 29 88 0 0 33 9989
2018-08-16T01:06Z 45 8 26 89 0 0 38 9989
2018-08-16T01:11Z 45 15 32 89 0 0 40 9990
2018-08-16T01:16Z 90 22 38 89 0 0 40 9990
2018-08-16T01:21Z 45 13 40 89 0 0 39 9991
2018-08-16T01:26Z 90 18 40 89 0 0 40 9991
2018-08-16T01:31Z 45 13 36 89 0 0 39 9992
2018-08-16T01:36Z 45 22 38 88 0 0 39 9991
2018-08-16T01:41Z 45 15 38 88 0 0 37 9992
2018-08-16T01:46Z 45 16 37 88 0 0 37 9993
2018-08-16T01:52Z 90 20 45 88 0 0 38 9993
2018-08-16T01:57Z 45 13 45 88 0 0 38 9993
2018-08-16T02:02Z 90 12 26 89 0 0 40 9993
2018-08-16T02:07Z 45 10 34 89 0 0 40 9992
2018-08-16T02:12Z 90 12 34 90 0 0 42 9993
2018-08-16T02:17Z 45 23 37 90 0 0 44 9993
2018-08-16T02:22Z 45 13 37 91 0 0 44 9991
2018-08-16T02:27Z 45 10 26 92 0 0 45 9991
2018-08-16T02:32Z 45 13 26 94 0 0 49 9992
2018-08-16T02:37Z 45 15 34 96 0 0 50 9992
2018-08-16T02:42Z 135 18 34 95 0 0 51 9992
2018-08-16T02:47Z 180 19 39 93 0 0 50 9991
2018-08-16T02:52Z 45 16 39 93 0 0 50 9990
2018-08-16T02:57Z 45 12 36 96 0 0 51 9992
2018-08-16T03:02Z 45 22 44 98 0 0 50 9992
2018-08-16T03:07Z 45 8 44 98 0 0 50 9993
2018-08-16T03:12Z 45 10 36 100 0 0 48 9991
2018-08-16T03:17Z 45 22 56 100 0 0 47 9991
2018-08-16T03:23Z 45 18 56 99 0 0 47 9991
2018-08-16T03:28Z 90 18 40 100 0 0 46 9989
2018-08-16T03:33Z 135 15 47 99 0 0 47 9989
2018-08-16T03:38Z 45 14 47 100 0 0 47 9989
2018-08-16T03:43Z 45 30 60 99 0 0 46 9989
2018-08-16T03:48Z 45 19 62 97 0 0 49 9986
2018-08-16T03:53Z 45 14 50 98 0 0 48 9989
2018-08-16T03:58Z 45 18 50 99 0 0 48 9986
2018-08-16T04:03Z 45 13 44 100 0 0 46 9984
2018-08-16T04:08Z 45 16 44 102 0 0 43 9987
2018-08-16T04:13Z 45 15 44 103 0 0 43 9983
2018-08-16T04:18Z 90 24 44 103 0 0 42 9984
2018-08-16T04:23Z 45 27 56 101 0 0 43 9983
2018-08-16T04:28Z 45 15 60 101 0 0 44 9976
2018-08-16T04:33Z 45 11 60 101 0 0 43 9978
2018-08-16T04:38Z 45 27 52 101 0 0 41 9979
2018-08-16T04:43Z 45 19 60 100 0 0 43 9977
2018-08-16T04:48Z 90 19 60 99 0 0 44 9978
2018-08-16T04:54Z 45 13 53 100 0 0 44 9977
2018-08-16T04:59Z 90 12 28 102 0 0 42 9976
2018-08-16T05:04Z 45 10 37 102 0 0 42 9973
2018-08-16T05:09Z 45 22 50 101 0 0 42 9977
2018-08-16T05:14Z 45 12 50 101 0 0 42 9973
2018-08-16T05:19Z 90 11 45 101 0 0 43 9975
2018-08-16T05:24Z 45 9 28 99 0 0 45 9974
2018-08-16T05:29Z 45 10 31 98 0 0 47 9971
2018-08-16T05:34Z 45 9 31 97 0 0 48 9972
2018-08-16T05:39Z 45 13 29 96 0 0 49 9969
2018-08-16T05:44Z 45 22 47 96 0 0 48 9969
2018-08-16T05:49Z 45 12 47 98 0 0 47 9968
2018-08-16T05:54Z 45 16 37 98 0 0 46 9967
2018-08-16T05:59Z 45 15 37 98 0 0 46 9967
2018-08-16T06:04Z 45 14 40 100 0 0 45 9967
2018-08-16T06:09Z 45 19 47 102 0 0 42 9969
2018-08-16T06:14Z 45 14 47 101 0 0 42 9965
2018-08-16T06:19Z 45 26 58 99 0 0 45 9964
2018-08-16T06:25Z 45 26 58 99 0 0 45 9969
2018-08-16T06:30Z 90 14 44 98 0 0 46 9962
2018-08-16T06:35Z 90 18 59 98 0 0 46 9965
2018-08-16T06:40Z 45 19 59 96 0 0 49 9963
2018-08-16T06:45Z 45 14 40 93 0 0 51 9964
2018-08-16T06:50Z 45 11 40 92 0 0 52 9963
2018-08-16T06:55Z 45 17 34 92 0 0 52 9960
2018-08-16T07:00Z 90 7 34 92 0 0 52 9962
2018-08-16T07:05Z 45 7 33 93 0 0 52 9959
2018-08-16T07:10Z 45 9 31 93 0 0 52 9959
2018-08-16T07:15Z 45 14 31 96 0 0 49 9959
2018-08-16T07:20Z 45 15 40 97 0 0 47 9961
2018-08-16T07:25Z 45 15 40 98 0 0 47 9959
2018-08-16T07:30Z 45 26 54 98 0 0 45 9961
2018-08-16T07:35Z 45 20 54 96 0 0 48 9959
2018-08-16T07:40Z 90 16 45 94 0 0 51 9960
2018-08-16T07:45Z 45 35 63 92 0 0 52 9960
2018-08-16T07:50Z 90 22 63 91 0 0 53 9959
2018-08-16T07:56Z 45 26 56 93 0 0 52 9958
2018-08-16T08:01Z 45 31 56 95 0 0 50 9956
2018-08-16T08:06Z 45 18 61 97 0 0 48 9955
2018-08-16T08:11Z 45 22 61 98 0 0 46 9960
2018-08-16T08:16Z 45 20 52 96 0 0 48 9958
2018-08-16T08:21Z 45 25 52 95 0 0 50 9958
2018-08-16T08:26Z 45 16 52 94 0 0 52 9957
2018-08-16T08:31Z 45 22 52 95 0 0 51 9956
2018-08-16T08:36Z 45 24 63 95 0 0 50 9958
2018-08-16T08:41Z 45 25 63 93 0 0 52 9957
2018-08-16T08:46Z 45 23 51 92 0 0 53 9957
2018-08-16T08:51Z 45 22 61 92 0 0 52 9957
2018-08-16T08:56Z 45 29 61 94 0 0 51 9957
2018-08-16T09:01Z 45 25 56 94 0 0 51 9957
2018-08-16T09:06Z 90 26 62 94 0 0 49 9959
2018-08-16T09:11Z 90 22 62 94 0 0 50 9959
2018-08-16T09:16Z 45 16 51 94 0 0 51 9958
2018-08-16T09:21Z 45 17 51 94 0 0 52 9956
2018-08-16T09:27Z 45 13 38 94 0 0 52 9954
2018-08-16T09:32Z 45 19 39 93 0 0 52 9955
2018-08-16T09:37Z 90 19 51 92 0 0 53 9956
2018-08-16T09:42Z 45 25 57 91 0 0 54 9954
2018-08-16T09:47Z 45 29 57 91 0 0 54 9954
2018-08-16T09:52Z 45 23 55 91 0 0 54 9956
2018-08-16T09:57Z 90 12 47 91 0 0 54 9954
2018-08-16T10:02Z 90 12 47 90 0 0 54 9957
2018-08-16T10:07Z 90 20 37 89 0 0 53 9956
2018-08-16T10:12Z 45 9 37 89 0 0 53 9956
2018-08-16T10:17Z 135 15 37 89 0 0 52 9957
2018-08-16T10:22Z 45 26 39 88 0 0 53 9955
2018-08-16T10:27Z 45 16 43 88 0 0 51 9957
2018-08-16T10:32Z 135 18 43 87 0 0 51 9960
2018-08-16T10:37Z 90 18 45 87 0 0 51 9960
2018-08-16T10:42Z 45 24 45 87 0 0 50 9961
2018-08-16T10:47Z 45 15 43 87 0 0 49 9960
2018-08-16T10:52Z 90 14 38 86 0 0 47 9961
2018-08-16T10:58Z 90 15 37 86 0 0 47 9961
2018-08-16T11:03Z 45 12 37 86 0 0 46 9960
2018-08-16T11:08Z 45 13 34 86 0 0 45 9962
2018-08-16T11:13Z 90 9 34 86 0 0 43 9961
2018-08-16T11:18Z 45 18 39 85 0 0 44 9962
2018-08-16T11:23Z 90 12 39 85 0 0 44 9962
2018-08-16T11:28Z 45 10 34 85 0 0 43 9962
2018-08-16T11:33Z 45 7 26 85 0 0 43 9964
2018-08-16T11:38Z 45 12 25 85 0 0 43 9964
2018-08-16T11:43Z 45 15 27 85 0 0 42 9964
2018-08-16T11:48Z 90 12 27 85 0 0 43 9965
2018-08-16T11:53Z 45 11 30 85 0 0 42 9965
2018-08-16T11:58Z 45 17 36 85 0 0 42 9966
2018-08-16T12:03Z 45 8 36 85 0 0 42 9966
2018-08-16T12:08Z 90 17 33 85 0 0 44 9966
2018-08-16T12:13Z 45 19 41 85 0 0 47 9968
2018-08-16T12:18Z 90 18 41 85 0 0 47 9968
2018-08-16T12:23Z 45 10 38 84 0 0 47 9969
2018-08-16T12:29Z 45 15 48 84 0 0 47 9969
2018-08-16T12:34Z 45 9 48 84 0 0 46 9969
2018-08-16T12:39Z 45 12 30 84 0 0 45 9969
2018-08-16T12:44Z 135 12 30 84 0 0 44 9969
2018-08-16T12:49Z 45 13 27 84 0 0 43 9970
2018-08-16T12:54Z 45 11 30 84 0 0 42 9971
2018-08-16T12:59Z 135 12 30 84 0 0 40 9971
2018-08-16T13:04Z 45 9 25 83 0 0 39 9971
2018-08-16T13:09Z 90 10 24 83 0 0 38 9971
2018-08-16T13:14Z 45 10 22 83 0 0 37 9971
2018-08-16T13:19Z 45 7 23 83 0 0 36 9971
2018-08-16T13:24Z 180 9 23 83 0 0 36 9971
2018-08-16T13:29Z 90 6 19 83 0 0 35 9973
2018-08-16T13:34Z 45 9 17 83 0 0 35 9974
2018-08-16T13:39Z 45 6 17 83 0 0 34 9975
2018-08-16T13:44Z 45 3 13 83 0 0 34 9976
2018-08-16T13:49Z 45 4 13 83 0 0 33 9978
2018-08-16T13:54Z 180 7 15 83 0 0 33 9977
2018-08-16T14:00Z 90 11 20 83 0 0 32 9978
2018-08-16T14:05Z 45 8 20 83 0 0 32 9978
2018-08-16T14:10Z 45 8 18 83 0 0 31 9977
2018-08-16T14:15Z 90 11 19 83 0 0 31 9976
2018-08-16T14:20Z 45 10 25 83 0 0 31 9977
2018-08-16T14:25Z 45 12 25 83 0 0 31 9976
2018-08-16T14:30Z 45 24 39 83 0 0 31 9975
2018-08-16T14:35Z 90 13 39 82 0 0 30 9976
2018-08-16T14:40Z 45 13 33 82 0 0 30 9975
2018-08-16T14:45Z 45 15 33 82 0 0 30 9975
2018-08-16T14:50Z 135 15 29 82 0 0 30 9975
2018-08-16T14:55Z 45 14 28 82 0 0 30 9977
2018-08-16T15:00Z 45 15 28 82 0 0 29 9976
2018-08-16T15:05Z 135 13 30 82 0 0 29 9976
2018-08-16T15:10Z 90 16 30 82 0 0 29 9975
2018-08-16T15:15Z 45 12 28 82 0 0 29 9975
2018-08-16T15:20Z 45 9 27 82 0 0 29 9975
2018-08-16T15:25Z 45 15 29 82 0 0 29 9973
2018-08-16T15:30Z 45 11 29 82 0 0 29 9972
2018-08-16T15:36Z 135 19 33 82 0 0 28 9973
2018-08-16T15:41Z 90 14 39 82 0 0 28 9974
2018-08-16T15:46Z 90 8 36 82 0 0 28 9973
2018-08-16T15:51Z 45 9 27 81 0 0 28 9972
2018-08-16T15:56Z 45 15 25 81 0 0 28 9973
2018-08-16T16:01Z 45 11 31 81 0 0 28 9969
2018-08-16T16:06Z 45 12 31 81 0 0 28 9970
2018-08-16T16:11Z 45 12 24 81 0 0 28 9970
2018-08-16T16:16Z 135 13 28 81 0 0 28 9970
2018-08-16T16:21Z 135 10 28 81 0 0 28 9968
2018-08-16T16:26Z 45 8 27 81 0 0 28 9969
2018-08-16T16:31Z 45 9 21 81 0 0 28 9969
2018-08-16T16:36Z 135 10 28 81 0 0 28 9968
2018-08-16T16:41Z 45 9 28 81 0 0 28 9968
2018-08-16T16:46Z 45 7 22 81 0 0 28 9967
2018-08-16T16:51Z 45 14 24 81 0 0 28 9968
2018-08-16T16:56Z 45 13 24 81 0 0 28 9967
2018-08-16T17:01Z 45 11 29 81 0 0 28 9966
2018-08-16T17:07Z 45 9 29 81 0 0 28 9965
2018-08-16T17:12Z 45 6 27 81 0 0 28 9967
2018-08-16T17:17Z 45 10 21 81 0 0 28 9966
2018-08-16T17:22Z 90 12 25 81 0 0 28 9966
2018-08-16T17:27Z 45 8 28 81 0 0 28 9966
2018-08-16T17:32Z 45 12 28 81 0 0 28 9966
2018-08-16T17:37Z 45 12 28 81 0 0 28 9965
2018-08-16T17:42Z 45 12 24 81 0 0 28 9965
2018-08-16T17:47Z 45 12 27 80 0 0 28 9965
2018-08-16T17:52Z 45 10 27 80 0 0 28 9965
2018-08-16T17:57Z 45 12 27 80 0 0 28 9963
2018-08-16T18:07Z 90 12 30 80 0 0 28 9964
2018-08-16T18:12Z 45 15 27 80 0 0 28 9964
2018-08-16T18:17Z 180 13 42 80 0 0 28 9964
2018-08-16T18:22Z 45 12 42 80 0 0 28 9964
2018-08-16T18:27Z 90 13 31 80 0 0 28 9963
2018-08-16T18:32Z 45 12 31 80 0 0 28 9964
2018-08-16T18:38Z 45 13 30 80 0 0 28 9964
2018-08-16T18:43Z 45 7 30 80 0 0 28 9963
2018-08-16T18:48Z 45 21 35 80 0 0 28 9963
2018-08-16T18:53Z 45 13 35 80 0 0 28 9963
2018-08-16T18:58Z 90 11 28 80 0 0 28 9961
2018-08-16T19:03Z 45 11 36 80 0 0 28 9961
2018-08-16T19:08Z 45 18 36 80 0 0 28 9959
2018-08-16T19:13Z 45 13 29 80 0 0 28 9959
2018-08-16T19:18Z 45 12 29 80 0 0 28 9957
2018-08-16T19:23Z 45 18 35 80 0 0 28 9957
2018-08-16T19:28Z 45 12 35 80 0 0 28 9959
2018-08-16T19:33Z 45 16 31 80 0 0 28 9957
2018-08-16T19:38Z 45 14 31 80 0 0 27 9955
2018-08-16T19:43Z 45 12 29 80 0 0 27 9957
2018-08-16T19:48Z 45 9 29 80 0 0 27 9956
2018-08-16T19:53Z 45 13 24 80 0 0 28 9956
2018-08-16T19:58Z 45 8 24 80 0 0 28 9955
2018-08-16T20:03Z 45 10 29 80 0 0 27 9956
2018-08-16T20:09Z 45 14 29 80 0 0 27 9955
2018-08-16T20:14Z 45 14 31 80 0 0 27 9954
2018-08-16T20:19Z 45 13 36 80 0 0 27 9954
2018-08-16T20:24Z 45 10 36 80 0 0 27 9955
2018-08-16T20:29Z 45 15 34 80 0 0 27 9954
2018-08-16T20:34Z 45 17 34 80 0 0 27 9954
2018-08-16T20:39Z 45 16 39 80 0 0 27 9953
2018-08-16T20:44Z 45 12 39 80 0 0 27 9952
2018-08-16T20:49Z 45 10 29 80 0 0 27 9953
2018-08-16T20:54Z 45 15 31 80 0 0 27 9950
2018-08-16T20:59Z 45 6 31 80 0 0 27 9951
2018-08-16T21:04Z 45 13 30 80 0 0 27 9950
2018-08-16T21:09Z 45 17 38 80 0 0 27 9950
2018-08-16T21:14Z 45 9 38 80 0 0 27 9950
2018-08-16T21:19Z 45 15 31 80 0 0 28 9950
2018-08-16T21:24Z 45 9 36 80 0 0 28 9951
2018-08-16T21:29Z 45 12 36 80 0 0 28 9950
2018-08-16T21:34Z 45 10 31 80 0 0 28 9951
2018-08-16T21:40Z 45 9 28 80 0 0 28 9952
2018-08-16T21:45Z 45 9 24 80 0 0 28 9951
2018-08-16T21:50Z 45 9 31 80 0 0 28 9951
2018-08-16T21:55Z 45 7 31 80 0 0 28 9952
2018-08-16T22:00Z 45 12 27 80 0 0 28 9951
2018-08-16T22:05Z 45 8 27 80 0 0 28 9950
2018-08-16T22:10Z 45 6 22 80 0 0 28 9953
2018-08-16T22:15Z 45 6 28 80 0 0 28 9954
2018-08-16T22:20Z 45 6 28 80 0 0 28 9955
2018-08-16T22:25Z 45 6 27 80 0 0 28 9953
2018-08-16T22:30Z 45 5 28 80 0 0 28 9954
2018-08-16T22:35Z 45 7 28 80 0 0 28 9954
2018-08-16T22:40Z 45 9 27 80 0 0 28 9953
2018-08-16T22:45Z 45 5 19 80 0 0 28 9952
2018-08-16T22:50Z 45 7 28 80 0 0 28 9952
2018-08-16T22:55Z 45 7 28 80 0 0 28 9953
2018-08-16T23:00Z 45 7 27 80 0 0 28 9952
2018-08-16T23:05Z 45 15 34 80 0 0 28 9953
2018-08-16T23:11Z 45 9 36 80 0 0 27 9954
2018-08-16T23:16Z 45 8 36 81 0 0 27 9956
2018-08-16T23:21Z 45 11 34 81 0 0 27 9956
2018-08-16T23:26Z 45 5 27 81 0 0 27 9957
2018-08-16T23:31Z 45 9 24 81 0 0 27 9955
2018-08-16T23:36Z 45 7 24 82 0 0 26 9956
2018-08-16T23:41Z 45 6 31 82 0 0 26 9956
2018-08-16T23:46Z 45 9 31 82 0 0 26 9958
2018-08-16T23:51Z 45 9 28 82 0 0 26 9959
2018-08-16T23:56Z 45 12 28 83 0 0 26 9959
2018-08-17T00:01Z 45 9 30 83 0 0 26 9959
2018-08-17T00:06Z 45 6 30 84 0 0 26 9959
2018-08-17T00:11Z 45 12 27 84 0 0 26 9960
2018-08-17T00:16Z 45 22 38 84 0 0 27 9960
2018-08-17T00:21Z 90 12 39 84 0 0 27 9960
2018-08-17T00:26Z 45 20 40 85 0 0 28 9962
2018-08-17T00:31Z 45 13 40 85 0 0 28 9963
2018-08-17T00:36Z 45 27 48 85 0 0 29 9963
2018-08-17T00:42Z 45 19 48 86 0 0 30 9965
2018-08-17T00:47Z 45 24 46 86 0 0 31 9963
2018-08-17T00:52Z 45 22 46 87 0 0 32 9964
2018-08-17T00:57Z 45 22 46 86 0 0 33 9964
2018-08-17T01:02Z 45 16 40 87 0 0 34 9966
2018-08-17T01:07Z 45 11 40 88 0 0 36 9965
2018-08-17T01:12Z 135 24 41 87 0 0 36 9964
2018-08-17T01:17Z 135 15 41 87 0 0 36 9964
2018-08-17T01:22Z 45 21 44 88 0 0 39 9965
2018-08-17T01:27Z 45 23 45 89 0 0 41 9964
2018-08-17T01:32Z 45 27 59 89 0 0 42 9963
2018-08-17T01:37Z 45 28 59 89 0 0 43 9964
2018-08-17T01:42Z 45 15 51 90 0 0 44 9964
2018-08-17T01:47Z 90 22 48 90 0 0 45 9966
2018-08-17T01:52Z 90 13 48 90 0 0 45 9966
2018-08-17T01:57Z 45 12 36 91 0 0 46 9966
2018-08-17T02:02Z 45 12 34 91 0 0 47 9964
2018-08-17T02:07Z 45 21 38 92 0 0 48 9964
2018-08-17T02:13Z 45 16 46 92 0 0 48 9966
2018-08-17T02:18Z 45 18 47 90 0 0 47 9964
2018-08-17T02:23Z 90 28 52 89 0 0 46 9965
2018-08-17T02:28Z 45 9 52 91 0 0 47 9967
2018-08-17T02:33Z 135 22 53 92 0 0 50 9962
2018-08-17T02:38Z 45 18 53 91 0 0 49 9963
2018-08-17T02:43Z 135 23 38 90 0 0 48 9963
2018-08-17T02:48Z 45 11 36 91 0 0 48 9964
2018-08-17T02:53Z 45 15 39 91 0 0 49 9963
2018-08-17T02:58Z 45 18 43 91 0 0 49 9963
2018-08-17T03:03Z 45 12 43 94 0 0 51 9963
2018-08-17T03:08Z 45 22 45 97 0 0 50 9963
2018-08-17T03:13Z 90 21 45 96 0 0 51 9963
2018-08-17T03:18Z 45 31 48 96 0 0 50 9961
2018-08-17T03:23Z 45 16 59 94 0 0 51 9961
2018-08-17T03:28Z 45 21 59 92 0 0 52 9962
2018-08-17T03:33Z 45 24 46 91 0 0 51 9961
2018-08-17T03:38Z 90 5 42 92 0 0 51 9961
2018-08-17T03:44Z 45 18 40 91 0 0 51 9961
2018-08-17T03:49Z 45 17 40 90 0 0 50 9960
2018-08-17T03:54Z 45 13 40 89 0 0 46 9959
2018-08-17T03:59Z 45 13 40 92 0 0 50 9959
2018-08-17T04:04Z 45 14 37 93 0 0 52 9959
2018-08-17T04:09Z 45 15 37 93 0 0 52 9958
2018-08-17T04:14Z 45 20 51 97 0 0 50 9957
2018-08-17T04:19Z 45 20 51 98 0 0 48 9958
2018-08-17T04:24Z 45 11 44 98 0 0 49 9956
2018-08-17T04:29Z 45 22 50 97 0 0 49 9952
2018-08-17T04:34Z 45 37 61 94 0 0 51 9954
2018-08-17T04:39Z 135 31 61 95 0 0 51 9953
2018-08-17T04:44Z 45 25 57 96 0 0 50 9952
2018-08-17T04:49Z 45 21 50 99 0 0 48 9952
2018-08-17T04:54Z 45 17 51 97 0 0 49 9953
2018-08-17T04:59Z 45 25 62 92 0 0 52 9956
2018-08-17T05:04Z 90 22 62 85 5 5 33 9954
2018-08-17T05:09Z 45 15 44 82 11 11 28 9957
2018-08-17T05:15Z 45 8 35 81 18 18 28 9954
2018-08-17T05:20Z 45 15 22 81 18 18 28 9954
2018-08-17T05:25Z 45 11 22 81 18 18 27 9951
2018-08-17T05:30Z 180 8 22 82 18 18 27 9951
2018-08-17T05:35Z 45 7 18 83 18 18 26 9949
2018-08-17T05:40Z 45 10 20 84 18 18 26 9948
2018-08-17T05:45Z 135 9 20 84 18 18 27 9946
2018-08-17T05:50Z 45 7 20 85 18 18 27 9947
2018-08-17T05:55Z 45 6 16 86 18 18 28 9946
2018-08-17T06:00Z 45 3 15 88 18 18 29 9946
2018-08-17T06:05Z 45 9 22 89 13 18 34 9943
2018-08-17T06:10Z 45 1 22 91 3 18 31 9943
2018-08-17T06:15Z 135 3 18 92 0 18 40 9942
2018-08-17T06:20Z 45 1 12 93 0 18 37 9943
2018-08-17T06:25Z 135 6 18 95 0 18 46 9942
2018-08-17T06:30Z 45 12 32 95 0 18 50 9940
2018-08-17T06:35Z 45 14 34 95 0 18 50 9937
2018-08-17T06:40Z 45 25 52 95 0 18 50 9938
2018-08-17T06:46Z 90 13 52 94 0 18 51 9939
2018-08-17T06:51Z 90 12 52 94 0 18 51 9938
2018-08-17T06:56Z 90 10 32 94 0 18 51 9937
2018-08-17T07:01Z 45 22 44 95 0 18 50 9939
2018-08-17T07:06Z 90 19 45 95 0 18 50 9939
2018-08-17T07:11Z 45 25 45 94 0 18 51 9939
2018-08-17T07:16Z 45 22 52 93 0 18 51 9942
2018-08-17T07:21Z 45 24 52 93 0 18 52 9938
2018-08-17T07:26Z 90 18 48 93 0 18 52 9936
2018-08-17T07:31Z 45 9 43 92 0 18 52 9934
2018-08-17T07:36Z 45 12 43 92 0 18 52 9935
2018-08-17T07:41Z 45 15 34 92 0 18 52 9936
2018-08-17T07:46Z 45 10 40 92 0 18 52 9936
2018-08-17T07:51Z 45 24 40 93 0 18 52 9937
2018-08-17T07:56Z 45 19 40 93 0 18 52 9937
2018-08-17T08:01Z 90 17 40 93 0 18 52 9937
2018-08-17T08:06Z 45 15 40 93 0 18 52 9937
2018-08-17T08:11Z 45 10 35 92 0 18 52 9938
2018-08-17T08:16Z 90 22 48 91 0 18 52 9938
2018-08-17T08:22Z 45 25 49 90 0 18 53 9937
2018-08-17T08:27Z 45 18 42 90 0 18 52 9936
2018-08-17T08:32Z 90 15 38 90 0 18 52 9936
2018-08-17T08:37Z 45 16 32 91 0 18 53 9937
2018-08-17T08:42Z 90 14 30 91 0 18 52 9936
2018-08-17T08:47Z 45 17 40 91 0 18 53 9936
2018-08-17T08:52Z 90 21 40 91 0 18 52 9937
2018-08-17T08:57Z 45 19 40 91 0 18 53 9936
2018-08-17T09:02Z 135 22 48 90 0 18 52 9935
2018-08-17T09:07Z 45 26 48 89 0 18 52 9935
2018-08-17T09:12Z 135 15 45 89 0 18 51 9935
2018-08-17T09:17Z 90 25 44 89 0 18 51 9935
2018-08-17T09:22Z 135 16 44 89 0 18 51 9935
2018-08-17T09:27Z 90 21 44 89 0 18 51 9935
2018-08-17T09:32Z 45 25 44 89 0 18 51 9937
2018-08-17T09:37Z 45 22 47 89 0 18 52 9935
2018-08-17T09:42Z 90 23 47 89 0 18 52 9939
2018-08-17T09:47Z 45 19 48 89 0 18 51 9939
2018-08-17T09:53Z 45 17 48 89 0 18 51 9939
2018-08-17T09:58Z 45 18 39 88 0 18 51 9939
2018-08-17T10:03Z 45 12 37 89 0 18 50 9941
2018-08-17T10:08Z 45 15 41 89 0 18 50 9941
2018-08-17T10:13Z 90 19 41 88 0 18 49 9941
2018-08-17T10:18Z 90 13 36 88 0 18 49 9940
2018-08-17T10:23Z 45 15 37 88 0 18 49 9941
2018-08-17T10:28Z 45 12 34 87 0 18 48 9942
2018-08-17T10:33Z 45 18 36 87 0 18 48 9940
2018-08-17T10:38Z 45 15 36 87 0 18 47 9943
2018-08-17T10:43Z 45 16 30 87 0 18 47 9943
2018-08-17T10:48Z 45 18 38 87 0 18 46 9943
2018-08-17T10:53Z 45 18 34 86 0 18 46 9943
2018-08-17T10:58Z 45 20 44 86 0 18 46 9942
2018-08-17T11:03Z 90 20 44 86 0 18 45 9942
2018-08-17T11:08Z 45 24 37 86 0 18 44 9945
2018-08-17T11:13Z 135 22 37 85 0 18 44 9945
2018-08-17T11:18Z 45 20 37 85 0 18 43 9946
2018-08-17T11:24Z 45 15 36 85 0 18 43 9947
2018-08-17T11:29Z 45 12 36 85 0 18 43 9946
2018-08-17T11:34Z 45 21 36 85 0 18 44 9947
2018-08-17T11:39Z 90 18 37 85 0 18 44 9949
2018-08-17T11:44Z 90 12 37 85 0 18 43 9948
2018-08-17T11:49Z 45 18 36 85 0 18 43 9951
2018-08-17T11:54Z 45 17 40 85 0 18 43 9951
2018-08-17T11:59Z 45 21 40 85 0 18 43 9949
2018-08-17T12:04Z 45 15 34 85 0 18 43 9951
2018-08-17T12:09Z 45 12 32 85 0 18 42 9951
2018-08-17T12:14Z 45 20 36 85 0 18 42 9954
2018-08-17T12:19Z 45 11 36 85 0 18 42 9953
2018-08-17T12:24Z 45 12 27 84 0 18 41 9953
2018-08-17T12:29Z 45 20 31 84 0 18 41 9956
2018-08-17T12:34Z 90 19 35 84 0 18 41 9956
2018-08-17T12:39Z 45 13 35 84 0 18 41 9956
2018-08-17T12:44Z 135 15 34 84 0 18 41 9958
2018-08-17T12:49Z 45 16 34 84 0 18 41 9958
2018-08-17T12:55Z 45 15 40 84 0 18 41 9958
2018-08-17T13:00Z 45 16 40 84 0 18 41 9959
2018-08-17T13:05Z 45 15 32 84 0 18 40 9960
2018-08-17T13:10Z 90 17 34 84 0 18 40 9961
2018-08-17T13:15Z 45 17 34 84 0 18 40 9963
2018-08-17T13:20Z 45 10 32 84 0 18 39 9963
2018-08-17T13:25Z 45 12 30 84 0 18 39 9965
2018-08-17T13:30Z 45 6 24 84 0 18 38 9966
2018-08-17T13:35Z 45 9 23 84 0 18 38 9966
2018-08-17T13:40Z 45 10 25 84 0 18 37 9967
2018-08-17T13:45Z 45 15 26 84 0 18 37 9966
2018-08-17T13:50Z 135 15 31 84 0 18 37 9967
2018-08-17T13:55Z 45 10 31 84 0 18 36 9968
2018-08-17T14:00Z 45 13 32 84 0 18 36 9968
2018-08-17T14:05Z 90 13 40 84 0 18 36 9967
2018-08-17T14:10Z 45 14 40 84 0 18 35 9968
2018-08-17T14:15Z 45 6 34 84 0 18 35 9969
2018-08-17T14:20Z 45 9 29 84 0 18 35 9971
2018-08-17T14:26Z 45 13 29 84 0 18 34 9970
2018-08-17T14:31Z 45 9 25 84 0 18 34 9970
2018-08-17T14:36Z 45 14 26 84 0 18 34 9970
2018-08-17T14:41Z 45 14 28 84 0 18 34 9971
2018-08-17T14:46Z 45 13 28 84 0 18 34 9972
2018-08-17T14:51Z 135 14 25 84 0 18 33 9972
2018-08-17T14:56Z 45 11 25 83 0 18 33 9972
2018-08-17T15:01Z 45 9 23 83 0 18 33 9972
2018-08-17T15:06Z 45 10 28 83 0 18 32 9972
2018-08-17T15:11Z 180 12 28 83 0 18 32 9972
2018-08-17T15:16Z 45 7 25 83 0 18 32 9973
2018-08-17T15:21Z 45 9 28 83 0 18 31 9973
2018-08-17T15:26Z 45 9 29 83 0 18 31 9973
2018-08-17T15:31Z 45 12 29 83 0 18 31 9975
2018-08-17T15:36Z 45 9 25 83 0 18 31 9975
2018-08-17T15:41Z 45 9 28 83 0 18 31 9974
2018-08-17T15:46Z 45 12 28 83 0 18 31 9975
2018-08-17T15:51Z 45 4 28 83 0 18 31 9975
2018-08-17T15:57Z 45 16 38 83 0 18 31 9974
2018-08-17T16:02Z 45 5 38 83 0 18 31 9975
2018-08-17T16:07Z 45 6 18 83 0 18 30 9974
2018-08-17T16:12Z 45 5 15 83 0 18 30 9976
2018-08-17T16:17Z 45 6 15 83 0 18 30 9976
2018-08-17T16:22Z 45 3 15 83 0 18 30 9975
2018-08-17T16:27Z 45 5 28 83 0 18 30 9975
2018-08-17T16:32Z 45 4 28 82 0 18 30 9977
2018-08-17T16:37Z 45 8 22 82 0 18 30 9974
2018-08-17T16:42Z 45 6 24 82 0 18 30 9977
2018-08-17T16:47Z 45 6 24 82 0 18 29 9975
2018-08-17T16:52Z 45 9 33 82 0 18 29 9976
2018-08-17T16:57Z 45 9 33 82 0 18 29 9974
2018-08-17T17:02Z 45 10 31 82 0 18 29 9972
2018-08-17T17:07Z 45 6 31 82 0 18 29 9972
2018-08-17T17:12Z 45 9 32 82 0 18 29 9972
2018-08-17T17:17Z 45 6 32 82 0 18 29 9972
2018-08-17T17:22Z 45 4 19 82 0 18 29 9971
2018-08-17T17:28Z 45 8 19 82 0 18 29 9972
2018-08-17T17:33Z 45 6 18 82 0 18 29 9973
2018-08-17T17:38Z 45 3 15 82 0 18 29 9970
2018-08-17T17:43Z 45 4 15 82 0 18 29 9971
2018-08-17T17:48Z 45 6 18 82 0 18 29 9971
2018-08-17T17:53Z 45 3 18 82 0 18 29 9970
2018-08-17T17:58Z 45 2 15 82 0 18 29 9970
2018-08-17T18:03Z 45 6 21 82 0 18 28 9968
2018-08-17T18:08Z 45 2 21 82 0 18 28 9968
2018-08-17T18:13Z 45 10 18 82 0 18 28 9967
2018-08-17T18:18Z 45 6 18 82 0 18 28 9967
2018-08-17T18:23Z 45 3 18 82 0 18 28 9966
2018-08-17T18:28Z 45 2 22 81 0 18 28 9966
2018-08-17T18:33Z 45 3 22 81 0 18 28 9967
2018-08-17T18:38Z 45 9 21 81 0 18 28 9966
2018-08-17T18:43Z 45 5 21 81 0 18 28 9965
2018-08-17T18:48Z 45 6 15 81 0 18 28 9967
2018-08-17T18:53Z 45 12 24 81 0 18 28 9965
2018-08-17T18:59Z 45 6 24 81 0 18 28 9967
2018-08-17T19:04Z 45 1 16 81 0 18 28 9965
2018-08-17T19:09Z 45 3 17 81 0 18 28 9965
2018-08-17T19:14Z 45 4 17 81 0 18 28 9965
2018-08-17T19:19Z 45 4 13 81 0 18 28 9966
2018-08-17T19:24Z 45 4 12 81 0 18 28 9967
2018-08-17T19:29Z 45 3 12 81 0 18 28 9967
2018-08-17T19:34Z 45 5 18 81 0 18 28 9966
2018-08-17T19:39Z 45 4 18 81 0 18 28 9967
2018-08-17T19:44Z 45 6 18 81 0 18 28 9967
2018-08-17T19:49Z 45 5 18 81 0 18 28 9967
2018-08-17T19:54Z 45 9 21 81 0 18 28 9967
2018-08-17T19:59Z 45 5 21 81 0 18 28 9966
2018-08-17T20:04Z 45 5 14 81 0 18 28 9966
2018-08-17T20:09Z 45 6 19 81 0 18 28 9966
2018-08-17T20:14Z 45 3 19 81 0 18 28 9965
2018-08-17T20:19Z 45 7 22 81 0 18 28 9965
2018-08-17T20:24Z 45 6 22 81 0 18 28 9965
2018-08-17T20:30Z 45 4 15 81 0 18 28 9965
2018-08-17T20:35Z 45 7 24 81 0 18 28 9963
2018-08-17T20:40Z 45 2 24 81 0 18 28 9964
2018-08-17T20:45Z 45 2 9 81 0 18 28 9963
2018-08-17T20:50Z 45 3 12 81 0 18 28 9963
2018-08-17T20:55Z 45 4 18 81 0 18 28 9962
2018-08-17T21:00Z 45 2 18 81 0 18 28 9962
2018-08-17T21:05Z 45 3 12 81 0 18 28 9962
2018-08-17T21:10Z 45 4 12 81 0 18 28 9963
2018-08-17T21:15Z 45 3 12 81 0 18 28 9962
2018-08-17T21:20Z 45 4 15 81 0 18 28 9962
2018-08-17T21:25Z 45 2 15 81 0 18 28 9962
2018-08-17T21:30Z 45 8 15 81 0 18 28 9962
2018-08-17T21:35Z 45 6 15 81 0 18 28 9962
2018-08-17T21:40Z 45 3 15 81 0 18 28 9963
2018-08-17T21:45Z 45 3 12 80 0 18 28 9964
2018-08-17T21:50Z 45 4 12 80 0 18 28 9964
2018-08-17T21:55Z 45 6 12 80 0 18 28 9963
2018-08-17T22:01Z 45 4 15 80 0 18 28 9963
2018-08-17T22:06Z 45 3 15 80 0 18 28 9964
2018-08-17T22:11Z 45 4 12 80 0 18 28 9965
2018-08-17T22:16Z 45 4 12 80 0 18 28 9966
2018-08-17T22:21Z 45 4 18 80 0 18 28 9967
2018-08-17T22:26Z 45 3 18 80 0 18 28 9967
2018-08-17T22:31Z 45 5 15 80 0 18 28 9966
2018-08-17T22:36Z 45 3 17 80 0 18 28 9966
2018-08-17T22:41Z 45 3 17 80 0 18 28 9964
2018-08-17T22:46Z 45 4 12 80 0 18 28 9965
2018-08-17T22:51Z 45 5 13 80 0 18 28 9965
2018-08-17T22:56Z 45 5 15 80 0 18 28 9965
2018-08-17T23:01Z 45 5 15 80 0 18 28 9967
2018-08-17T23:06Z 45 5 12 80 0 18 28 9967
2018-08-17T23:11Z 45 6 18 80 0 18 28 9969
2018-08-17T23:16Z 45 17 38 80 0 18 27 9971
2018-08-17T23:21Z 45 11 45 80 0 18 27 9970
2018-08-17T23:26Z 45 6 45 80 1 19 28 9969
2018-08-17T23:31Z 45 6 29 79 2 20 28 9973
2018-08-17T23:37Z 45 5 13 79 2 20 29 9973
2018-08-17T23:42Z 45 6 13 79 2 20 30 9973
2018-08-17T23:47Z 45 6 15 79 2 20 30 9975
2018-08-17T23:52Z 45 6 17 79 2 20 30 9973
2018-08-17T23:57Z 45 6 17 79 2 20 30 9974
2018-08-18T00:02Z 45 6 17 79 2 20 29 9975
2018-08-18T00:07Z 45 5 14 80 2 20 29 9975
2018-08-18T00:12Z 45 7 14 80 2 20 28 9976
2018-08-18T00:17Z 45 9 18 80 2 20 28 9978
2018-08-18T00:32Z 45 6 19 82 0 20 26 9980
2018-08-18T00:37Z 45 4 15 83 0 20 26 9982
2018-08-18T00:42Z 45 6 18 84 0 20 26 9982
2018-08-18T00:47Z 45 9 18 84 0 20 27 9982
2018-08-18T00:52Z 45 6 19 84 0 20 27 9981
2018-08-18T00:57Z 45 3 19 85 0 20 26 9982
2018-08-18T01:02Z 45 8 23 87 0 20 30 9982
2018-08-18T01:08Z 45 3 23 87 0 20 30 9981
2018-08-18T01:13Z 45 5 18 87 0 20 31 9981
2018-08-18T01:18Z 45 6 18 87 0 20 31 9982
2018-08-18T01:23Z 45 6 18 88 0 20 36 9982
2018-08-18T01:28Z 45 5 18 90 0 20 39 9983
2018-08-18T01:33Z 45 6 21 91 0 20 43 9981
2018-08-18T01:38Z 45 6 21 92 0 20 46 9980
2018-08-18T01:43Z 45 9 25 92 0 20 47 9980
2018-08-18T01:48Z 45 12 30 93 0 20 48 9980
2018-08-18T01:53Z 45 11 30 94 0 20 50 9980
2018-08-18T01:58Z 45 6 25 95 0 20 50 9981
2018-08-18T02:03Z 45 14 27 96 0 20 51 9982
2018-08-18T02:08Z 45 5 29 95 0 20 51 9982
2018-08-18T02:13Z 45 9 29 95 0 20 51 9981
2018-08-18T02:18Z 45 9 28 95 0 20 51 9980
2018-08-18T02:23Z 45 15 34 94 0 20 52 9982
2018-08-18T02:28Z 45 13 34 92 0 20 51 9983
2018-08-18T02:33Z 45 15 34 91 0 20 51 9983
2018-08-18T02:39Z 45 9 30 89 0 20 47 9983
2018-08-18T02:44Z 45 12 32 89 0 20 45 9981
2018-08-18T02:49Z 45 9 30 90 0 20 48 9980
2018-08-18T02:54Z 45 8 30 93 0 20 52 9979
2018-08-18T02:59Z 45 11 30 94 0 20 52 9980
2018-08-18T03:04Z 45 6 25 97 0 20 51 9980
2018-08-18T03:09Z 45 12 27 95 0 20 51 9979
2018-08-18T03:14Z 45 14 28 94 0 20 52 9979
2018-08-18T03:19Z 45 7 28 94 0 20 52 9978
2018-08-18T03:24Z 45 7 29 96 0 20 51 9978
2018-08-18T03:29Z 45 12 29 98 0 20 49 9977
2018-08-18T03:34Z 90 16 35 99 0 20 48 9980
2018-08-18T03:39Z 45 15 35 98 0 20 48 9979
2018-08-18T03:44Z 45 25 46 98 0 20 48 9978
2018-08-18T03:49Z 90 29 51 94 0 20 51 9980
2018-08-18T03:54Z 90 18 56 93 0 20 52 9977
2018-08-18T03:59Z 45 23 53 93 0 20 52 9978
2018-08-18T04:04Z 45 19 44 96 0 20 50 9978
2018-08-18T04:10Z 45 12 44 98 0 20 49 9976
2018-08-18T04:15Z 45 11 35 98 0 20 48 9978
2018-08-18T04:20Z 45 22 45 97 0 20 49 9979
2018-08-18T04:25Z 45 18 47 94 0 20 52 9977
2018-08-18T04:30Z 45 18 48 92 0 20 53 9973
2018-08-18T04:35Z 45 23 48 92 0 20 53 9976
2018-08-18T04:40Z 45 18 47 93 0 20 52 9969
2018-08-18T04:45Z 45 16 56 95 0 20 51 9970
2018-08-18T04:50Z 45 26 56 95 0 20 51 9971
2018-08-18T04:55Z 45 31 56 95 0 20 51 9971
2018-08-18T05:00Z 45 17 47 92 0 16 53 9970
2018-08-18T05:05Z 45 26 51 92 0 10 53 9969
2018-08-18T05:10Z 45 11 51 95 0 3 51 9967
2018-08-18T05:15Z 45 19 47 95 1 3 52 9968
2018-08-18T05:20Z 45 19 47 90 3 6 52 9967
2018-08-18T05:25Z 45 15 46 90 3 6 48 9967
2018-08-18T05:30Z 45 7 46 92 3 6 50 9963
2018-08-18T05:35Z 45 9 31 93 3 6 51 9964
2018-08-18T05:41Z 45 11 29 95 3 6 52 9962
2018-08-18T05:46Z 45 16 31 95 3 6 52 9960
2018-08-18T05:51Z 45 16 35 98 3 6 50 9959
2018-08-18T05:56Z 45 18 36 95 3 6 52 9961
2018-08-18T06:01Z 45 21 44 88 10 13 46 9963
2018-08-18T06:06Z 45 19 47 83 14 16 31 9964
2018-08-18T06:11Z 90 10 47 81 19 22 28 9964
2018-08-18T06:16Z 90 14 43 80 27 32 29 9963
2018-08-18T06:21Z 45 28 69 78 44 50 29 9974
2018-08-18T06:26Z 45 20 69 76 48 54 30 9973
2018-08-18T06:31Z 45 18 47 76 57 63 31 9968
2018-08-18T06:36Z 45 12 40 75 62 68 32 9964
2018-08-18T06:41Z 45 12 37 75 68 75 33 9965
2018-08-18T06:46Z 90 19 40 74 78 84 33 9965
2018-08-18T06:51Z 90 14 40 74 80 87 33 9964
2018-08-18T06:56Z 45 16 28 74 84 91 34 9958
2018-08-18T07:01Z 45 16 28 74 81 94 34 9959
2018-08-18T07:06Z 45 9 28 74 79 96 35 9960
2018-08-18T07:12Z 45 9 22 74 72 96 35 9962
2018-08-18T07:17Z 135 9 15 74 59 97 35 9963
2018-08-18T07:22Z 45 9 22 74 45 97 35 9962
2018-08-18T07:27Z 45 9 22 75 42 98 35 9962
2018-08-18T07:32Z 45 6 18 75 35 100 35 9963
2018-08-18T07:37Z 45 3 16 75 29 100 35 9964
2018-08-18T07:42Z 45 2 12 75 23 100 35 9964
2018-08-18T07:47Z 90 3 9 75 15 101 35 9963
2018-08-18T07:52Z 135 2 9 75 13 101 35 9962
2018-08-18T07:57Z 45 2 7 75 10 102 35 9960
2018-08-18T08:02Z 45 3 10 76 7 102 35 9960
2018-08-18T08:07Z 45 2 10 76 7 104 35 9959
2018-08-18T08:12Z 90 2 7 75 9 105 35 9959
2018-08-18T08:17Z 45 1 6 76 7 105 35 9960
2018-08-18T08:22Z 45 5 9 76 9 106 35 9959
2018-08-18T08:27Z 90 3 9 76 9 107 35 9958
2018-08-18T08:32Z 135 3 6 76 7 107 35 9956
2018-08-18T08:37Z 45 4 9 76 7 107 35 9957
2018-08-18T08:43Z 45 2 9 76 7 107 35 9958
2018-08-18T08:48Z 45 3 9 76 6 107 35 9957
2018-08-18T08:53Z 45 3 9 76 7 109 35 9957
2018-08-18T08:58Z 135 3 9 76 6 109 35 9956
2018-08-18T09:03Z 45 6 15 76 6 109 35 9955
2018-08-18T09:08Z 180 6 17 76 5 109 34 9954
2018-08-18T09:13Z 135 6 17 76 3 109 34 9954
2018-08-18T09:18Z 135 7 15 76 2 109 34 9954
2018-08-18T09:23Z 135 6 16 76 2 109 34 9953
2018-08-18T09:28Z 90 3 16 76 1 109 34 9954
2018-08-18T09:33Z 45 1 14 76 1 109 34 9956
2018-08-18T09:38Z 45 3 9 76 1 109 34 9956
2018-08-18T09:43Z 180 2 10 76 1 109 34 9958
2018-08-18T09:48Z 180 2 10 76 1 109 34 9958
2018-08-18T09:53Z 180 2 4 76 1 110 34 9958
2018-08-18T09:58Z 180 2 6 76 1 110 34 9961
2018-08-18T10:03Z 180 1 8 76 1 110 34 9960
2018-08-18T10:08Z 180 1 8 76 1 110 34 9961
2018-08-18T10:14Z 90 0 6 76 1 110 34 9962
2018-08-18T10:19Z 180 0 5 76 1 110 34 9962
2018-08-18T10:24Z 225 0 5 76 2 111 34 9964
2018-08-18T10:29Z 135 0 4 76 2 111 34 9963
2018-08-18T10:34Z 45 0 4 76 2 111 34 9965
2018-08-18T10:39Z 45 0 4 76 2 111 34 9967
2018-08-18T10:44Z 90 0 4 76 2 111 34 9966
2018-08-18T10:49Z 45 0 4 76 2 111 34 9967
2018-08-18T10:54Z 45 0 5 76 2 113 34 9968
2018-08-18T10:59Z 45 0 5 76 2 113 34 9966
2018-08-18T11:04Z 45 0 5 76 2 113 34 9968
2018-08-18T11:09Z 45 0 5 76 2 113 35 9968
2018-08-18T11:14Z 45 1 5 76 3 114 35 9969
2018-08-18T11:19Z 135 2 6 76 3 114 35 9968
2018-08-18T11:24Z 45 3 8 76 2 114 35 9970
2018-08-18T11:29Z 135 2 8 76 2 114 35 9970
2018-08-18T11:34Z 90 1 6 76 2 114 35 9969
2018-08-18T11:39Z 45 3 6 76 3 115 35 9970
2018-08-18T11:45Z 45 3 8 76 3 115 35 9971
2018-08-18T11:50Z 45 0 8 76 3 115 35 9972
2018-08-18T11:55Z 45 3 6 76 2 115 35 9973
2018-08-18T12:00Z 45 0 8 76 2 115 35 9972
2018-08-18T12:05Z 45 1 8 76 2 115 35 9974
2018-08-18T12:10Z 45 3 7 76 2 115 35 9975
2018-08-18T12:15Z 90 3 9 76 1 115 35 9976
2018-08-18T12:20Z 45 3 9 76 1 115 35 9977
2018-08-18T12:25Z 45 3 8 76 1 115 35 9979
2018-08-18T12:30Z 90 2 8 76 1 115 35 9978
2018-08-18T12:35Z 135 3 8 76 0 115 35 9979
2018-08-18T12:40Z 90 3 8 76 0 115 35 9979
2018-08-18T12:45Z 45 0 6 76 0 115 35 9981
2018-08-18T12:50Z 90 1 8 76 0 115 35 9981
2018-08-18T12:55Z 45 2 9 76 0 115 35 9982
2018-08-18T13:00Z 90 3 9 76 0 115 35 9983
2018-08-18T13:05Z 135 3 9 76 0 115 35 9983
2018-08-18T13:10Z 90 1 8 76 0 115 35 9983
2018-08-18T13:16Z 45 1 8 76 0 115 35 9984
2018-08-18T13:21Z 45 1 9 76 0 115 35 9985
2018-08-18T13:26Z 45 2 9 76 0 115 35 9985
2018-08-18T13:31Z 45 2 9 76 0 115 35 9987
2018-08-18T13:36Z 45 2 9 76 0 115 35 9986
2018-08-18T13:41Z 45 1 9 76 0 115 35 9988
2018-08-18T13:46Z 45 3 10 76 0 115 35 9987
2018-08-18T13:51Z 90 5 12 77 0 115 35 9988
2018-08-18T13:56Z 45 3 12 77 0 115 35 9989
2018-08-18T14:01Z 45 3 10 77 0 115 35 9989
2018-08-18T14:06Z 45 5 10 77 0 115 35 9990
2018-08-18T14:11Z 45 3 9 77 0 115 35 9989
2018-08-18T14:16Z 45 3 8 77 0 115 36 9989
2018-08-18T14:21Z 90 1 8 76 0 115 36 9990
2018-08-18T14:26Z 45 1 8 76 0 115 36 9991
2018-08-18T14:31Z 45 2 8 76 0 115 36 9990
2018-08-18T14:36Z 45 1 8 76 0 115 36 9991
2018-08-18T14:41Z 45 2 13 76 0 115 36 9991
2018-08-18T14:47Z 45 3 13 76 0 115 36 9992
2018-08-18T14:52Z 90 3 8 76 0 115 36 9993
2018-08-18T14:57Z 90 2 10 76 0 115 36 9993
2018-08-18T15:02Z 90 0 10 76 0 115 36 9994
2018-08-18T15:07Z 45 1 6 76 0 115 36 9994
2018-08-18T15:12Z 45 0 6 76 0 115 36 9994
2018-08-18T15:17Z 45 0 5 76 0 115 36 9994
2018-08-18T15:22Z 45 0 5 76 0 115 36 9994
2018-08-18T15:27Z 45 0 4 76 0 115 36 9994
2018-08-18T15:32Z 180 0 3 76 0 115 36 9996
2018-08-18T15:37Z 45 0 4 76 0 115 36 9995
2018-08-18T15:42Z 90 0 4 76 0 115 36 9996
2018-08-18T15:47Z 135 0 4 76 0 115 36 9996
2018-08-18T15:52Z 45 0 3 76 0 115 36 9996
2018-08-18T15:57Z 45 0 3 76 0 115 36 9997
2018-08-18T16:02Z 225 0 2 76 0 115 36 9996
2018-08-18T16:07Z 0 0 0 76 0 115 36 9996
2018-08-18T16:12Z 90 0 0 76 0 115 36 9996
2018-08-18T16:17Z 45 0 2 76 0 115 36 9995
2018-08-18T16:23Z 45 0 2 76 0 115 36 9996
2018-08-18T16:28Z 45 0 4 76 0 115 36 9996
2018-08-18T16:33Z 180 0 4 76 0 115 36 9994
2018-08-18T16:38Z 90 0 2 76 0 115 36 9993
2018-08-18T16:43Z 45 0 2 76 0 115 36 9992
2018-08-18T16:48Z 45 0 5 76 0 115 36 9993
2018-08-18T16:53Z 90 0 5 76 0 115 36 9993
2018-08-18T16:58Z 225 0 4 76 0 115 36 9991
2018-08-18T17:03Z 45 0 2 76 0 115 36 9991
2018-08-18T17:08Z 90 0 6 76 0 115 36 9989
2018-08-18T17:13Z 90 1 6 76 0 115 36 9990
2018-08-18T17:18Z 135 0 4 76 0 115 36 9990
2018-08-18T17:23Z 90 0 4 76 0 115 36 9990
2018-08-18T17:28Z 135 1 5 76 0 115 36 9989
2018-08-18T17:33Z 90 0 5 76 0 115 36 9989
2018-08-18T17:38Z 135 1 4 76 0 115 36 9989
2018-08-18T17:43Z 90 0 4 76 0 115 36 9988
2018-08-18T17:48Z 135 1 4 76 0 115 36 9986
2018-08-18T17:54Z 135 0 4 76 0 115 36 9985
2018-08-18T17:59Z 90 2 5 77 0 115 35 9984
2018-08-18T18:04Z 135 0 5 77 0 115 35 9984
2018-08-18T18:09Z 45 1 6 77 0 115 35 9984
2018-08-18T18:14Z 135 1 6 77 0 115 35 9984
2018-08-18T18:19Z 135 1 6 77 0 115 35 9983
2018-08-18T18:24Z 135 3 6 77 0 115 35 9983
2018-08-18T18:29Z 90 0 6 77 0 115 35 9982
2018-08-18T18:34Z 225 0 3 76 0 115 35 9982
2018-08-18T18:39Z 270 0 0 76 0 115 35 9982
2018-08-18T18:44Z 225 0 3 76 0 115 35 9983
2018-08-18T18:49Z 225 0 3 76 0 115 35 9982
2018-08-18T18:54Z 315 0 2 76 0 115 35 9983
2018-08-18T18:59Z 225 0 0 76 0 115 36 9983
2018-08-18T19:04Z 180 0 2 76 0 115 36 9983
2018-08-18T19:09Z 45 0 2 76 0 115 36 9984
2018-08-18T19:14Z 45 0 2 76 0 115 36 9983
2018-08-18T19:19Z 180 0 2 76 0 115 36 9982
2018-08-18T19:25Z 90 0 2 76 0 115 36 9981
2018-08-18T19:30Z 315 0 2 76 0 115 36 9981
2018-08-18T19:35Z 225 0 2 76 0 115 36 9981
2018-08-18T19:40Z 225 0 4 76 0 115 36 9982
2018-08-18T19:45Z 45 0 4 76 0 115 36 9980
2018-08-18T19:50Z 45 0 2 76 0 115 36 9981
2018-08-18T19:55Z 45 0 2 76 0 115 36 9981
2018-08-18T20:00Z 45 0 2 76 0 115 36 9983
2018-08-18T20:05Z 90 0 2 77 0 115 36 9983
2018-08-19T09:50Z 45 4 18 91 0 7 56 9978
2018-08-19T09:55Z 45 1 12 89 0 7 56 9977
2018-08-19T10:00Z 45 3 12 88 0 7 54 9976
2018-08-19T10:05Z 45 9 28 87 0 7 52 9980
2018-08-19T10:10Z 45 38 66 85 0 7 50 9986
2018-08-19T10:15Z 45 31 66 80 2 10 35 9986
2018-08-19T10:20Z 45 25 59 78 6 13 30 9986
2018-08-19T10:26Z 45 19 59 77 9 15 30 9986
2018-08-19T10:31Z 45 11 46 76 10 16 30 9985
2018-08-19T10:36Z 45 6 37 76 11 18 30 9985
2018-08-19T10:41Z 45 4 25 76 13 19 30 9986
2018-08-19T10:46Z 45 10 22 76 13 19 30 9987
2018-08-19T10:51Z 45 9 22 76 15 20 30 9989
2018-08-19T10:56Z 135 14 28 76 19 24 30 9989
2018-08-19T11:01Z 45 12 28 76 19 24 31 9988
2018-08-19T11:06Z 45 9 26 76 20 26 30 9990
2018-08-19T11:11Z 45 10 24 77 20 24 30 9988
2018-08-19T11:16Z 45 7 24 77 16 24 30 9989
2018-08-19T11:21Z 45 7 20 77 14 24 30 9989
2018-08-19T11:26Z 45 9 21 77 11 24 29 9989
2018-08-19T11:31Z 135 9 21 77 10 24 29 9988
2018-08-19T11:36Z 45 12 22 77 9 23 29 9990
2018-08-19T11:41Z 45 12 22 77 7 23 29 9989
2018-08-19T11:46Z 135 8 20 77 6 23 29 9989
2018-08-19T11:51Z 135 6 18 76 3 23 29 9988
2018-08-19T11:56Z 45 4 18 76 1 23 29 9988
2018-08-19T12:02Z 45 3 14 76 1 23 29 9988
2018-08-19T12:07Z 135 3 14 76 0 23 29 9986
2018-08-19T12:12Z 135 1 8 76 0 23 29 9988
2018-08-19T12:17Z 45 3 7 76 0 23 30 9989
2018-08-19T12:22Z 135 2 7 76 0 23 30 9989
2018-08-19T12:27Z 135 1 6 76 0 23 30 9990
2018-08-19T12:32Z 45 1 6 76 0 23 30 9991
2018-08-19T12:37Z 45 0 6 76 0 23 30 9992
2018-08-19T12:42Z 225 0 3 76 0 23 30 9994
2018-08-19T12:47Z 225 0 3 76 0 23 30 9995
2018-08-19T12:52Z 45 0 3 76 0 23 30 9996
2018-08-19T12:57Z 90 0 3 76 0 23 30 9998
2018-08-19T13:02Z 180 0 3 76 0 23 30 10000
2018-08-19T13:07Z 45 0 3 76 0 23 30 10001
2018-08-19T13:12Z 180 1 5 76 0 23 30 10002
2018-08-19T13:17Z 45 0 6 77 0 23 30 10003
2018-08-19T13:22Z 90 1 6 77 0 23 30 10005
2018-08-19T13:27Z 135 3 6 77 0 23 30 10004
2018-08-19T13:33Z 45 2 6 77 0 23 30 10005
2018-08-19T13:38Z 135 3 6 77 0 23 30 10006
2018-08-19T13:43Z 135 4 6 77 0 23 30 10007
2018-08-19T13:48Z 45 3 6 77 0 23 30 10007
2018-08-19T13:53Z 90 3 9 77 0 23 30 10009
2018-08-19T13:58Z 45 3 9 77 0 23 30 10008
2018-08-19T14:03Z 45 2 6 77 0 23 30 10010
2018-08-19T14:08Z 45 2 6 77 0 23 30 10011
2018-08-19T14:13Z 45 2 6 77 0 23 30 10011
2018-08-19T14:18Z 45 2 6 77 0 23 30 10011
2018-08-19T14:23Z 45 1 6 77 0 23 30 10011
2018-08-19T14:28Z 45 0 7 76 0 23 30 10010
2018-08-19T14:33Z 135 0 7 76 0 23 31 10011
2018-08-19T14:38Z 180 0 3 76 0 23 31 10011
2018-08-19T14:43Z 180 0 3 76 0 23 31 10013
2018-08-19T14:48Z 225 0 3 76 0 23 31 10013
2018-08-19T14:53Z 180 0 3 76 0 23 31 10014
2018-08-19T14:58Z 225 0 2 76 0 23 31 10015
2018-08-19T15:04Z 225 0 0 76 0 23 31 10015
2018-08-19T15:09Z 270 0 0 77 0 23 31 10014
2018-08-19T15:14Z 225 0 0 77 0 23 31 10014
2018-08-19T15:19Z 270 0 2 77 0 23 31 10016
2018-08-19T15:24Z 45 0 3 77 0 23 31 10015
2018-08-19T15:29Z 135 0 3 77 0 23 31 10015
2018-08-19T15:34Z 180 0 3 77 0 23 31 10016
2018-08-19T15:39Z 180 0 3 77 0 23 31 10015
2018-08-19T15:44Z 225 0 2 77 0 23 31 10014
2018-08-19T15:49Z 135 0 1 77 0 23 31 10014
2018-08-19T15:54Z 90 0 2 77 0 23 31 10014
2018-08-19T15:59Z 45 0 3 77 0 23 31 10011
2018-08-19T16:04Z 180 0 3 77 0 23 31 10012
2018-08-19T16:09Z 225 0 3 77 0 23 31 10012
2018-08-19T16:14Z 45 0 0 77 0 23 31 10010
2018-08-19T16:19Z 45 0 3 77 0 23 31 10009
2018-08-19T16:24Z 90 0 5 77 0 23 31 10009
2018-08-19T16:29Z 180 0 3 77 0 23 31 10009
2018-08-19T16:35Z 180 0 0 77 0 23 31 10010
2018-08-19T16:40Z 180 0 0 77 0 23 31 10009
2018-08-19T16:45Z 270 0 0 77 0 23 31 10009
2018-08-19T16:50Z 0 0 0 77 0 23 31 10008
2018-08-19T16:55Z 45 0 0 77 0 23 31 10008
2018-08-19T17:00Z 90 0 2 77 0 23 31 10008
2018-08-19T17:05Z 45 0 2 77 0 23 31 10007
2018-08-19T17:10Z 90 0 3 77 0 23 31 10008
2018-08-19T17:15Z 180 0 3 77 0 23 31 10006
