2018-08-11T07:37Z 45 23 56 92 0 0 52 9973
2018-08-11T07:42Z 45 19 56 93 0 0 50 9972
2018-08-11T07:47Z 45 31 50 94 0 0 50 9970
2018-08-11T07:52Z 45 18 61 93 0 0 51 9973
2018-08-11T07:57Z 45 25 62 93 0 0 51 9972
2018-08-11T08:02Z 45 19 62 93 0 0 52 9971
2018-08-11T08:07Z 135 19 47 94 0 0 51 9972
2018-08-11T08:12Z 45 16 47 94 0 0 52 9972
2018-08-11T08:17Z 45 18 47 93 0 0 52 9969
2018-08-11T08:22Z 45 18 47 94 0 0 52 9969
2018-08-11T08:32Z 45 26 53 94 0 0 51 9970
2018-08-11T08:37Z 90 19 53 92 0 0 54 9971
2018-08-11T08:27Z 45 13 39 95 0 0 52 9971
2018-08-11T08:42Z 45 15 50 91 0 0 55 9970
2018-08-11T08:47Z 90 12 38 90 0 0 56 9968
2018-08-11T08:57Z 45 13 33 88 0 0 56 9969
2018-08-11T08:52Z 90 13 33 88 0 0 56 9970
2018-08-11T09:02Z 45 14 30 89 0 0 57 9970
2018-08-11T09:07Z 45 10 27 89 0 0 57 9969
2018-08-11T09:17Z 45 9 21 93 0 0 55 9968
2018-08-11T09:22Z 45 10 18 93 0 0 55 9969
2018-08-11T09:12Z 45 8 21 91 0 0 56 9967
2018-08-11T09:27Z 45 9 24 93 0 0 55 9968
2018-08-11T09:32Z 90 12 25 92 0 0 55 9968
2018-08-11T09:42Z 135 9 30 90 0 0 57 9969
2018-08-11T09:37Z 45 12 30 91 0 0 56 9968
2018-08-11T10:22Z 45 6 22 87 0 0 58 9971
2018-08-11T10:07Z 45 7 24 89 0 0 58 9970
2018-08-11T12:22Z 180 6 22 78 1 1 46 9990
2018-08-11T12:32Z 45 8 22 77 1 1 46 9992
2018-08-11T12:27Z 90 8 18 78 1 1 46 9991
2018-08-11T12:37Z 45 13 27 77 1 1 46 9991
2018-08-11T12:43Z 45 9 27 78 1 1 46 9991
2018-08-11T12:53Z 45 13 30 77 0 1 45 9992
2018-08-11T12:48Z 45 11 30 77 0 1 45 9991
2018-08-11T12:58Z 45 14 27 77 0 1 45 9994
2018-08-11T13:08Z 180 9 22 77 0 1 45 9993
2018-08-11T13:03Z 45 6 27 77 0 1 45 9992
2018-08-11T13:18Z 180 9 22 77 0 1 45 9992
2018-08-11T13:13Z 45 12 22 77 0 1 45 9993
2018-08-11T13:23Z 180 8 18 77 0 1 44 9994
2018-08-11T13:33Z 45 6 22 77 0 1 44 9996
2018-08-11T13:28Z 45 6 22 77 0 1 44 9994
2018-08-11T13:38Z 45 2 16 77 0 1 44 9997
2018-08-11T13:43Z 45 7 18 77 0 1 44 9999
2018-08-11T13:48Z 45 7 18 77 0 1 44 9998
2018-08-11T13:53Z 135 9 18 77 0 1 44 9997
2018-08-11T14:03Z 45 4 13 78 0 1 43 9999
2018-08-11T14:08Z 45 10 18 78 0 1 43 10000
2018-08-11T14:13Z 45 9 18 78 0 1 43 10000
2018-08-11T13:58Z 45 5 18 78 0 1 44 9998
2018-08-11T14:18Z 45 12 23 78 0 1 43 10001
2018-08-11T14:23Z 45 7 23 78 0 1 43 10001
2018-08-11T14:28Z 45 7 22 78 0 1 43 10001
2018-08-11T14:33Z 45 12 26 78 0 1 43 10001
2018-08-11T14:38Z 45 12 26 78 0 1 43 10001
2018-08-11T14:43Z 45 13 26 78 0 1 43 10003
2018-08-11T14:48Z 45 13 26 78 0 1 43 10003
2018-08-11T14:58Z 180 7 22 78 0 1 43 10003
2018-08-11T14:53Z 45 11 23 78 0 1 43 10002
2018-08-11T15:03Z 180 9 18 78 0 1 43 10002
2018-08-11T15:08Z 180 6 18 78 0 1 42 10003
2018-08-11T15:18Z 45 6 18 78 0 1 42 10003
2018-08-11T15:13Z 90 6 13 78 0 1 42 10002
2018-08-11T15:23Z 180 7 18 78 0 1 42 10004
2018-08-11T15:28Z 45 8 18 78 0 1 42 10004
2018-08-11T15:33Z 180 8 18 78 0 1 42 10004
2018-08-11T15:43Z 180 8 14 78 0 1 42 10004
2018-08-11T15:38Z 90 7 14 78 0 1 42 10003
2018-08-11T15:48Z 45 8 14 78 0 1 42 10004
2018-08-11T15:53Z 90 4 16 78 0 1 42 10004
2018-08-11T15:58Z 135 6 16 78 0 1 41 10004
2018-08-11T16:08Z 180 6 18 78 0 1 41 10002
2018-08-11T16:13Z 135 6 13 78 0 1 41 10001
2018-08-11T16:18Z 90 8 22 78 0 1 41 10001
2018-08-11T16:03Z 180 8 18 78 0 1 41 10004
2018-08-11T16:28Z 45 6 18 79 0 1 41 10000
2018-08-11T16:23Z 135 8 22 79 0 1 41 10000
2018-08-11T16:33Z 45 5 17 79 0 1 41 9999
2018-08-11T16:43Z 135 3 13 78 0 1 41 9999
2018-08-11T16:38Z 45 5 13 78 0 1 41 9999
2018-08-11T16:48Z 45 7 13 78 0 1 40 10000