2018-07-31T11:09Z 45 6 15 87 0 1 65 10002
2018-07-31T11:29Z 45 3 13 84 0 1 72 10003
2018-07-31T11:19Z 45 5 13 85 0 1 70 10003
2018-07-31T11:39Z 45 2 10 84 0 1 73 10004
2018-07-31T21:59Z 45 10 23 80 0 1 86 10006
2018-08-01T00:47Z 45 3 10 83 0 0 77 10021
2018-07-31T22:14Z 45 6 20 80 0 0 86 10008
2018-08-01T00:52Z 45 5 15 84 0 0 74 10021
2018-08-01T02:12Z 45 8 26 93 0 0 55 10025
2018-08-01T02:47Z 45 10 23 94 0 0 52 10026
2018-08-01T02:42Z 45 7 21 94 0 0 53 10025
2018-08-01T03:12Z 90 9 20 95 0 0 51 10022
2018-08-01T02:52Z 45 7 25 95 0 0 52 10025
2018-08-01T03:22Z 45 8 26 93 0 8 54 10021
2018-08-01T03:37Z 45 7 21 100 0 0 46 10020
2018-08-01T04:07Z 45 8 22 101 0 0 44 10016
2018-08-01T04:12Z 45 7 24 100 0 0 45 10016
2018-08-01T04:17Z 46 9 22 99 0 0 46 10016
2018-08-01T04:22Z 45 9 25 96 0 0 49 10015
2018-08-01T04:27Z 45 9 24 97 0 0 47 10014
2018-08-01T04:32Z 45 11 23 96 0 0 49 10013
2018-08-01T04:37Z 45 6 23 99 0 0 47 10012
2018-08-01T04:42Z 45 5 21 102 0 0 43 10012
2018-08-01T04:47Z 45 8 20 101 0 0 43 10011
2018-08-01T04:57Z 45 9 29 101 0 0 42 10010
2018-08-01T05:02Z 45 9 31 101 0 0 42 10010
2018-08-01T05:07Z 45 9 26 100 0 0 44 10009
2018-08-01T03:52Z 45 5 22 97 0 0 49 10018
2018-08-01T05:12Z 90 11 28 101 0 0 42 10008
2018-08-01T05:22Z 45 10 26 98 0 0 43 10008
2018-08-01T05:17Z 45 7 30 101 0 0 42 10008
2018-08-01T05:32Z 45 10 28 99 0 0 43 10005
2018-08-01T05:57Z 45 11 31 102 0 0 38 10002
2018-08-01T05:52Z 45 8 22 103 0 0 38 10003
2018-08-01T06:12Z 45 10 31 98 0 0 42 9999
2018-08-01T06:07Z 45 13 30 100 0 0 41 10000
2018-08-01T06:27Z 45 15 34 98 0 0 44 9997
2018-08-01T06:42Z 45 12 28 96 0 0 48 9996
2018-08-01T06:52Z 45 13 34 96 0 0 48 9995
2018-08-01T06:57Z 45 14 31 97 0 0 47 9994
2018-08-01T07:02Z 45 10 31 98 0 0 46 9993
2018-08-01T07:17Z 45 11 29 100 0 0 42 9990
2018-08-01T07:57Z 90 15 45 97 0 0 43 9985
2018-08-01T08:12Z 45 8 37 99 0 0 40 9984
2018-08-01T08:22Z 90 15 35 99 0 0 40 9984
2018-08-01T07:42Z 45 12 28 98 0 0 43 9988
2018-08-01T08:27Z 45 12 36 99 0 0 39 9983
2018-08-01T08:32Z 45 16 31 99 0 0 40 9983
2018-08-01T08:37Z 45 11 31 99 0 0 41 9984
2018-08-01T08:42Z 45 16 44 99 0 0 40 9984
2018-08-01T08:47Z 45 21 47 98 0 0 42 9985
2018-08-01T08:57Z 90 13 37 98 0 0 41 9985
2018-08-01T08:52Z 45 15 50 98 0 0 42 9985
2018-08-01T09:02Z 45 12 33 100 0 0 39 9985
2018-08-01T09:07Z 45 8 36 102 0 0 38 9984
2018-08-01T09:12Z 90 15 38 100 0 0 39 9985
2018-08-01T09:22Z 45 17 39 98 0 0 41 9985
2018-08-01T09:27Z 45 10 40 99 0 0 40 9985
2018-08-01T09:32Z 45 9 31 100 0 0 40 9985
2018-08-01T09:37Z 45 8 27 100 0 0 40 9986
2018-08-01T09:42Z 45 10 26 99 0 0 40 9987
2018-08-01T09:47Z 45 9 23 98 0 0 41 9988
2018-08-01T09:52Z 45 12 23 97 0 0 42 9988
2018-08-01T09:57Z 45 14 28 96 0 0 44 9989
2018-08-01T10:02Z 45 10 30 96 0 0 43 9989
2018-08-01T10:12Z 45 10 32 96 0 0 43 9989
2018-08-01T10:17Z 135 13 29 95 0 0 45 9990
2018-08-01T10:32Z 45 9 37 93 0 0 48 9992
2018-08-01T10:22Z 45 14 31 94 0 0 46 9991
2018-08-01T10:37Z 45 8 33 94 0 0 48 9992
2018-08-01T10:47Z 45 12 36 92 0 0 49 9992
2018-08-01T10:52Z 45 13 36 91 0 0 51 9992
2018-08-01T10:42Z 45 13 30 93 0 0 48 9992
2018-08-01T11:02Z 90 10 31 90 0 0 54 9991
2018-08-01T10:57Z 90 14 36 90 0 0 53 9992
2018-08-01T11:07Z 90 17 41 89 0 0 54 9992
2018-08-01T11:12Z 45 14 47 89 0 0 55 9993
2018-08-01T11:17Z 45 10 34 89 0 0 55 9993
2018-08-01T11:22Z 45 13 27 89 0 0 56 9994
2018-08-01T11:27Z 45 14 34 89 0 0 56 9995
2018-08-01T11:32Z 45 12 37 89 0 0 56 9995
2018-08-01T11:37Z 90 13 36 89 0 0 57 9995
2018-08-01T11:42Z 135 15 29 88 0 0 58 9996
2018-08-01T11:47Z 45 13 34 88 0 0 58 9997
2018-08-01T11:57Z 135 12 28 88 0 0 59 9998
2018-08-01T12:02Z 90 10 29 88 0 0 59 9999
2018-08-01T11:52Z 45 10 33 88 0 0 58 9997
2018-08-01T12:07Z 135 16 31 88 0 0 59 9999
2018-08-01T12:12Z 45 15 34 88 0 0 59 9999
2018-08-01T12:17Z 135 16 38 88 0 0 60 9999
2018-08-01T12:22Z 45 14 37 88 0 0 61 9999
2018-08-01T12:32Z 135 19 35 87 0 0 64 10000
2018-08-01T12:42Z 45 19 40 87 0 0 68 10001
2018-08-01T12:47Z 180 20 42 87 0 0 69 10002
2018-08-01T12:52Z 135 22 44 86 0 0 70 10004
2018-08-01T12:57Z 180 22 42 86 0 0 71 10005
2018-08-01T13:02Z 45 16 42 86 0 0 71 10006
2018-08-01T13:07Z 135 25 52 86 0 0 72 10007
2018-08-01T13:12Z 135 20 53 86 0 0 72 10006
2018-08-01T13:17Z 45 20 42 86 0 0 73 10006
2018-08-01T13:22Z 45 15 36 86 0 0 73 10007
2018-08-01T13:27Z 45 16 38 85 0 0 73 10007
2018-08-01T13:32Z 45 19 41 85 0 0 74 10007
2018-08-01T12:27Z 90 10 29 88 0 0 62 10000
2018-08-01T13:42Z 45 15 42 85 0 0 74 10007
2018-08-01T13:52Z 45 12 33 85 0 0 74 10006
2018-08-01T13:57Z 90 16 38 85 0 0 74 10008
2018-08-01T14:02Z 180 21 45 85 0 0 75 10010
2018-08-01T14:07Z 135 23 44 85 0 0 75 10011
2018-08-01T14:12Z 135 25 45 85 0 0 75 10012
2018-08-01T14:17Z 135 28 47 85 0 0 75 10013
2018-08-01T14:22Z 135 28 52 85 0 0 75 10014
2018-08-01T14:27Z 45 28 59 85 1 1 75 10016
2018-08-01T14:42Z 90 20 41 84 1 1 76 10018
2018-08-01T14:47Z 45 25 47 84 1 1 76 10018
2018-08-01T14:52Z 45 25 51 84 1 1 76 10018
2018-08-01T14:57Z 135 32 60 84 1 1 76 10020
2018-08-01T15:02Z 45 27 60 84 1 1 76 10020
2018-08-01T15:12Z 135 26 58 83 1 1 77 10021
2018-08-01T15:17Z 45 18 59 83 1 1 76 10022
2018-08-01T13:37Z 135 20 46 85 0 0 74 10007
2018-08-01T15:22Z 45 15 46 83 0 1 77 10022
2018-08-01T15:27Z 90 24 41 83 0 1 76 10023
2018-08-01T15:32Z 45 23 48 83 0 1 76 10022
2018-08-01T15:37Z 135 20 47 83 0 1 77 10022
2018-08-01T15:42Z 45 20 46 83 0 1 77 10022
2018-08-01T15:52Z 135 18 48 83 1 2 77 10021
2018-08-01T15:47Z 45 21 51 83 1 2 77 10022
2018-08-01T15:57Z 135 23 41 83 1 2 77 10021
2018-08-01T16:12Z 135 23 45 83 1 2 77 10020
2018-08-01T16:07Z 45 21 45 83 1 2 77 10020
2018-08-01T16:27Z 45 17 45 83 1 2 78 10018
2018-08-01T16:32Z 135 23 42 83 1 2 78 10017
2018-08-01T16:17Z 135 22 45 83 1 0 77 10019
2018-08-01T16:37Z 45 18 43 83 1 2 78 10016
2018-08-01T16:42Z 90 16 42 83 0 2 78 10016
2018-08-01T16:52Z 45 14 40 83 0 2 78 10014
2018-08-01T16:47Z 45 20 42 83 0 2 78 10014
2018-08-01T17:02Z 135 18 35 83 0 2 78 10014
2018-08-01T16:57Z 90 17 34 83 0 2 78 10014
2018-08-01T17:07Z 90 19 34 83 0 2 77 10013
2018-08-01T17:12Z 90 17 34 83 0 2 78 10013
2018-08-01T17:22Z 45 15 44 83 0 2 78 10012
2018-08-01T17:17Z 45 21 39 83 0 2 77 10013
2018-08-01T17:32Z 45 16 40 82 0 2 78 10010
2018-08-01T17:37Z 45 15 40 82 0 2 78 10010
2018-08-01T17:27Z 45 17 41 82 0 2 78 10011
2018-08-01T17:42Z 90 19 37 82 0 2 78 10009
2018-08-01T17:47Z 135 19 37 82 0 2 78 10009
2018-08-01T18:02Z 45 15 32 82 0 2 79 10006
2018-08-01T17:52Z 45 16 37 82 0 2 78 10009
2018-08-01T18:07Z 45 17 33 82 0 2 79 10007
2018-08-01T18:12Z 135 17 39 82 0 2 79 10005
2018-08-01T18:17Z 45 12 41 82 0 2 79 10003
2018-08-01T18:32Z 45 8 29 82 0 2 80 10003
2018-08-01T18:37Z 45 8 26 82 0 2 80 10002
2018-08-01T18:22Z 135 16 36 82 0 2 80 10003
2018-08-01T18:42Z 45 6 22 82 0 2 80 10001
2018-08-01T18:47Z 90 9 17 82 0 2 80 10000
2018-08-01T18:57Z 45 3 19 81 0 2 81 9998
2018-08-01T18:52Z 45 6 19 82 0 2 81 9999
2018-08-01T19:02Z 45 2 16 81 0 2 81 9998
2018-08-01T19:12Z 45 0 8 81 0 2 82 9997
2018-08-01T19:07Z 45 2 8 81 0 2 82 9998
2018-08-01T19:22Z 45 2 7 81 0 2 83 9996
2018-08-01T19:17Z 45 2 7 81 0 2 83 9997
2018-08-01T19:27Z 135 4 11 81 0 2 83 9997
2018-08-01T19:32Z 45 3 17 81 0 2 83 9996
2018-08-01T19:37Z 45 5 16 81 0 2 83 9997
2018-08-01T19:47Z 45 8 16 81 0 2 82 9997
2018-08-01T19:52Z 90 6 17 81 0 2 82 9997
2018-08-01T19:57Z 90 9 17 81 0 2 82 9998
2018-08-01T20:02Z 135 8 18 81 0 2 82 9998
2018-08-01T19:42Z 135 8 15 81 0 2 82 9997
2018-08-01T20:07Z 90 8 16 81 0 2 83 9997
2018-08-01T20:17Z 135 11 20 81 0 2 83 9996
2018-08-01T20:12Z 90 7 17 81 0 2 83 9997
2018-08-01T20:27Z 90 11 21 81 0 2 83 9997
2018-08-01T20:32Z 90 15 26 81 0 2 83 9997
2018-08-01T20:22Z 135 9 21 81 0 2 83 9996
2018-08-01T20:37Z 90 10 27 81 0 2 83 9997
2018-08-01T20:42Z 135 16 29 80 0 2 83 9997
2018-08-01T20:52Z 135 12 27 80 0 2 83 9998
2018-08-01T20:47Z 45 13 30 80 0 2 83 9998
2018-08-01T20:57Z 135 16 27 80 0 2 83 9998
2018-08-01T21:02Z 135 15 31 80 0 2 84 9999
2018-08-01T21:07Z 135 17 34 80 0 2 84 10000
2018-08-01T21:17Z 135 11 32 80 0 2 84 10000
2018-08-01T21:22Z 45 13 29 79 0 2 84 10001
2018-08-01T21:12Z 45 13 37 80 0 2 84 10000
2018-08-01T21:32Z 45 7 23 79 0 2 85 10002
2018-08-01T21:27Z 90 8 28 79 0 2 85 10001
2018-08-01T21:42Z 90 8 21 79 0 2 85 10003
2018-08-01T21:47Z 45 7 24 79 0 2 85 10004
2018-08-01T21:37Z 90 8 19 79 0 2 85 10003
2018-08-01T21:57Z 45 5 18 79 0 2 85 10005
2018-08-01T22:02Z 45 6 18 79 0 2 85 10005
2018-08-01T21:52Z 45 7 25 79 0 2 85 10005
2018-08-01T22:12Z 45 8 24 79 0 2 86 10006
2018-08-01T22:07Z 135 7 20 79 0 2 86 10005
2018-08-01T22:22Z 90 7 23 79 0 2 87 10006
2018-08-01T22:32Z 45 5 15 79 0 2 86 10006
2018-08-01T22:37Z 90 5 16 79 0 2 85 10006
2018-08-01T22:27Z 90 5 15 79 0 2 87 10005
2018-08-01T22:42Z 45 5 16 79 0 2 84 10006
2018-08-01T22:52Z 45 6 17 79 0 2 82 10006
2018-08-01T22:57Z 90 7 18 79 0 2 82 10006
2018-08-01T22:47Z 90 6 18 79 0 2 83 10006
2018-08-01T23:02Z 45 7 18 79 0 2 82 10006
2018-08-01T23:07Z 45 7 21 79 0 2 82 10006
2018-08-01T23:17Z 45 4 15 79 0 2 82 10007
2018-08-01T23:57Z 45 4 10 81 0 0 77 10011
2018-08-01T23:12Z 45 5 22 79 0 2 82 10007
2018-08-02T00:32Z 45 6 20 82 0 0 74 10015
2018-08-02T00:07Z 45 4 16 82 0 0 74 10013
2018-08-02T01:22Z 45 7 16 82 0 0 72 10019
2018-08-02T01:35Z 45 9 21 83 0 0 71 10019
2018-08-02T01:40Z 45 9 22 84 0 0 70 10020
2018-08-02T02:03Z 45 9 23 84 0 0 69 10020
2018-08-02T02:08Z 90 9 31 84 0 0 69 10020
2018-08-02T02:13Z 45 12 29 85 0 0 67 10020
2018-08-02T02:18Z 45 10 26 85 0 0 66 10019
2018-08-02T01:45Z 45 8 20 84 0 0 69 10020
2018-08-02T02:23Z 45 11 29 87 0 0 63 10019
2018-08-02T02:28Z 45 12 33 87 0 0 63 10019
2018-08-02T02:33Z 45 13 32 87 0 0 63 10019
2018-08-02T02:38Z 45 14 30 87 0 0 63 10019
2018-08-02T02:43Z 45 13 30 87 0 0 63 10019
2018-08-02T02:53Z 45 12 29 89 0 0 60 10019
2018-08-02T02:58Z 45 9 25 89 0 0 59 10019
2018-08-02T02:48Z 90 13 29 88 0 0 61 10019
2018-08-02T03:13Z 45 12 28 89 0 0 59 10019
2018-08-02T03:18Z 45 15 33 91 0 0 56 10018
2018-08-02T03:23Z 45 18 35 90 1 1 57 10018
2018-08-02T03:28Z 45 14 35 90 1 1 56 10017
2018-08-02T03:33Z 45 13 33 91 1 1 56 10017
2018-08-02T03:38Z 45 9 30 92 1 1 55 10016
2018-08-02T03:43Z 45 10 27 94 1 1 51 10015
2018-08-02T03:48Z 45 16 36 93 2 2 52 10015
2018-08-02T03:53Z 45 16 37 92 3 3 53 10014
2018-08-02T03:58Z 45 16 31 92 3 3 53 10014
2018-08-02T04:03Z 45 19 34 92 3 3 54 10013
2018-08-02T04:08Z 45 10 35 93 3 3 53 10014
2018-08-02T04:18Z 45 13 36 91 2 3 56 10013
2018-08-02T04:28Z 45 13 33 94 2 3 52 10012
2018-08-02T04:33Z 45 12 29 95 2 3 51 10011
2018-08-02T03:08Z 45 12 25 89 0 0 59 10019
2018-08-02T04:43Z 45 16 36 94 2 4 51 10009
2018-08-02T04:48Z 45 16 37 95 1 5 49 10009
2018-08-02T04:58Z 45 10 31 94 1 5 51 10009
2018-08-02T05:03Z 45 11 30 95 1 5 50 10008
2018-08-02T05:08Z 45 14 32 96 1 5 47 10006
2018-08-02T04:38Z 45 15 31 94 2 3 51 10010
2018-08-02T05:13Z 45 11 31 96 1 5 47 10006
2018-08-02T05:28Z 45 13 30 94 1 5 51 10004
2018-08-02T05:38Z 45 14 36 94 2 6 51 10002
2018-08-02T05:43Z 45 11 32 96 1 6 48 10001
2018-08-02T05:48Z 45 11 30 97 1 6 47 10000
2018-08-02T05:53Z 45 11 31 98 1 6 46 10001
2018-08-02T06:03Z 45 16 32 97 1 6 47 9999
2018-08-02T06:08Z 45 14 34 97 1 6 48 9999
2018-08-02T06:13Z 45 11 39 97 1 6 47 9998
2018-08-02T06:18Z 45 11 42 95 1 6 50 9997
2018-08-02T05:23Z 45 6 23 97 1 5 47 10005
2018-08-02T06:28Z 45 10 37 98 1 6 46 9995
2018-08-02T06:33Z 45 13 35 99 0 6 44 9995
2018-08-02T06:38Z 45 11 38 99 0 6 44 9993
2018-08-02T06:43Z 45 12 37 99 0 6 43 9992
2018-08-02T06:53Z 45 14 37 99 0 6 44 9990
2018-08-02T07:03Z 45 12 30 98 0 6 44 9988
2018-08-02T07:08Z 45 13 36 98 0 6 45 9987
2018-08-02T07:18Z 90 16 40 95 0 6 49 9985
2018-08-02T07:28Z 45 19 41 95 2 9 48 9982
2018-08-02T07:33Z 45 16 39 95 3 10 49 9982
2018-08-02T07:38Z 90 19 57 95 6 13 49 9982
2018-08-02T07:48Z 90 13 37 98 9 15 45 9981
2018-08-02T07:53Z 45 18 35 97 9 15 45 9981
2018-08-02T07:58Z 90 14 38 98 9 15 45 9981
2018-08-02T06:23Z 45 14 39 94 1 6 51 9996
2018-08-02T08:03Z 45 13 37 98 9 15 44 9981
2018-08-02T08:13Z 45 15 39 98 9 15 44 9980
2018-08-02T08:08Z 45 13 32 98 9 15 44 9980
2018-08-02T08:28Z 45 11 36 98 5 15 42 9978
2018-08-02T08:33Z 45 15 39 99 5 15 42 9977
2018-08-02T08:38Z 90 19 46 98 1 15 43 9976
2018-08-02T08:48Z 45 25 74 94 2 18 48 9975
2018-08-02T08:53Z 45 24 73 95 7 22 47 9975
2018-08-02T09:03Z 45 19 63 95 10 26 47 9977
2018-08-02T09:08Z 45 13 60 97 11 27 44 9977
2018-08-02T09:13Z 45 22 47 96 11 27 45 9977
2018-08-02T09:18Z 45 22 53 95 813 28 47 9977
2018-08-02T09:28Z 45 18 45 94 14 29 47 9979
2018-08-02T09:33Z 45 19 51 94 14 29 47 9980
2018-08-02T09:38Z 45 14 54 95 15 31 46 9980
2018-08-02T09:48Z 90 21 51 92 20 40 51 9981
2018-08-02T08:23Z 45 16 40 98 9 15 43 9979
2018-08-02T10:23Z 135 25 62 88 37 67 61 9986
2018-08-02T10:18Z 45 26 56 88 32 62 62 9985
2018-08-02T10:58Z 45 22 47 87 14 69 66 9989
2018-08-02T10:53Z 90 20 48 87 16 67 65 9989
2018-08-02T11:23Z 45 23 58 86 14 81 69 9995
2018-08-02T11:28Z 45 22 53 86 15 83 70 9996
2018-08-02T11:08Z 90 20 60 86 13 75 67 9991
2018-08-02T11:53Z 45 21 58 83 45 112 73 9998
2018-08-02T11:58Z 45 20 43 83 50 120 73 9999
2018-08-02T12:03Z 90 15 44 82 49 122 73 10000
2018-08-02T11:33Z 45 18 47 85 16 84 70 9997
2018-08-02T12:13Z 45 16 57 82 51 126 75 10000
2018-08-02T12:28Z 45 12 34 82 42 127 75 10002
2018-08-02T12:33Z 45 17 40 82 43 127 75 10003
2018-08-02T12:38Z 90 16 39 82 37 128 75 10004
2018-08-02T12:43Z 45 15 36 82 31 131 75 10006
2018-08-02T12:48Z 45 10 36 82 20 132 75 10009
2018-08-02T12:08Z 45 25 49 82 47 122 74 10000
2018-08-02T13:03Z 45 15 41 82 13 135 75 10011
2018-08-02T13:08Z 90 14 38 82 12 136 75 10011
2018-08-02T13:13Z 90 16 40 82 9 136 75 10012
2018-08-02T13:18Z 45 12 45 82 9 136 75 10013
2018-08-02T13:28Z 45 12 35 82 9 136 74 10012
2018-08-02T13:38Z 90 15 36 82 7 136 74 10015
2018-08-02T13:43Z 45 11 36 82 3 136 75 10015
2018-08-02T13:48Z 90 17 34 82 3 136 75 10016
2018-08-02T13:53Z 90 18 34 82 3 136 76 10016
2018-08-02T13:58Z 45 14 35 82 4 137 76 10017
2018-08-02T14:03Z 45 17 37 81 1 137 76 10017
2018-08-02T14:08Z 45 12 36 82 1 137 76 10017
2018-08-02T14:18Z 45 7 31 82 3 140 76 10016
2018-08-02T14:23Z 45 7 24 82 3 140 76 10017
2018-08-02T12:58Z 45 22 42 82 11 132 75 10010
2018-08-02T14:38Z 45 9 22 81 3 140 77 10021
2018-08-02T14:48Z 45 6 40 81 3 140 78 10023
2018-08-02T14:43Z 45 9 30 81 3 140 77 10022
2018-08-02T14:58Z 90 8 19 80 2 140 80 10025
2018-08-02T15:03Z 90 10 25 80 2 140 80 10025
2018-08-02T15:08Z 45 9 26 80 2 140 82 10025
2018-08-02T15:13Z 135 7 27 80 0 140 82 10024
2018-08-02T15:18Z 45 8 23 80 0 140 81 10024
2018-08-02T15:23Z 45 5 18 80 0 140 80 10024
2018-08-02T15:28Z 45 6 15 80 0 140 80 10024
2018-08-02T15:33Z 45 6 18 80 0 140 80 10024
2018-08-02T15:38Z 45 7 20 80 0 140 80 10024
2018-08-02T15:43Z 45 8 19 80 0 140 79 10024
2018-08-02T15:48Z 45 5 19 80 0 140 80 10024
2018-08-02T15:53Z 45 6 17 80 0 140 79 10023
2018-08-02T15:58Z 45 5 17 80 0 140 79 10023
2018-08-02T16:03Z 45 6 17 80 0 140 78 10022
2018-08-02T16:08Z 45 6 18 80 1 141 78 10022
2018-08-02T16:13Z 45 5 18 80 1 141 77 10022
2018-08-02T14:53Z 45 5 34 81 2 140 78 10024
2018-08-02T16:23Z 90 9 21 80 1 141 75 10021
2018-08-02T16:28Z 45 7 23 80 1 141 75 10021
2018-08-02T16:33Z 90 8 21 80 1 141 73 10021
2018-08-02T16:43Z 45 6 20 80 1 141 72 10019
2018-08-02T16:48Z 45 6 19 80 1 141 72 10019
2018-08-02T16:58Z 45 6 15 80 1 281 71 10019
2018-08-02T17:03Z 135 11 25 80 0 141 71 10019
2018-08-02T16:18Z 45 4 15 80 1 141 77 10022
2018-08-02T17:13Z 90 10 27 80 0 141 73 10017
2018-08-02T17:18Z 135 8 23 80 0 141 74 10016
2018-08-02T17:08Z 45 13 30 80 0 141 72 10018
2018-08-02T17:28Z 135 6 19 80 0 141 75 10015
2018-08-02T17:33Z 135 7 18 80 0 141 75 10014
2018-08-02T17:23Z 90 7 20 80 0 141 74 10015
2018-08-02T17:38Z 135 6 18 80 0 141 76 10013
2018-08-02T17:43Z 90 5 12 80 0 141 75 10012
2018-08-02T17:53Z 90 5 24 80 0 141 75 10011
2018-08-02T18:08Z 135 9 21 80 0 141 76 10008
2018-08-02T18:18Z 45 10 24 80 0 141 77 10007
2018-08-02T18:28Z 45 10 27 80 0 141 79 10006
2018-08-02T18:33Z 90 7 28 80 0 141 79 10005
2018-08-02T18:38Z 45 8 20 80 0 141 80 10005
2018-08-02T18:58Z 45 11 22 80 0 141 81 10003
2018-08-02T19:03Z 45 9 27 80 0 141 81 10003
2018-08-02T19:13Z 45 9 28 80 0 141 81 10003
2018-08-02T19:18Z 45 9 24 80 0 141 81 10003
2018-08-02T19:43Z 90 6 18 80 0 141 82 10002
2018-08-02T19:48Z 135 5 16 80 0 141 82 10003
2018-08-02T19:53Z 45 6 17 80 0 141 82 10003
2018-08-02T19:58Z 45 7 18 80 0 141 82 10003
2018-08-02T20:03Z 90 7 19 80 0 141 82 10003
2018-08-02T20:08Z 135 10 21 80 0 141 82 10003
2018-08-02T20:13Z 90 8 22 80 0 141 82 10003
2018-08-02T20:23Z 45 7 19 80 0 141 82 10002
2018-08-02T17:58Z 135 4 22 80 0 141 75 10010
2018-08-02T20:43Z 90 9 22 80 0 141 81 10001
2018-08-02T20:33Z 180 9 22 80 0 141 81 10001
2018-08-02T20:53Z 90 8 21 80 0 141 81 10001
2018-08-02T21:03Z 135 11 24 79 0 141 82 10001
2018-08-02T20:48Z 90 7 21 80 0 141 81 10001
2018-08-02T21:13Z 135 11 24 79 0 141 82 10002
2018-08-02T21:18Z 45 7 24 80 0 141 83 10002
2018-08-02T21:08Z 135 11 24 79 0 241 82 10002
2018-08-02T21:33Z 90 10 24 79 0 141 83 10003
2018-08-02T21:38Z 90 13 24 79 0 141 84 10004
2018-08-02T21:48Z 90 11 24 79 0 141 84 10004
2018-08-02T21:58Z 90 9 30 79 0 141 84 10005
2018-08-02T22:03Z 90 11 26 79 0 141 84 10005
2018-08-02T22:08Z 135 7 25 79 0 141 84 10005
2018-08-02T22:13Z 90 7 30 79 0 141 84 10005
2018-08-02T22:18Z 45 7 27 79 0 141 84 10006
2018-08-02T22:23Z 45 7 20 79 0 141 84 10006
2018-08-02T22:33Z 90 8 19 79 0 141 84 10007
2018-08-02T22:38Z 90 6 21 79 0 141 84 10007
2018-08-02T21:28Z 135 11 24 79 0 141 83 10003
2018-08-02T22:48Z 90 4 13 79 0 141 83 10007
2018-08-02T22:53Z 45 6 18 79 0 141 83 10008
2018-08-02T23:03Z 135 7 15 79 0 141 82 10008
2018-08-02T23:08Z 45 9 17 79 0 141 82 10008
2018-08-02T23:13Z 45 7 20 79 0 141 81 10008
2018-08-02T23:18Z 90 9 24 79 0 141 81 10009
2018-08-02T23:23Z 90 6 23 79 0 141 81 10008
2018-08-02T23:28Z 90 6 19 79 0 141 81 10008
2018-08-02T23:33Z 45 6 17 79 0 141 80 10009
2018-08-02T23:38Z 90 7 18 79 0 141 80 10009
2018-08-03T00:32Z 135 4 12 80 0 0 75 10010
2018-08-02T22:43Z 90 4 17 79 0 141 84 10007
2018-08-03T00:42Z 45 5 18 82 0 0 73 10009
2018-08-03T01:17Z 45 4 14 85 0 0 66 10012
2018-08-03T01:22Z 45 3 14 86 0 0 65 10012
2018-08-03T01:12Z 45 5 13 85 0 0 66 10011
2018-08-03T01:37Z 45 2 17 87 0 0 63 10012
2018-08-03T01:32Z 45 4 12 87 0 0 62 10012
2018-08-03T01:47Z 45 4 13 87 0 0 62 10012
2018-08-03T02:07Z 45 6 16 88 0 0 61 10012
2018-08-03T02:17Z 45 6 17 89 0 0 59 10012
2018-08-03T02:22Z 45 3 15 89 0 0 58 10012
2018-08-03T02:32Z 45 3 22 89 0 0 58 10012
2018-08-03T02:37Z 45 7 19 90 0 0 57 10012
2018-08-03T02:52Z 45 8 25 90 0 0 55 10011
2018-08-03T03:02Z 45 6 18 90 0 0 54 10011
2018-08-03T03:07Z 45 7 16 90 0 0 54 10011
2018-08-03T03:12Z 45 6 15 90 0 0 54 10011
2018-08-03T01:42Z 45 3 14 87 0 0 62 10012
2018-08-03T03:27Z 90 11 28 91 0 0 52 10010
2018-08-03T03:37Z 45 4 33 96 0 0 46 10009
2018-08-03T03:42Z 45 4 16 98 0 0 42 10008
2018-08-03T03:47Z 45 13 25 96 0 0 43 10008
2018-08-03T04:02Z 45 15 32 94 2 0 0 10008
2018-08-03T04:07Z 90 15 35 94 2 2 47 10007
2018-08-03T04:12Z 90 20 43 92 8 8 49 10007
2018-08-03T04:17Z 45 13 45 91 9 9 50 10007
2018-08-03T04:22Z 45 9 40 92 9 9 48 10007
2018-08-03T04:27Z 90 14 31 91 10 10 50 10006
2018-08-03T04:37Z 45 8 38 92 10 10 51 10004
2018-08-03T04:42Z 90 11 27 93 10 10 49 10003
2018-08-03T04:52Z 45 6 25 96 9 10 45 10001
2018-08-03T04:57Z 45 6 18 98 7 10 43 10001
2018-08-03T05:02Z 45 9 28 97 7 10 43 10000
2018-08-03T05:07Z 45 4 29 98 6 10 43 9999
2018-08-03T03:32Z 45 8 37 92 0 0 50 10008
2018-08-03T05:17Z 45 8 20 98 1 10 43 9998
2018-08-03T05:22Z 45 15 34 95 0 10 45 9997
2018-08-03T05:27Z 45 12 34 95 0 10 46 9996
2018-08-03T05:32Z 45 15 36 94 0 10 46 9996
2018-08-03T05:37Z 45 18 44 93 0 10 48 9995
2018-08-03T05:42Z 45 18 43 92 0 10 49 9995
2018-08-03T05:47Z 45 19 52 92 0 10 49 9995
2018-08-03T05:52Z 45 14 54 93 0 10 49 9994
2018-08-03T05:57Z 90 16 40 93 0 10 49 9993
2018-08-03T06:02Z 90 24 44 92 1 12 50 9992
2018-08-03T06:07Z 45 14 46 93 2 13 50 9991
2018-08-03T06:17Z 45 11 32 93 2 13 49 9991
2018-08-03T06:22Z 45 12 30 94 2 13 47 9990
2018-08-03T06:27Z 45 12 32 96 3 14 43 9989
2018-08-03T06:32Z 45 9 34 95 5 15 44 9989
2018-08-03T05:12Z 45 4 18 98 1 10 43 9998
2018-08-03T06:37Z 90 12 33 94 5 15 44 9988
2018-08-03T06:47Z 45 9 33 97 6 16 41 9987
2018-08-03T06:52Z 45 15 41 97 6 16 41 9987
2018-08-03T06:57Z 45 20 62 96 7 18 42 9986
2018-08-03T07:02Z 45 12 61 96 5 18 43 9986
2018-08-03T07:07Z 45 16 36 95 5 18 44 9986
2018-08-03T07:12Z 45 16 35 94 7 20 45 9986
2018-08-03T07:22Z 45 23 51 93 12 25 45 9986
2018-08-03T07:32Z 45 11 36 96 10 26 42 9985
2018-08-03T07:37Z 90 17 39 96 10 27 42 9985
2018-08-03T07:42Z 90 17 44 93 13 29 46 9986
2018-08-03T07:47Z 90 22 45 93 14 31 46 9986
2018-08-03T07:52Z 45 22 46 94 13 31 46 9986
2018-08-03T08:02Z 45 20 56 93 13 31 46 9985
2018-08-03T08:17Z 135 23 47 92 8 32 48 9984
2018-08-03T08:22Z 135 22 47 93 6 32 48 9984
2018-08-03T08:27Z 90 23 49 93 6 32 47 9983
2018-08-03T06:42Z 45 15 30 94 6 16 45 9987
2018-08-03T08:32Z 45 14 48 93 7 33 47 9983
2018-08-03T08:37Z 45 17 44 94 5 33 46 9982
2018-08-03T08:42Z 45 14 45 94 2 33 46 9982
