 0.000 0 17 2.500 2.500 0.400 3.200 3.200 0.000
 0.900 1 18 2.500 2.500 0.800 3.200 3.200 0.010
 0.900 1 19 2.389 2.556 0.500 3.000 3.200 0.000
 0.900 1 20 2.389 2.389 0.100 3.000 3.100 0.000
 0.400 1 21 2.333 2.389 0.000 3.100 3.200 0.000
 0.300 1 22 2.333 2.389 -0.300 3.200 3.200 0.000
 0.300 1 23 2.389 2.556 -1.100 2.900 3.200 0.000
 0.500 1 0 2.611 3.278 -1.300 2.600 4.600 0.000
 0.800 1 1 3.278 3.611 -0.900 4.900 5.300 0.000
 1.700 1 2 3.444 3.833 -0.500 4.500 5.300 0.000
 1.300 1 3 3.833 4.056 0.300 3.900 4.600 0.000
 1.200 1 4 3.667 3.833 1.100 4.400 4.800 0.000
 1.600 1 5 3.667 3.833 1.300 4.200 4.800 0.000
 1.800 1 6 3.444 3.667 1.200 4.800 5.300 0.000
 2.100 1 7 3.444 3.556 0.900 5.000 5.300 0.000
 2.700 1 8 3.389 3.500 1.000 5.100 5.300 0.000
 1.800 1 9 3.222 3.500 0.300 5.200 5.600 0.000
 1.800 0 10 3.000 3.167 -0.600 5.000 5.500 0.000
 1.700 1 11 2.889 3.000 -0.200 3.800 5.200 0.000
 1.800 1 12 2.833 2.889 -0.800 3.300 3.700 0.000
 1.300 1 13 2.833 2.833 -1.300 3.100 3.200 0.000
 1.500 1 14 2.778 2.778 -1.000 3.000 3.100 0.000
 1.700 1 15 2.722 2.778 -0.900 2.900 3.100 0.000
 1.300 1 16 2.722 2.722 0.100 2.700 2.800 0.000
 1.200 1 17 2.667 2.722 1.200 2.700 2.900 0.000
 1.200 1 18 2.611 2.667 1.000 2.700 2.800 0.000
 1.000 1 19 2.611 2.611 0.600 2.800 2.800 0.000
 0.600 1 20 2.556 2.611 0.800 2.800 2.800 0.000
 0.700 0 21 2.556 2.556 0.700 2.800 2.900 0.000
 0.400 1 22 2.500 2.556 0.000 2.800 2.900 0.000
 0.900 1 23 2.556 2.889 -1.000 2.700 3.100 0.000
 1.500 1 0 2.889 2.944 -1.300 3.300 3.500 0.000
 1.500 1 1 2.944 3.611 -0.600 3.400 5.200 0.000
 2.000 1 2 3.500 3.889 0.300 4.600 5.200 0.000
 2.400 1 3 3.611 3.889 0.700 4.400 5.100 0.000
 2.300 1 4 3.500 3.944 1.000 4.300 5.200 0.000
 2.500 1 5 3.722 3.944 1.500 4.100 4.900 0.000
 2.500 1 6 3.611 3.889 1.300 4.400 5.000 0.000
 1.900 1 7 3.222 3.889 1.000 4.700 5.300 0.000
 2.500 1 8 3.444 3.889 0.900 4.500 5.300 0.000
 2.200 1 12 2.778 2.778 0.100 3.300 3.600 0.000
 1.700 1 13 2.778 2.778 -0.600 3.300 3.400 0.000
 0.900 0 16 2.667 2.722 -0.200 3.000 3.100 0.000