 9 0.291 1 0.132 -0.026 -0.159 0
 9 0.291 1 0.106 -0.026 -0.136 0
 9 0.308 1 0.079 -0.026 -0.114 0
 9 0.308 1 0.106 -0.026 -0.114 0
 9 0.410 1 0.132 0.000 -0.114 0
 9 0.410 3 0.132 0.000 -0.159 0
 9 0.239 1 0.106 0.026 -0.136 0
 9 0.308 1 0.106 0.026 -0.136 0
 9 0.368 1 0.079 0.026 -0.136 0
 9 0.368 1 0.079 0.026 -0.114 0
 9 0.308 1 0.106 0.000 -0.114 0
 9 0.325 1 0.106 -0.051 -0.091 0
 10 0.385 1 0.106 0.026 -0.114 0
 10 0.385 3 0.132 -0.051 -0.114 0
 10 0.393 1 0.106 -0.051 -0.114 0
 10 0.393 1 0.079 -0.051 -0.114 0
 10 0.282 1 0.106 -0.077 -0.114 0
 10 0.265 1 0.106 -0.026 -0.114 0
 10 0.265 1 0.132 -0.128 -0.091 0
 10 0.239 1 0.132 -0.128 -0.091 0
 10 0.154 1 0.106 -0.154 -0.068 0
 10 0.162 1 0.106 -0.154 -0.068 0
 10 0.188 3 0.106 -0.154 -0.068 0
 10 0.214 3 0.106 -0.205 -0.045 0
 11 0.265 4 0.079 -0.205 -0.068 0
 11 0.282 1 0.106 -0.205 -0.023 0
 11 0.231 6 0.106 -0.231 -0.023 0
 11 0.274 6 0.079 -0.282 0.000 0
 11 0.274 1 0.079 -0.282 0.000 0
 11 0.265 3 0.053 -0.333 0.000 0
 11 0.265 1 0.053 -0.333 0.000 0
 11 0.231 3 0.053 -0.385 0.023 0
 11 0.197 1 0.079 -0.359 0.023 0
 11 0.197 1 0.053 -0.410 0.045 0
 11 0.231 4 0.053 -0.333 0.091 0
 11 0.248 1 0.053 -0.410 0.136 0
 12 0.248 1 0.026 -0.359 0.114 0
 12 0.265 3 0.026 -0.359 0.136 0
 12 0.342 1 0.026 -0.410 0.114 0
 12 0.342 1 0.026 -0.308 0.114 0
 12 0.325 3 0.026 -0.359 0.114 0
 12 0.325 1 0.053 -0.282 0.114 0
 12 0.256 1 0.053 -0.308 0.091 0
 12 0.256 1 0.026 -0.308 0.114 0
 12 0.188 1 0.026 -0.282 0.114 0
 12 0.188 3 0.026 -0.282 0.091 0
 12 0.265 1 0.026 -0.205 0.091 0
 12 0.265 1 0.026 -0.231 0.136 0
 13 0.239 6 0.026 -0.256 0.136 0
 13 0.274 1 0.026 -0.282 0.159 0
 13 0.299 4 0.026 -0.256 0.159 0
 13 0.299 1 0.026 -0.282 0.159 0
 13 0.291 1 0.000 -0.282 0.159 0
 13 0.291 1 0.026 -0.282 0.159 0
 13 0.239 1 0.026 -0.282 0.136 0
 13 0.214 1 0.026 -0.333 0.114 0
 13 0.239 3 0.026 -0.333 0.114 0
 13 0.239 3 0.026 -0.385 0.114 0
 13 0.205 3 0.026 -0.333 0.114 0
 14 0.197 3 0.026 -0.385 0.114 0
 14 0.205 1 0.026 -0.359 0.136 0
 14 0.205 1 0.026 -0.359 0.159 0
 14 0.265 1 0.026 -0.436 0.159 0
 14 0.265 1 0.026 -0.359 0.182 0
 14 0.205 4 0.000 -0.410 0.205 0
 14 0.188 1 0.000 -0.385 0.227 0
 14 0.197 1 0.026 -0.359 0.250 0
 14 0.282 1 0.026 -0.359 0.250 0
 14 0.282 1 0.026 -0.359 0.250 0
 14 0.239 1 0.026 -0.385 0.205 0
 14 0.239 3 0.026 -0.359 0.205 0
 15 0.205 4 0.026 -0.385 0.182 0
 15 0.239 1 0.026 -0.308 0.136 0
 15 0.239 3 0.026 -0.333 0.159 0
 15 0.171 4 0.026 -0.282 0.136 0
 15 0.154 4 0.026 -0.282 0.114 0
 15 0.179 1 0.026 -0.282 0.091 0
 15 0.179 4 0.026 -0.205 0.068 0
 15 0.162 4 0.026 -0.154 0.068 0
 15 0.239 6 0.026 -0.128 0.045 0
 15 0.239 1 0.026 -0.077 0.045 0
 15 0.239 1 0.026 -0.103 0.000 0
 15 0.231 1 0.026 -0.103 0.023 0
 16 0.256 1 0.026 -0.103 0.045 0
 16 0.256 1 0.026 -0.026 0.023 0
 16 0.214 1 0.026 -0.026 0.023 0
 16 0.205 4 0.026 -0.051 0.023 0
 16 0.154 1 0.026 -0.026 0.023 0
 16 0.128 4 0.000 0.026 0.045 0
 16 0.137 3 0.000 0.051 0.023 0
 16 0.154 6 0.026 0.103 0.023 0
 16 0.154 4 0.026 0.103 0.023 0
 16 0.154 4 0.026 0.103 0.045 0
 16 0.154 4 0.026 0.128 0.023 0
 16 0.188 1 0.026 0.179 0.023 0
 17 0.188 1 0.026 0.231 0.023 0
 17 0.154 3 0.026 0.256 0.000 0
 17 0.154 4 0.026 0.256 0.023 0
 17 0.154 4 0.026 0.282 0.023 0
 17 0.154 3 0.026 0.308 0.000 0
 17 0.214 1 0.026 0.256 0.000 0
 17 0.214 3 0.000 0.308 0.000 0
 17 0.231 1 0.000 0.282 0.000 0
 17 0.231 1 0.000 0.282 0.000 0
 17 0.222 3 0.000 0.359 0.000 0
 17 0.197 4 0.000 0.385 0.000 0
 17 0.171 6 0.000 0.410 0.000 0
 18 0.171 3 0.000 0.359 0.023 0
 18 0.154 1 0.000 0.385 0.000 0
 18 0.137 1 0.000 0.410 0.000 0
 18 0.128 3 0.000 0.410 0.000 0
 18 0.145 7 0.000 0.359 0.000 0
 18 0.162 1 0.000 0.385 -0.023 0
 18 0.162 3 0.000 0.333 -0.023 0
 18 0.154 3 0.000 0.385 -0.023 0
 18 0.154 6 0.000 0.410 -0.023 0
 18 0.154 6 0.000 0.385 -0.023 0
 18 0.154 1 0.000 0.436 -0.045 0
 18 0.162 1 0.000 0.359 -0.045 0
 19 0.205 1 0.000 0.359 -0.045 0
 19 0.205 4 0.000 0.333 -0.045 0
 19 0.179 4 0.000 0.385 -0.045 0
 19 0.128 1 0.000 0.359 -0.045 0
 19 0.128 1 0.000 0.359 -0.023 0
 19 0.154 1 0.000 0.308 -0.023 0
 19 0.154 1 0.000 0.359 -0.023 0
 19 0.128 6 0.000 0.333 -0.023 0
 19 0.188 1 0.000 0.308 -0.023 0
 19 0.188 1 0.000 0.333 0.023 0
 19 0.128 1 0.000 0.333 0.023 0
 19 0.162 4 0.000 0.333 0.023 0
 20 0.171 4 0.000 0.333 0.023 0
 20 0.171 1 0.000 0.333 0.023 0
 20 0.154 3 0.000 0.308 0.023 0
 20 0.145 1 0.000 0.333 0.023 0
 20 0.128 1 0.000 0.282 0.023 0
 20 0.128 3 0.000 0.256 0.023 0
 20 0.188 1 0.000 0.179 0.045 0
 20 0.188 1 0.000 0.128 0.045 0
 20 0.137 1 0.000 0.154 0.023 0
 20 0.154 3 0.000 0.128 0.023 0
 20 0.154 1 0.000 0.077 0.023 0
 20 0.214 1 0.000 0.077 0.023 0
 21 0.214 1 0.000 0.077 0.023 0
 21 0.214 1 -0.026 0.000 0.023 0
 21 0.214 3 -0.026 0.000 0.023 0
 21 0.128 4 0.000 0.000 0.023 0
 21 0.145 1 0.000 -0.026 0.023 0
 21 0.145 1 -0.026 -0.051 0.000 0
 21 0.179 3 -0.026 -0.077 0.000 0
 21 0.179 1 0.000 -0.128 0.023 0
 21 0.154 1 0.000 -0.128 0.023 0
 21 0.128 1 0.000 -0.205 0.023 0
 21 0.145 1 0.000 -0.205 0.023 0
 22 0.145 1 0.000 -0.205 0.023 0
 22 0.128 3 0.026 -0.231 0.023 0
 22 0.145 1 0.026 -0.205 0.023 0
 22 0.145 1 0.000 -0.231 0.023 0
 22 0.154 1 -0.026 -0.231 0.023 0
 22 0.154 3 0.000 -0.231 0.023 0
 22 0.103 3 0.026 -0.231 0.023 0
 22 0.103 1 0.000 -0.154 0.000 0
 22 0.137 4 0.000 -0.205 0.000 0
 22 0.137 1 0.000 -0.231 0.000 0
 22 0.154 1 -0.026 -0.205 0.000 0
 22 0.154 1 -0.026 -0.205 0.000 0
 23 0.154 1 -0.026 -0.231 0.000 0
 23 0.154 1 -0.026 -0.205 0.000 0
 23 0.188 1 -0.026 -0.231 0.000 0
 23 0.188 1 0.000 -0.256 0.000 0
 23 0.154 1 0.000 -0.205 0.000 0
 23 0.171 1 -0.026 -0.256 0.000 0
 23 0.171 3 -0.053 -0.282 0.000 0
 23 0.137 1 -0.053 -0.231 -0.023 0
 23 0.128 1 -0.053 -0.308 -0.023 0
 23 0.103 1 -0.026 -0.282 -0.023 0
 23 0.128 1 -0.053 -0.231 -0.045 0
 23 0.162 6 -0.053 -0.308 -0.045 0
 0 0.231 1 -0.053 -0.333 -0.045 0
 0 0.231 1 -0.053 -0.308 -0.045 0
 0 0.214 1 -0.053 -0.359 -0.068 0
 0 0.214 3 -0.053 -0.333 -0.068 0
 0 0.256 1 -0.053 -0.308 -0.068 0
 0 0.265 1 -0.026 -0.333 -0.114 0
 0 0.265 4 -0.026 -0.436 -0.159 0
 0 0.265 4 -0.026 -0.359 -0.136 0
 0 0.265 4 -0.026 -0.385 -0.091 0
 0 0.299 3 0.026 -0.308 -0.114 0
 0 0.299 1 0.053 -0.308 -0.068 0
 0 0.291 1 0.053 -0.282 -0.045 0
 1 0.231 1 0.053 -0.308 -0.045 0
 1 0.231 4 0.053 -0.256 -0.091 0
 1 0.231 1 0.026 -0.231 -0.091 0
 1 0.128 1 0.026 -0.256 -0.114 0
 1 0.128 3 0.000 -0.256 -0.114 0
 1 0.162 1 -0.026 -0.205 -0.136 0
 1 0.162 3 -0.053 -0.231 -0.227 0
 1 0.137 3 -0.079 -0.154 -0.364 0
 1 0.128 3 -0.185 -0.128 -0.341 0
 1 0.214 4 -0.265 -0.154 -0.455 0
 1 0.214 1 -0.317 -0.103 -0.477 0
 1 0.137 1 -0.423 -0.077 -0.455 0
 2 0.256 1 -0.423 -0.051 -0.318 0
 2 0.256 6 -0.370 -0.026 -0.341 0
 2 0.256 1 -0.370 -0.077 -0.341 0
 2 0.256 1 -0.344 -0.026 -0.295 0
 2 0.248 3 -0.317 0.026 -0.205 0
 2 0.248 1 -0.344 0.077 -0.136 0
 2 0.282 1 -0.370 0.026 0.068 0
 2 0.282 1 -0.291 0.103 0.091 0
 2 0.274 3 -0.212 0.103 0.159 0
 2 0.376 3 -0.159 0.051 0.159 0
 2 0.376 1 -0.026 0.051 0.091 0
 2 0.359 1 -0.026 0.077 0.023 0
 3 0.308 1 -0.106 0.077 0.091 0
 3 0.342 1 -0.106 0.051 0.159 0
 3 0.342 1 -0.132 0.051 0.159 0
 3 0.376 1 -0.106 0.103 0.114 0
 3 0.376 1 0.000 0.128 0.068 0
 3 0.342 1 0.053 0.103 -0.068 0
 3 0.325 1 0.026 0.103 0.000 0
 3 0.291 1 -0.026 0.103 0.023 0
 3 0.265 1 0.000 0.128 0.023 0
 3 0.265 1 -0.026 0.154 0.045 0
 3 0.256 4 -0.026 0.154 0.045 0
 3 0.256 1 0.000 0.103 0.023 0
 4 0.265 1 0.000 0.205 0.000 0
 4 0.265 1 0.053 0.256 -0.023 0
 4 0.248 1 0.000 0.205 0.023 0
 4 0.248 3 -0.079 0.256 0.136 0
 4 0.248 1 -0.079 0.256 0.159 0
 4 0.205 1 -0.079 0.282 0.091 0
 4 0.188 1 -0.026 0.205 0.068 0
 4 0.179 1 -0.026 0.205 0.000 0
 4 0.145 3 0.026 0.256 -0.023 0
 4 0.145 4 0.026 0.308 -0.068 0
 4 0.179 1 0.000 0.333 -0.023 0
 5 0.179 3 -0.053 0.308 0.023 0
 5 0.162 1 -0.079 0.410 0.068 0
 5 0.171 1 -0.053 0.410 0.068 0
 5 0.171 1 0.026 0.385 -0.023 0
 5 0.171 1 0.000 0.385 -0.068 0
 5 0.231 1 0.053 0.462 -0.045 0
 5 0.231 3 0.026 0.487 -0.091 0
 5 0.265 3 0.000 0.513 0.000 0
 5 0.265 1 -0.079 0.513 0.091 0
 5 0.214 3 -0.106 0.487 0.159 0
 5 0.179 3 -0.053 0.513 0.068 0
 5 0.179 1 -0.026 0.538 0.023 0
 6 0.179 1 -0.026 0.513 0.000 0
 6 0.154 3 -0.026 0.487 0.000 0
 6 0.197 1 -0.079 0.462 0.023 0
 6 0.197 1 -0.053 0.436 0.045 0
 6 0.179 1 -0.079 0.436 0.045 0
 6 0.162 1 -0.132 0.436 0.136 0
 6 0.205 3 -0.053 0.487 0.045 0
 6 0.205 4 0.000 0.462 -0.023 0
 6 0.137 1 0.026 0.462 -0.045 0
 6 0.154 1 0.026 0.385 -0.023 0
 6 0.154 1 0.026 0.410 0.023 0
 6 0.197 1 0.026 0.359 0.023 0
 7 0.248 1 0.053 0.308 0.023 0
 7 0.248 1 0.106 0.333 0.000 0
 7 0.239 1 0.106 0.359 -0.023 0
 7 0.188 1 0.106 0.333 -0.023 0
 7 0.248 1 0.185 0.256 -0.136 0
 7 0.248 1 0.106 0.231 -0.045 0
 7 0.214 1 0.079 0.205 -0.023 0
 7 0.265 3 0.079 0.179 -0.023 0
 7 0.265 3 0.079 0.205 -0.045 0
 7 0.342 3 0.185 0.179 -0.159 0
 7 0.342 3 0.212 0.179 -0.205 0
 7 0.205 1 0.185 0.179 -0.205 0
 8 0.205 3 0.132 0.179 -0.182 0
 8 0.248 1 0.132 0.205 -0.136 0
 8 0.248 1 0.132 0.179 -0.159 0
 8 0.214 1 0.079 0.205 -0.091 0
 8 0.205 1 0.079 0.154 -0.091 0
 8 0.205 1 0.079 0.179 -0.091 0
 8 0.248 3 0.079 0.128 -0.091 0
 8 0.316 3 0.132 0.128 -0.114 0
 8 0.316 1 0.053 0.154 -0.091 0
 8 0.274 1 0.026 0.103 -0.045 0
 8 0.274 3 0.026 0.128 -0.023 0
 8 0.282 3 0.053 0.103 -0.045 0
 9 0.282 1 0.053 0.077 -0.068 0
 9 0.205 1 0.079 0.077 -0.091 0
 9 0.205 1 0.106 0.051 -0.114 0
 9 0.188 1 0.132 0.077 -0.136 0
 9 0.154 1 0.132 0.103 -0.136 0
 9 0.103 1 0.132 0.103 -0.159 0
 9 0.145 1 0.106 0.103 -0.114 0
 9 0.145 1 0.106 0.051 -0.091 0
 9 0.137 1 0.106 0.026 -0.091 0
 9 0.137 1 0.132 0.026 -0.114 0
 9 0.137 1 0.106 0.026 -0.068 0
 9 0.145 1 0.106 0.026 -0.023 0
 10 0.154 1 0.106 -0.026 0.000 0
 10 0.154 1 0.106 -0.026 0.045 0
 10 0.154 3 0.106 -0.026 0.068 0
 10 0.188 1 0.106 0.000 0.091 0
 10 0.188 1 0.106 -0.051 0.114 0
 10 0.137 1 0.079 -0.051 0.114 0
 10 0.137 1 0.079 -0.077 0.136 0
 10 0.111 4 0.079 -0.077 0.136 0
 10 0.111 4 0.079 -0.103 0.159 0
 10 0.111 1 0.079 -0.103 0.159 0
 10 0.120 6 0.079 -0.103 0.159 0
 10 0.120 1 0.053 -0.205 0.159 0
 11 0.111 1 0.053 -0.205 0.159 0
 11 0.077 1 0.026 -0.205 0.159 0
 11 0.094 4 0.053 -0.205 0.136 0
 11 0.094 4 0.053 -0.205 0.159 0
 11 0.060 1 0.053 -0.231 0.159 0
 11 0.060 1 0.053 -0.231 0.136 0
 11 0.060 1 0.053 -0.205 0.136 0
 11 0.111 3 0.026 -0.179 0.114 0
 11 0.111 3 0.026 -0.205 0.114 0
 11 0.154 3 0.026 -0.256 0.136 0
 11 0.154 1 0.053 -0.256 0.182 0
 11 0.128 4 0.053 -0.256 0.227 0
 12 0.128 3 0.079 -0.256 0.227 0
 12 0.128 1 0.053 -0.282 0.250 0
 12 0.103 3 0.053 -0.359 0.250 0
 12 0.111 1 0.053 -0.333 0.250 0
 12 0.179 4 0.053 -0.308 0.250 0
 12 0.188 1 0.053 -0.333 0.250 0
 12 0.256 1 0.026 -0.359 0.091 0
 12 0.316 4 0.053 -0.333 0.091 0
 12 0.308 1 0.079 -0.359 0.136 0
 12 0.205 1 0.106 -0.410 0.114 0
 12 0.154 1 0.106 -0.308 0.091 0
 13 0.137 1 0.106 -0.308 0.091 0
 13 0.111 3 0.106 -0.282 0.068 0
 13 0.111 3 0.106 -0.256 0.045 0
 13 0.077 1 0.106 -0.282 0.045 0
 13 0.077 1 0.106 -0.256 0.045 0
 13 0.068 3 0.106 -0.308 0.045 0
 13 0.051 4 0.132 -0.308 0.227 0
 13 0.060 1 0.106 -0.333 0.205 0
 13 0.094 1 0.079 -0.385 0.114 0
 13 0.094 6 0.000 -0.385 0.091 0
 13 0.068 1 0.000 -0.410 0.045 0
 13 0.051 6 -0.026 -0.385 0.023 0
 14 0.051 1 -0.026 -0.385 0.023 0
 14 0.051 1 -0.026 -0.462 0.045 0
 14 0.094 1 -0.026 -0.385 0.045 0
 14 0.094 1 -0.026 -0.436 0.045 0
 14 0.060 1 -0.026 -0.462 0.045 0
 14 0.060 3 -0.026 -0.436 0.023 0
 14 0.060 3 -0.026 -0.410 0.023 0
 14 0.060 1 -0.026 -0.436 0.023 0
 14 0.060 1 0.000 -0.385 0.023 0
 14 0.026 1 0.000 -0.385 0.023 0
 14 0.034 1 0.000 -0.410 0.023 0
 14 0.060 1 0.000 -0.436 0.023 0
 15 0.077 1 0.000 -0.436 0.023 0
 15 0.077 1 -0.026 -0.487 0.023 0
 15 0.077 1 -0.026 -0.487 0.023 0
 15 0.068 1 -0.026 -0.487 0.023 0
 15 0.103 1 -0.026 -0.462 0.023 0
 15 0.103 1 -0.026 -0.462 0.023 0
 15 0.094 1 -0.026 -0.436 0.023 0
 15 0.094 1 -0.026 -0.308 0.023 0
 15 0.085 1 -0.026 -0.256 0.023 0
 15 0.085 1 -0.026 -0.231 0.023 0
 15 0.077 1 -0.026 -0.205 0.023 0
 15 0.077 1 -0.053 -0.154 0.000 0
 16 0.085 1 -0.026 -0.051 0.000 0
 16 0.077 1 -0.026 -0.051 0.000 0
 16 0.103 1 -0.026 0.000 0.000 0
 16 0.154 1 -0.026 0.051 0.000 0
 16 0.205 1 -0.026 0.051 0.000 0
 16 0.205 1 -0.026 0.103 0.000 0
 16 0.137 1 -0.026 0.154 0.000 0
 16 0.137 1 -0.026 0.154 0.000 0
 16 0.103 1 -0.026 0.231 0.000 0
 16 0.103 1 -0.026 0.308 0.000 0
 16 0.103 1 0.000 0.231 0.000 0
 16 0.205 1 0.000 0.256 0.000 0
 17 0.205 1 0.000 0.282 0.000 0
 17 0.145 1 0.000 0.333 0.000 0
 17 0.154 1 0.026 0.282 0.000 0
 17 0.179 1 0.026 0.333 0.000 0
 17 0.188 3 0.000 0.359 0.000 0
 17 0.188 1 0.000 0.333 0.000 0
 17 0.179 1 0.026 0.282 0.000 0
 17 0.179 1 0.026 0.231 0.000 0
 17 0.179 4 0.026 0.231 0.000 0
 17 0.205 3 0.026 0.256 0.000 0
 17 0.205 3 0.026 0.205 0.023 0
 17 0.179 3 0.026 0.256 0.023 0
 18 0.154 1 0.026 0.231 0.023 0
 18 0.154 1 0.000 0.205 0.023 0
 18 0.154 1 0.000 0.179 0.023 0
 18 0.128 1 0.026 0.231 0.023 0
 18 0.103 3 0.026 0.179 0.023 0
 18 0.120 1 0.000 0.179 0.023 0
 18 0.120 1 0.000 0.154 0.023 0
 18 0.154 1 0.000 0.128 0.023 0
 18 0.154 1 0.000 0.051 0.023 0
 18 0.137 1 0.000 0.154 0.000 0
 18 0.137 1 0.000 0.128 0.000 0
 18 0.145 1 0.000 0.128 0.000 0
 19 0.145 1 0.000 0.103 0.000 0
 19 0.128 1 0.000 0.179 0.000 0
 19 0.128 3 0.000 0.154 0.000 0
 19 0.162 1 0.000 0.128 0.000 0
 19 0.162 3 0.000 0.179 0.000 0
 19 0.154 1 0.000 0.154 0.000 0
 19 0.154 1 0.000 0.205 0.000 0
 19 0.145 1 0.000 0.205 0.000 0
 19 0.154 1 0.000 0.205 0.000 0
 19 0.188 4 0.000 0.179 0.000 0
 19 0.188 1 0.000 0.077 0.000 0
 20 0.145 1 0.000 0.103 0.000 0
 20 0.145 3 0.000 0.077 0.000 0
 20 0.128 1 0.000 0.077 0.000 0
 20 0.128 1 0.000 0.051 0.000 0
 20 0.171 1 0.000 0.026 0.000 0
 20 0.171 6 0.000 -0.026 0.000 0
 20 0.171 3 0.000 0.026 0.000 0
 20 0.171 1 0.000 0.026 0.000 0
 20 0.145 1 0.026 0.026 0.000 0
 20 0.145 1 0.026 0.000 0.000 0
 20 0.145 1 0.000 -0.026 0.000 0
 20 0.120 1 0.026 -0.051 0.000 0
 21 0.137 1 0.000 -0.051 0.000 0
 21 0.137 1 0.000 -0.103 0.000 0
 21 0.111 1 0.000 -0.103 0.000 0
 21 0.111 1 0.026 -0.051 0.000 0
 21 0.111 1 0.026 -0.103 0.000 0
 21 0.111 1 0.026 -0.077 0.000 0
 21 0.103 1 0.026 -0.128 0.000 0
 21 0.103 1 0.000 -0.154 0.000 0
 21 0.128 3 0.000 -0.179 0.000 0
 21 0.154 6 0.026 -0.154 0.000 0
 21 0.154 1 -0.026 -0.179 0.000 0
 21 0.154 4 0.000 -0.154 0.000 0
 22 0.145 4 0.000 -0.128 0.000 0
 22 0.145 4 0.000 -0.154 0.000 0
 22 0.137 1 -0.026 -0.128 0.000 0
 22 0.111 1 -0.026 -0.154 0.000 0
 22 0.128 1 -0.026 -0.128 0.000 0
 22 0.128 4 -0.026 -0.179 0.000 0
 22 0.128 3 -0.026 -0.231 0.000 0
 22 0.128 1 -0.026 -0.205 0.000 0
 22 0.120 3 -0.026 -0.205 0.000 0
 22 0.120 4 0.000 -0.179 0.000 0
 22 0.120 1 0.000 -0.154 0.000 0
 23 0.120 1 0.000 -0.179 0.000 0
 23 0.120 1 0.000 -0.154 0.000 0
 23 0.103 1 0.000 -0.128 0.000 0
 23 0.111 1 0.000 -0.205 0.000 0
 23 0.111 1 -0.026 -0.205 0.000 0
 23 0.077 1 -0.026 -0.282 0.000 0
 23 0.077 1 -0.026 -0.282 0.000 0
 23 0.060 1 -0.053 -0.282 0.000 0
 23 0.077 1 -0.053 -0.282 0.000 0
 23 0.111 1 -0.053 -0.282 0.000 0
 23 0.111 1 -0.079 -0.282 0.000 0
 23 0.154 3 -0.079 -0.308 -0.023 0
 0 0.214 3 -0.079 -0.308 -0.068 0
 0 0.214 1 -0.079 -0.282 -0.068 0
 0 0.154 3 -0.106 -0.333 -0.068 0
 0 0.137 1 -0.079 -0.333 -0.091 0
 0 0.120 3 -0.106 -0.308 -0.091 0
 0 0.145 1 -0.106 -0.333 -0.136 0
 0 0.145 1 -0.106 -0.333 -0.182 0
 0 0.171 1 -0.132 -0.282 -0.250 0
 0 0.171 1 -0.132 -0.282 -0.273 0
 0 0.154 1 -0.132 -0.282 -0.364 0
 0 0.188 1 -0.132 -0.308 -0.409 0
 0 0.214 1 -0.132 -0.333 -0.455 0
 1 0.214 1 -0.159 -0.308 -0.477 0
 1 0.239 1 -0.132 -0.385 -0.455 0
 1 0.265 3 -0.132 -0.359 -0.455 0
 1 0.265 1 -0.106 -0.333 -0.455 0
 1 0.197 1 -0.159 -0.308 -0.455 0
 1 0.197 1 -0.185 -0.333 -0.432 0
 1 0.282 1 -0.185 -0.282 -0.341 0
 1 0.342 3 -0.185 -0.231 -0.318 0
 1 0.342 1 -0.185 -0.231 -0.205 0
 1 0.248 1 -0.212 -0.205 -0.114 0
 1 0.299 1 -0.185 -0.205 -0.045 0
 1 0.299 1 -0.159 -0.256 0.000 0
 2 0.316 4 -0.132 -0.205 -0.045 0
 2 0.316 1 -0.132 -0.179 -0.023 0
 2 0.239 1 -0.159 -0.154 0.000 0
 2 0.256 3 -0.132 -0.179 0.068 0
 2 0.265 1 -0.159 -0.154 0.182 0
 2 0.291 3 -0.185 -0.128 0.227 0
 2 0.342 1 -0.212 -0.128 0.250 0
 2 0.342 3 -0.185 -0.154 0.205 0
 2 0.308 3 -0.185 -0.179 0.205 0
 2 0.368 3 -0.132 -0.128 0.182 0
 2 0.368 3 -0.079 -0.077 0.091 0
 2 0.342 1 -0.159 -0.103 0.182 0
 3 0.333 1 -0.185 -0.051 0.182 0
 3 0.239 1 -0.159 -0.051 0.182 0
 3 0.342 1 -0.106 -0.051 0.136 0
 3 0.419 3 -0.026 0.026 0.045 0
 3 0.419 3 -0.079 0.077 0.045 0
 3 0.342 1 -0.079 0.051 0.068 0
 3 0.504 1 -0.079 -0.026 0.114 0
 3 0.504 4 -0.026 -0.026 0.068 0
 3 0.487 1 -0.053 -0.026 0.068 0
 3 0.487 3 -0.053 0.000 0.091 0
 3 0.462 1 -0.053 0.077 0.045 0
 4 0.419 1 -0.053 0.051 0.091 0
 4 0.393 1 -0.053 0.051 0.068 0
 4 0.444 1 -0.026 0.154 0.023 0
 4 0.444 1 -0.053 0.154 0.045 0
 4 0.436 1 -0.053 0.205 0.068 0
 4 0.521 1 -0.026 0.179 0.045 0
 4 0.521 1 0.000 0.179 0.000 0
 4 0.376 1 -0.026 0.205 0.045 0
 4 0.342 1 -0.106 0.256 0.068 0
 4 0.308 1 -0.159 0.256 0.091 0
 4 0.308 1 -0.106 0.231 0.091 0
 4 0.308 1 0.000 0.333 -0.023 0
 5 0.538 1 0.132 0.359 -0.136 0
 5 0.547 1 0.185 0.282 -0.227 0
 5 0.547 1 0.265 0.205 -0.273 0
 5 0.530 1 0.450 0.256 -0.364 0
 5 0.530 3 0.450 0.308 -0.409 0
 5 0.496 1 0.370 0.333 -0.386 0
 5 0.496 1 0.317 0.308 -0.386 0
 5 0.453 1 0.265 0.385 -0.295 0
 5 0.427 3 0.238 0.410 -0.159 0
 5 0.556 3 0.238 0.410 -0.227 0
 5 0.556 1 0.159 0.359 -0.136 0
 5 0.462 3 0.026 0.359 -0.023 0
 6 0.453 1 -0.053 0.410 0.114 0
 6 0.453 1 -0.159 0.282 0.182 0
 6 0.427 1 -0.212 0.359 0.159 0
 6 0.513 1 -0.185 0.256 0.205 0
 6 0.513 3 -0.106 0.385 0.159 0
 6 0.496 1 -0.026 0.333 0.114 0
 6 0.496 1 0.026 0.385 0.114 0
 6 0.479 4 0.026 0.282 0.023 0
 6 0.479 1 0.026 0.333 0.045 0
 6 0.419 1 0.026 0.333 0.000 0
 6 0.419 1 0.026 0.231 0.023 0
 6 0.376 1 -0.053 0.231 0.068 0
 7 0.350 1 0.000 0.308 0.023 0
 7 0.410 1 -0.053 0.410 0.068 0
 7 0.487 1 -0.026 0.282 0.023 0
 7 0.487 1 -0.026 0.308 0.045 0
 7 0.479 1 -0.079 0.282 0.068 0
 7 0.427 1 -0.053 0.333 0.023 0
 7 0.385 1 -0.026 0.282 -0.045 0
 7 0.453 1 0.000 0.282 -0.023 0
 7 0.453 1 0.026 0.256 -0.023 0
 7 0.427 1 0.026 0.308 -0.068 0
 7 0.385 1 0.106 0.256 -0.091 0
 7 0.385 1 0.106 0.205 -0.136 0
 8 0.385 1 0.159 0.333 -0.159 0
 8 0.342 1 0.106 0.231 -0.136 0
 8 0.342 1 0.079 0.333 -0.136 0
 8 0.316 1 0.106 0.231 -0.136 0
 8 0.316 1 0.106 0.256 -0.182 0
 8 0.265 3 0.106 0.231 -0.136 0
 8 0.385 3 0.106 0.308 -0.136 0
 8 0.385 4 0.079 0.256 -0.136 0
 8 0.316 1 0.106 0.231 -0.114 0
 8 0.342 4 0.079 0.282 -0.136 0
 8 0.342 1 0.106 0.231 -0.114 0
 8 0.325 1 0.079 0.231 -0.136 0
 9 0.316 3 0.106 0.154 -0.136 0
 9 0.274 1 0.106 0.231 -0.114 0
 9 0.274 3 0.106 0.103 -0.136 0
 9 0.274 1 0.106 0.154 -0.114 0
 9 0.239 1 0.106 0.077 -0.114 0
 9 0.265 1 0.106 0.077 -0.114 0
 9 0.265 1 0.106 0.077 -0.091 0
 9 0.231 1 0.079 0.077 -0.091 0
 9 0.265 3 0.079 0.051 -0.068 0
 9 0.265 3 0.053 0.051 -0.045 0
 9 0.231 1 0.079 0.026 -0.023 0
 9 0.231 1 0.053 -0.103 -0.023 0
 10 0.188 1 0.053 -0.077 -0.023 0
 10 0.239 1 0.053 -0.051 0.000 0
 10 0.239 3 0.053 -0.026 0.000 0
 10 0.188 1 0.053 -0.077 0.000 0
 10 0.188 1 0.053 -0.128 0.000 0
 10 0.188 1 0.053 -0.128 0.023 0
 10 0.265 3 0.053 -0.179 0.023 0
 10 0.265 6 0.053 -0.205 0.023 0
 10 0.265 1 0.053 -0.231 0.023 0
 10 0.265 1 0.053 -0.231 0.045 0
 10 0.171 4 0.053 -0.256 0.091 0
 10 0.179 1 0.053 -0.205 0.114 0
 11 0.179 1 0.053 -0.282 0.136 0
 11 0.162 1 0.053 -0.256 0.136 0
 11 0.179 1 0.053 -0.359 0.136 0
 11 0.205 3 0.026 -0.308 0.136 0
 11 0.205 1 0.053 -0.333 0.136 0
 11 0.128 1 0.053 -0.333 0.136 0
 11 0.111 1 0.053 -0.359 0.136 0
 11 0.111 1 0.053 -0.359 0.136 0
 11 0.103 1 0.026 -0.333 0.159 0
 11 0.077 1 0.053 -0.308 0.136 0
 11 0.128 1 0.053 -0.256 0.159 0
 12 0.188 1 0.053 -0.205 0.159 0
 12 0.214 1 0.053 -0.308 0.159 0
 12 0.214 1 0.053 -0.333 0.159 0
 12 0.188 1 0.053 -0.333 0.159 0
 12 0.171 1 0.026 -0.333 0.114 0
 12 0.231 3 0.026 -0.333 0.023 0
 12 0.231 1 0.026 -0.410 -0.023 0
 12 0.197 1 0.026 -0.308 -0.023 0
 12 0.188 1 0.026 -0.359 -0.068 0
 12 0.162 1 0.000 -0.385 -0.091 0
 12 0.162 1 0.000 -0.385 -0.136 0
 12 0.154 1 0.000 -0.410 -0.136 0
 13 0.154 1 0.000 -0.436 -0.136 0
 13 0.128 1 0.000 -0.410 -0.091 0
 13 0.077 3 0.000 -0.385 -0.068 0
 13 0.077 1 0.000 -0.359 0.000 0
 13 0.077 1 0.026 -0.385 0.159 0
 13 0.077 1 0.026 -0.410 0.250 0
 13 0.077 1 0.026 -0.385 0.318 0
 13 0.094 1 0.026 -0.359 0.318 0
 13 0.094 1 0.026 -0.385 0.364 0
 13 0.077 1 0.053 -0.410 0.341 0
 13 0.060 1 0.053 -0.410 0.364 0
 13 0.060 1 0.053 -0.436 0.386 0
 14 0.060 1 0.053 -0.436 0.364 0
 14 0.094 1 0.053 -0.462 0.341 0
 14 0.103 1 0.053 -0.436 0.295 0
 14 0.103 1 0.026 -0.462 0.250 0
 14 0.077 1 0.026 -0.513 0.205 0
 14 0.077 1 0.053 -0.410 0.136 0
 14 0.128 1 0.053 -0.513 0.159 0
 14 0.128 1 0.053 -0.513 0.136 0
 14 0.128 1 0.026 -0.513 0.159 0
 14 0.128 1 0.026 -0.462 0.114 0
 14 0.128 1 0.026 -0.462 0.091 0
 14 0.128 1 0.026 -0.410 0.068 0
 15 0.120 1 0.026 -0.436 0.068 0
 15 0.094 1 0.026 -0.410 0.068 0
 15 0.094 1 0.026 -0.436 0.045 0
 15 0.060 1 0.026 -0.385 0.023 0
 15 0.077 1 0.000 -0.385 0.023 0
 15 0.077 1 0.000 -0.359 0.000 0
 15 0.077 1 0.000 -0.385 -0.045 0
 15 0.060 1 0.000 -0.333 -0.045 0
 15 0.060 1 0.000 -0.308 -0.045 0
 15 0.043 1 0.000 -0.333 -0.045 0
 15 0.051 1 0.000 -0.359 -0.045 0
 15 0.068 1 0.000 -0.282 -0.045 0
 16 0.068 1 0.000 -0.231 -0.045 0
 16 0.034 1 0.000 -0.179 -0.045 0
 16 0.051 1 0.000 -0.128 -0.023 0
 16 0.077 1 0.000 -0.103 -0.023 0
 16 0.128 1 0.000 -0.077 -0.023 0
 16 0.128 3 0.000 -0.026 0.000 0
 16 0.128 1 0.000 0.026 0.000 0
 16 0.128 1 0.000 0.077 -0.023 0
 16 0.128 1 0.000 0.077 -0.023 0
 16 0.111 1 0.000 0.128 -0.023 0
 16 0.128 1 0.000 0.179 0.000 0
 16 0.128 1 0.000 0.154 0.000 0
 17 0.077 1 0.000 0.154 0.000 0
 17 0.077 1 0.000 0.179 0.000 0
 17 0.077 1 0.000 0.179 0.000 0
 17 0.060 1 0.026 0.179 0.023 0
 17 0.077 1 0.026 0.179 0.023 0
 17 0.077 1 0.026 0.205 0.023 0
 17 0.128 1 0.026 0.231 0.045 0
 17 0.068 1 0.026 0.231 0.068 0
 17 0.051 1 0.026 0.256 0.068 0
 17 0.051 1 0.026 0.282 0.045 0
 17 0.094 1 0.026 0.256 0.045 0
 17 0.094 1 0.026 0.256 0.045 0
 18 0.077 1 0.026 0.179 0.045 0
 18 0.077 1 0.026 0.179 0.068 0
 18 0.077 1 0.000 0.205 0.045 0
 18 0.068 1 0.000 0.205 0.045 0
 18 0.060 1 0.000 0.179 0.045 0
 18 0.077 1 0.000 0.179 0.045 0
 18 0.128 1 0.000 0.205 0.023 0
 18 0.145 1 0.000 0.179 0.023 0
 18 0.145 1 0.000 0.128 0.023 0
 18 0.077 1 0.000 0.077 0.023 0
 18 0.128 1 0.000 0.103 0.023 0
 19 0.128 1 0.000 0.128 0.023 0
 19 0.077 1 0.000 0.128 0.000 0
 19 0.068 1 0.000 0.103 0.000 0
 19 0.068 1 0.026 0.154 0.000 0
 19 0.077 1 0.026 0.154 0.000 0
 19 0.077 1 0.026 0.128 0.000 0
 19 0.077 1 0.026 0.077 0.000 0
 19 0.094 1 0.026 0.103 0.000 0
 19 0.094 1 0.026 0.103 0.000 0
 19 0.103 1 0.026 0.103 0.000 0
 19 0.103 1 0.026 0.077 0.000 0
 19 0.094 1 0.026 0.103 0.000 0
 20 0.077 1 0.026 0.154 0.000 0
 20 0.085 1 0.026 0.154 0.000 0
 20 0.085 1 0.000 0.205 0.000 0
 20 0.068 1 0.000 0.154 0.000 0
 20 0.068 1 0.000 0.205 0.000 0
 20 0.103 1 0.000 0.179 0.000 0
 20 0.103 1 0.000 0.128 0.000 0
 20 0.103 1 0.000 0.179 0.023 0
 20 0.103 1 0.000 0.179 0.023 0
 20 0.077 1 0.000 0.179 0.023 0
 20 0.077 1 0.000 0.205 0.023 0
 20 0.077 1 0.000 0.154 0.023 0
 21 0.077 1 0.000 0.179 0.023 0
 21 0.060 1 0.000 0.179 0.023 0
 21 0.060 1 0.000 0.154 0.023 0
 21 0.060 1 0.000 0.179 0.023 0
 21 0.103 1 0.000 0.154 0.023 0
 21 0.103 1 0.000 0.154 0.023 0
 21 0.094 1 0.000 0.128 0.000 0
 21 0.103 1 0.000 0.154 0.000 0
 21 0.111 1 0.000 0.128 0.000 0
 21 0.111 1 -0.026 0.103 0.000 0
 21 0.043 1 -0.026 0.103 0.000 0
 21 0.051 1 0.000 0.128 0.000 0
 22 0.051 1 0.000 0.051 0.000 0
 22 0.128 1 -0.026 0.026 0.000 0
 22 0.128 1 -0.026 0.051 0.000 0
 22 0.077 1 -0.026 0.026 0.000 0
 22 0.103 1 -0.026 -0.026 0.000 0
 22 0.154 1 -0.026 -0.026 0.000 0
 22 0.154 3 -0.026 -0.077 0.000 0
 22 0.128 4 -0.026 -0.077 0.000 0
 22 0.128 1 0.000 -0.103 0.000 0
 22 0.111 1 0.000 -0.103 0.000 0
 22 0.120 1 -0.026 -0.128 0.000 0
 22 0.128 1 -0.026 -0.154 0.000 0
 23 0.154 4 -0.026 -0.179 0.000 0
 23 0.154 1 -0.026 -0.128 0.000 0
 23 0.154 1 -0.026 -0.205 0.000 0
 23 0.197 1 -0.026 -0.205 0.000 0
 23 0.197 1 -0.026 -0.282 0.000 0
 23 0.376 1 0.000 -0.256 0.000 0
 23 0.376 1 0.026 -0.282 0.000 0
 23 0.274 3 0.026 -0.308 0.000 0
 23 0.171 1 0.026 -0.231 0.000 0
 23 0.128 3 0.026 -0.231 -0.023 0
 23 0.128 1 0.026 -0.282 -0.023 0
 23 0.111 1 0.053 -0.231 0.000 0
 0 0.111 1 0.053 -0.256 0.000 0
 0 0.111 3 0.053 -0.282 0.000 0
 0 0.103 4 0.053 -0.333 0.000 0
 0 0.103 1 0.026 -0.282 0.000 0
 0 0.051 1 0.000 -0.256 0.000 0
 0 0.051 4 -0.053 -0.256 0.000 0
 0 0.051 1 -0.053 -0.282 0.000 0
 0 0.051 1 -0.079 -0.282 -0.045 0
 0 0.051 1 -0.079 -0.308 -0.023 0
 0 0.051 6 -0.106 -0.282 -0.023 0
 0 0.051 1 -0.106 -0.308 -0.136 0
 0 0.051 1 -0.132 -0.256 -0.205 0
 1 0.077 1 -0.159 -0.359 -0.205 0
 1 0.077 1 -0.212 -0.333 -0.341 0
 1 0.103 1 -0.238 -0.282 -0.568 0
 1 0.103 1 -0.291 -0.231 -0.568 0
 1 0.094 1 -0.344 -0.231 -0.591 0
 1 0.094 1 -0.450 -0.231 -0.477 0
 1 0.094 1 -0.450 -0.231 -0.432 0
 1 0.094 1 -0.503 -0.256 -0.341 0
 1 0.137 3 -0.503 -0.256 -0.295 0
 1 0.137 1 -0.529 -0.256 -0.182 0
 1 0.128 1 -0.529 -0.205 -0.068 0
 1 0.128 1 -0.529 -0.205 -0.023 0
 2 0.154 1 -0.476 -0.179 0.136 0
 2 0.154 1 -0.423 -0.103 0.364 0
 2 0.145 1 -0.423 -0.103 0.364 0
 2 0.145 1 -0.370 -0.128 0.432 0
 2 0.162 1 -0.238 -0.154 0.318 0
 2 0.188 1 -0.185 -0.103 0.318 0
 2 0.214 4 -0.079 -0.051 0.182 0
 2 0.265 1 -0.026 -0.051 0.091 0
 2 0.265 1 -0.026 0.000 0.091 0
 2 0.197 1 -0.026 0.026 0.045 0
 2 0.239 3 0.000 0.000 0.000 0
 3 0.291 4 0.053 0.051 -0.045 0
 3 0.402 4 0.106 0.077 -0.091 0
 3 0.402 3 0.185 0.026 -0.136 0
 3 0.376 1 0.185 0.051 -0.159 0
 3 0.376 1 0.185 0.026 -0.182 0
 3 0.359 1 0.079 0.000 -0.136 0
 3 0.291 1 0.026 0.103 -0.068 0
 3 0.350 1 0.000 0.051 -0.045 0
 3 0.350 1 0.026 0.000 -0.068 0
 3 0.197 1 0.000 0.026 -0.045 0
 3 0.342 3 -0.026 0.026 0.000 0
 3 0.342 3 -0.079 0.051 0.023 0
 4 0.265 1 -0.132 0.051 0.068 0
 4 0.239 1 -0.238 0.026 0.159 0
 4 0.308 1 -0.238 0.026 0.205 0
 4 0.316 1 -0.159 0.077 0.136 0
 4 0.376 3 -0.053 0.154 0.068 0
 4 0.376 1 -0.053 0.179 0.045 0
 4 0.453 1 0.000 0.154 0.023 0
 4 0.453 1 0.000 0.154 0.045 0
 4 0.342 1 0.026 0.154 0.068 0
 4 0.333 1 0.000 0.154 0.091 0
 4 0.325 1 -0.026 0.154 0.114 0
 4 0.325 1 -0.053 0.154 0.114 0
 5 0.393 1 0.079 0.128 0.045 0
 5 0.393 1 0.079 0.205 0.000 0
 5 0.376 1 -0.053 0.205 0.091 0
 5 0.376 3 -0.079 0.231 0.114 0
 5 0.274 3 -0.053 0.308 0.091 0
 5 0.359 1 -0.132 0.154 0.159 0
 5 0.359 1 -0.132 0.282 0.136 0
 5 0.274 1 -0.106 0.333 0.068 0
 5 0.342 1 0.000 0.282 0.000 0
 5 0.342 1 0.053 0.308 -0.045 0
 5 0.256 1 0.053 0.282 -0.023 0
 5 0.265 1 0.000 0.308 -0.023 0
 6 0.274 3 -0.026 0.308 0.000 0
 6 0.368 1 0.000 0.308 0.023 0
 6 0.393 1 0.000 0.282 0.023 0
 6 0.393 1 -0.053 0.256 0.068 0
 6 0.316 1 0.026 0.179 0.000 0
 6 0.393 3 0.053 0.205 -0.023 0
 6 0.393 3 0.079 0.256 0.000 0
 6 0.453 1 0.026 0.256 0.000 0
 6 0.453 1 0.026 0.308 0.023 0
 6 0.427 1 0.079 0.333 -0.045 0
 6 0.376 1 0.079 0.333 -0.045 0
 6 0.342 3 0.132 0.333 -0.114 0
 7 0.402 1 0.106 0.308 -0.091 0
 7 0.402 1 0.132 0.282 -0.091 0
 7 0.325 3 0.212 0.282 -0.182 0
 7 0.342 1 0.132 0.231 -0.114 0
 7 0.385 1 0.132 0.333 -0.114 0
 7 0.385 1 0.106 0.205 -0.114 0
 7 0.393 1 0.106 0.205 -0.114 0
 7 0.393 1 0.079 0.282 -0.114 0
 7 0.402 1 0.053 0.256 -0.091 0
 7 0.402 1 0.079 0.256 -0.091 0
 7 0.342 1 0.026 0.205 -0.023 0
 7 0.513 3 0.053 0.231 -0.045 0
 8 0.513 3 0.026 0.205 -0.068 0
 8 0.427 1 0.053 0.231 -0.045 0
 8 0.427 3 0.106 0.231 -0.136 0
 8 0.350 1 0.079 0.256 -0.068 0
 8 0.419 1 0.079 0.333 -0.091 0
 8 0.419 1 0.053 0.256 -0.091 0
 8 0.530 1 0.026 0.231 -0.068 0
 8 0.530 3 0.026 0.231 -0.045 0
 8 0.359 3 0.000 0.231 0.000 0
 8 0.359 3 0.079 0.231 -0.091 0
 8 0.342 1 0.079 0.256 -0.114 0
 8 0.291 1 0.106 0.231 -0.114 0
 9 0.265 3 0.026 0.256 -0.068 0
 9 0.265 1 0.000 0.231 -0.023 0
 9 0.256 1 0.000 0.256 -0.068 0
 9 0.265 1 0.026 0.256 -0.068 0
 9 0.291 1 0.053 0.282 -0.091 0
 9 0.291 1 0.079 0.231 -0.114 0
 9 0.291 3 0.106 0.179 -0.114 0
 9 0.248 1 0.106 0.179 -0.159 0
 9 0.274 1 0.106 0.231 -0.136 0
 9 0.274 1 0.106 0.231 -0.159 0
 9 0.274 1 0.079 0.205 -0.136 0
 9 0.239 1 0.079 0.205 -0.136 0
 10 0.256 3 0.106 0.205 -0.159 0
 10 0.256 4 0.132 0.179 -0.182 0
 10 0.291 1 0.132 0.205 -0.159 0
 10 0.291 1 0.132 0.077 -0.159 0
 10 0.274 4 0.159 0.103 -0.182 0
 10 0.265 3 0.132 0.103 -0.182 0
 10 0.265 3 0.132 0.051 -0.182 0
 10 0.231 1 0.132 0.000 -0.159 0
 10 0.274 1 0.132 0.026 -0.136 0
 10 0.274 1 0.132 0.000 -0.159 0
 10 0.162 3 0.132 0.000 -0.182 0
 11 0.162 4 0.132 -0.026 -0.136 0
 11 0.256 3 0.106 0.000 -0.136 0
 11 0.256 3 0.079 -0.103 -0.136 0
 11 0.256 3 0.106 -0.103 -0.136 0
 11 0.239 3 0.079 -0.128 -0.114 0
 11 0.239 3 0.079 -0.103 -0.091 0
 11 0.265 4 0.079 -0.128 -0.068 0
 11 0.265 1 0.079 -0.154 -0.068 0
 11 0.248 1 0.079 -0.179 -0.068 0
 11 0.239 1 0.079 -0.154 -0.045 0
 11 0.154 1 0.079 -0.154 0.000 0
 11 0.179 1 0.053 -0.154 0.000 0
 12 0.188 3 0.053 -0.205 0.045 0
 12 0.188 1 0.053 -0.205 0.045 0
 12 0.179 3 0.053 -0.231 0.091 0
 12 0.154 3 0.053 -0.205 0.091 0
 12 0.154 1 0.053 -0.231 0.091 0
 12 0.120 1 0.053 -0.256 0.114 0
 12 0.145 3 0.026 -0.256 0.114 0
 12 0.145 1 0.026 -0.256 0.136 0
 12 0.179 1 0.026 -0.256 0.136 0
 12 0.188 4 0.026 -0.231 0.114 0
 12 0.256 1 0.026 -0.256 0.136 0
 12 0.256 1 0.026 -0.231 0.136 0
 13 0.188 4 0.026 -0.282 0.205 0
 13 0.222 3 0.000 -0.256 0.227 0
 13 0.248 4 0.026 -0.308 0.159 0
 13 0.248 6 0.026 -0.256 0.136 0
 13 0.214 6 0.026 -0.282 0.091 0
 13 0.214 1 0.026 -0.282 0.045 0
 13 0.291 4 0.053 -0.333 0.000 0
 13 0.291 1 0.053 -0.333 0.000 0
 13 0.248 3 0.053 -0.359 0.023 0
 13 0.239 4 0.053 -0.359 0.023 0
 13 0.231 3 0.079 -0.359 0.023 0
 13 0.171 1 0.079 -0.359 0.000 0
 14 0.197 1 0.079 -0.359 0.000 0
 14 0.197 1 0.053 -0.359 0.091 0
 14 0.197 6 0.053 -0.359 0.091 0
 14 0.197 1 0.053 -0.333 0.114 0
 14 0.188 3 0.053 -0.333 0.182 0
 14 0.179 7 0.026 -0.333 0.205 0
 14 0.162 6 0.026 -0.308 0.205 0
 14 0.188 1 0.026 -0.385 0.159 0
 14 0.197 4 0.026 -0.385 0.114 0
 14 0.197 4 0.000 -0.359 0.091 0
 14 0.197 1 0.000 -0.385 0.068 0
 14 0.171 6 0.000 -0.385 0.023 0
 15 0.171 3 0.000 -0.308 -0.023 0
 15 0.154 3 0.000 -0.308 -0.023 0
 15 0.188 6 0.000 -0.308 -0.023 0
 15 0.205 3 0.026 -0.256 -0.045 0
 15 0.171 3 0.026 -0.282 -0.023 0
 15 0.154 4 0.026 -0.205 0.000 0
 15 0.128 1 0.026 -0.256 0.045 0
 15 0.111 6 0.026 -0.179 0.091 0
 15 0.154 6 0.026 -0.179 0.114 0
 15 0.154 1 0.026 -0.179 0.091 0
 15 0.128 1 0.026 -0.103 0.114 0
 15 0.128 7 0.053 -0.103 0.159 0
 16 0.128 6 0.053 -0.077 0.159 0
 16 0.128 4 0.053 -0.077 0.159 0
 16 0.094 1 0.026 -0.051 0.182 0
 16 0.103 1 0.026 0.000 0.182 0
 16 0.145 1 0.026 0.000 0.227 0
 16 0.145 1 0.026 -0.051 0.227 0
 16 0.188 1 0.026 0.026 0.227 0
 16 0.188 1 0.000 0.026 0.227 0
 16 0.188 1 0.000 0.051 0.227 0
 16 0.188 3 0.000 0.128 0.205 0
 16 0.179 1 0.000 0.154 0.205 0
 16 0.171 1 0.000 0.103 0.205 0
 17 0.188 1 0.000 0.154 0.205 0
 17 0.205 1 0.000 0.128 0.182 0
 17 0.214 1 0.000 0.128 0.159 0
 17 0.214 3 -0.026 0.179 0.091 0
 17 0.188 1 0.000 0.154 0.068 0
 17 0.188 6 0.000 0.179 0.045 0
 17 0.171 1 0.026 0.154 0.045 0
 17 0.188 3 0.026 0.154 0.045 0
 17 0.188 1 0.026 0.128 0.045 0
 17 0.171 3 0.000 0.103 0.023 0
 17 0.188 1 0.000 0.128 0.023 0
 18 0.197 1 0.000 0.128 0.023 0
 18 0.197 3 0.000 0.179 0.023 0
 18 0.197 1 0.000 0.179 0.023 0
 18 0.179 1 0.026 0.179 0.023 0
 18 0.162 3 0.000 0.231 0.045 0
 18 0.154 6 0.000 0.282 0.045 0
 18 0.171 1 0.000 0.256 0.023 0
 18 0.171 1 0.000 0.256 0.023 0
 18 0.154 1 0.000 0.231 0.023 0
 18 0.154 1 0.000 0.205 0.023 0
 18 0.162 6 0.000 0.231 0.023 0
 18 0.188 3 0.026 0.282 0.023 0
 19 0.188 3 0.026 0.231 0.023 0
 19 0.188 4 0.026 0.256 0.023 0
 19 0.222 1 0.026 0.256 0.023 0
 19 0.222 4 0.026 0.256 0.000 0
 19 0.197 4 0.026 0.205 0.000 0
 19 0.197 1 0.026 0.256 0.000 0
 19 0.214 1 0.026 0.231 0.000 0
 19 0.214 4 0.026 0.231 0.000 0
 19 0.171 4 0.026 0.282 0.000 0
 19 0.154 1 0.026 0.256 0.000 0
 19 0.154 4 0.000 0.256 0.000 0
 19 0.214 1 0.000 0.256 0.000 0
 20 0.214 6 0.000 0.205 0.000 0
 20 0.188 4 0.000 0.179 0.000 0
 20 0.154 1 0.000 0.179 0.000 0
 20 0.179 1 0.000 0.128 0.000 0
 20 0.214 4 0.000 0.154 0.000 0
 20 0.214 1 0.000 0.154 0.000 0
 20 0.197 4 0.000 0.154 0.000 0
 20 0.222 1 0.000 0.154 0.000 0
 20 0.299 1 0.000 0.128 0.000 0
 20 0.299 3 0.000 0.103 0.000 0
 20 0.188 6 0.000 0.051 0.000 0
 20 0.188 3 0.000 0.077 0.000 0
 21 0.197 4 0.000 0.103 0.000 0
 21 0.197 1 0.000 0.051 0.000 0
 21 0.179 1 0.000 0.051 0.000 0
 21 0.188 1 0.000 0.128 0.000 0
 21 0.188 3 0.000 0.103 0.000 0
 21 0.188 1 0.000 0.077 0.000 0
 21 0.248 1 0.000 0.103 0.000 0
 21 0.248 3 0.000 0.077 0.000 0
 21 0.239 1 0.000 0.103 0.000 0
 21 0.154 3 0.000 0.077 0.000 0
 21 0.197 4 0.000 0.077 0.000 0
 21 0.197 6 0.000 0.051 0.000 0
 22 0.137 3 0.000 0.103 0.000 0
 22 0.137 3 0.026 0.051 0.000 0
 22 0.154 1 0.026 0.077 0.000 0
 22 0.154 6 0.026 0.026 0.000 0
 22 0.145 4 0.026 0.026 0.000 0
 22 0.128 6 0.026 0.000 0.000 0
 22 0.128 6 0.026 0.000 0.000 0
 22 0.128 6 0.026 -0.051 0.000 0
 22 0.137 4 0.026 -0.051 0.000 0
 22 0.137 3 0.026 -0.077 0.000 0
 22 0.128 6 0.026 -0.026 0.000 0
 22 0.128 1 0.026 -0.103 0.000 0
 23 0.094 1 0.000 -0.051 0.000 0
 23 0.103 6 -0.026 -0.051 0.000 0
 23 0.111 3 -0.026 -0.077 0.000 0
 23 0.111 6 -0.026 -0.103 0.000 0
 23 0.094 1 -0.053 -0.077 0.000 0
 23 0.103 1 -0.053 -0.128 0.000 0
 23 0.111 1 -0.053 -0.128 0.000 0
 23 0.128 6 -0.079 -0.128 -0.023 0
 23 0.145 3 -0.079 -0.154 -0.023 0
 23 0.145 1 -0.106 -0.179 -0.045 0
 23 0.171 6 -0.106 -0.154 -0.068 0
 23 0.197 1 -0.132 -0.179 -0.091 0
 0 0.197 4 -0.106 -0.205 -0.091 0
 0 0.197 1 -0.132 -0.256 -0.136 0
 0 0.179 6 -0.132 -0.231 -0.182 0
 0 0.205 4 -0.132 -0.282 -0.227 0
 0 0.205 4 -0.132 -0.308 -0.295 0
 0 0.231 1 -0.159 -0.308 -0.318 0
 0 0.231 1 -0.185 -0.282 -0.364 0
 0 0.197 1 -0.212 -0.256 -0.477 0
 0 0.282 3 -0.212 -0.205 -0.500 0
 0 0.376 1 -0.185 -0.256 -0.477 0
 0 0.376 1 -0.185 -0.256 -0.455 0
 0 0.265 3 -0.212 -0.282 -0.477 0
 1 0.274 1 -0.212 -0.256 -0.455 0
 1 0.376 1 -0.212 -0.256 -0.409 0
 1 0.376 1 -0.185 -0.256 -0.364 0
 1 0.308 1 -0.185 -0.256 -0.295 0
 1 0.308 1 -0.185 -0.231 -0.273 0
 1 0.299 3 -0.132 -0.231 -0.205 0
 1 0.393 1 -0.132 -0.282 -0.068 0
 1 0.393 1 -0.106 -0.282 -0.023 0
 1 0.282 1 -0.159 -0.231 0.000 0
 1 0.316 1 -0.159 -0.256 0.000 0
 1 0.316 1 -0.132 -0.308 0.045 0
 2 0.291 1 -0.159 -0.205 0.114 0
 2 0.316 1 -0.159 -0.179 0.159 0
 2 0.316 1 -0.185 -0.231 0.159 0
 2 0.299 1 -0.185 -0.179 0.182 0
 2 0.299 1 -0.132 -0.128 0.136 0
 2 0.299 1 -0.159 -0.128 0.159 0
 2 0.299 1 -0.159 -0.077 0.182 0
 2 0.333 1 -0.185 -0.103 0.205 0
 2 0.333 1 -0.159 -0.103 0.182 0
 2 0.325 1 -0.159 -0.103 0.250 0
 2 0.376 1 -0.159 -0.026 0.205 0
 2 0.376 1 -0.106 -0.051 0.159 0
 3 0.385 1 -0.079 -0.051 0.114 0
 3 0.385 1 -0.079 -0.051 0.136 0
 3 0.299 1 -0.079 -0.051 0.114 0
 3 0.342 1 -0.159 -0.026 0.182 0
 3 0.342 1 -0.132 -0.026 0.182 0
 3 0.308 1 -0.106 0.000 0.136 0
 3 0.402 1 -0.026 0.051 0.091 0
 3 0.402 1 -0.053 0.051 0.091 0
 3 0.342 1 -0.106 0.026 0.091 0
 3 0.376 1 -0.079 0.077 0.114 0
 3 0.393 1 -0.053 0.128 0.114 0
 3 0.393 1 -0.026 0.103 0.068 0
 4 0.376 1 -0.026 0.051 0.045 0
 4 0.436 1 -0.026 0.128 0.045 0
 4 0.436 1 0.000 0.179 0.068 0
 4 0.359 1 0.026 0.128 -0.023 0
 4 0.444 1 0.026 0.179 0.000 1
 4 0.444 1 -0.026 0.154 0.023 1
 4 0.444 1 -0.026 0.179 0.045 1
 4 0.444 1 0.053 0.179 -0.023 1
 4 0.385 1 0.026 0.179 -0.045 1
 4 0.385 3 -0.026 0.179 -0.023 1
 4 0.487 1 0.026 0.205 0.000 1
 5 0.487 1 0.053 0.282 -0.045 1
 5 0.376 3 0.053 0.231 -0.091 1
 5 0.376 3 -0.026 0.308 0.068 1
 5 0.453 4 -0.026 0.282 0.068 1
 5 0.453 1 -0.053 0.231 0.068 1
 5 0.393 1 -0.053 0.282 0.068 1
 5 0.393 1 -0.053 0.308 0.068 1
 5 0.393 1 0.026 0.333 0.000 1
 5 0.402 1 -0.026 0.308 0.045 0
 5 0.402 1 0.053 0.359 0.000 0
 5 0.453 1 0.026 0.333 -0.023 0
 5 0.453 1 0.000 0.410 0.045 0
 6 0.410 1 -0.026 0.385 0.091 0
 6 0.376 1 -0.026 0.333 0.045 0
 6 0.402 1 0.079 0.410 -0.068 0
 6 0.402 3 0.106 0.385 -0.091 0
 6 0.376 3 0.106 0.436 -0.068 0
 6 0.496 1 0.106 0.385 -0.068 0
 6 0.496 1 0.053 0.385 0.000 0
 6 0.453 1 0.079 0.410 -0.045 0
 6 0.453 1 0.026 0.436 0.000 0
 6 0.641 1 0.000 0.436 0.000 0
 6 0.641 1 0.000 0.436 0.000 0
 6 0.462 1 0.053 0.333 -0.045 0
 7 0.513 1 0.291 0.410 -0.341 0
 7 0.513 1 0.291 0.359 -0.386 0
 7 0.376 1 0.317 0.359 -0.386 0
 7 0.376 3 0.397 0.462 -0.432 0
 7 0.376 3 0.423 0.410 -0.432 0
 7 0.350 3 0.423 0.462 -0.455 1
 7 0.214 3 0.344 0.487 -0.409 1
 7 0.214 3 0.132 0.513 -0.273 1
 7 0.368 1 0.079 0.462 -0.136 1
 7 0.368 1 0.053 0.487 -0.159 1
 7 0.205 1 0.079 0.462 -0.182 1
 8 0.487 1 -0.132 0.513 0.136 1
 8 0.487 1 -0.238 0.513 0.273 1
 8 0.316 1 -0.265 0.513 0.295 1
 8 0.427 3 -0.265 0.487 0.273 1
 8 0.427 1 -0.291 0.462 0.273 1
 8 0.427 3 -0.265 0.487 0.227 1
 8 0.402 1 -0.238 0.538 0.250 1
 8 0.402 1 -0.053 0.487 0.114 1
 8 0.410 1 0.026 0.462 0.023 1
 8 0.410 1 0.053 0.462 0.000 1
 8 0.385 3 0.026 0.410 0.045 1
 9 0.376 3 0.079 0.462 -0.068 1
 9 0.402 1 0.132 0.410 -0.114 0
 9 0.402 1 0.159 0.359 -0.159 0
 9 0.427 4 0.106 0.333 -0.114 0
 9 0.427 1 0.106 0.359 -0.136 0
 9 0.359 1 0.079 0.256 -0.091 0
 9 0.308 3 0.106 0.205 -0.136 0
 9 0.470 1 0.159 0.051 -0.136 0
 9 0.470 1 0.185 0.077 -0.273 0
 9 0.462 4 0.291 0.077 -0.295 0
 9 0.385 4 0.317 0.103 -0.250 0
 9 0.274 3 0.291 0.000 0.045 0
 10 0.564 1 0.317 -0.231 0.000 0
 10 0.564 1 0.317 -0.333 0.182 0
 10 0.547 1 0.370 -0.410 0.273 0
 10 0.547 1 0.423 -0.282 0.432 0
 10 0.214 1 0.476 -0.308 0.455 0
 10 0.214 1 0.476 -0.308 0.477 0
 10 0.145 1 0.423 -0.385 0.500 0
 10 0.111 1 0.397 -0.308 0.591 0
 10 0.111 6 0.291 -0.282 0.636 0
 10 0.111 3 0.265 -0.256 0.568 0
 10 0.077 1 0.265 -0.282 0.341 0
 10 0.077 1 0.185 -0.282 0.432 0
 11 0.068 1 0.159 -0.256 0.295 0
 11 0.051 3 0.106 -0.231 0.182 0
 11 0.051 6 0.053 -0.179 0.045 0
 11 0.051 6 0.000 -0.282 0.023 0
 11 0.051 4 0.000 -0.256 0.023 0
 11 0.051 6 0.000 -0.256 0.023 0
 11 0.051 3 -0.026 -0.154 0.023 0
 11 0.051 4 -0.026 -0.205 0.023 0
 11 0.051 4 -0.026 -0.282 0.023 0
 11 0.051 6 -0.026 -0.282 0.000 0
 11 0.043 1 -0.026 -0.205 0.000 0
 11 0.043 1 -0.026 -0.077 0.000 0
 12 0.034 1 -0.026 0.000 0.023 0
 12 0.034 1 -0.026 0.000 0.000 0
 12 0.026 1 -0.026 -0.128 0.023 0
 12 0.034 3 -0.026 -0.154 0.000 0
 12 0.043 4 -0.053 -0.154 0.000 0
 12 0.043 3 -0.026 -0.128 0.000 0
 12 0.043 1 -0.026 -0.205 0.000 0
 12 0.051 3 0.000 -0.282 0.023 0
 12 0.051 4 -0.026 -0.256 0.023 0
 12 0.026 1 -0.026 -0.256 0.023 0
 12 0.026 3 -0.026 -0.308 0.023 0
 12 0.051 4 -0.026 -0.308 0.000 0
 13 0.051 4 -0.026 -0.359 0.023 0
 13 0.051 1 -0.026 -0.385 0.000 0
 13 0.026 4 -0.026 -0.410 0.023 0
 13 0.026 1 0.000 -0.359 0.023 0
 13 0.034 1 0.000 -0.359 0.023 0
 13 0.034 1 0.000 -0.410 0.023 0
 13 0.026 1 -0.026 -0.487 0.000 0
 14 0.026 1 0.000 -0.436 0.000 0
 14 0.026 1 0.000 -0.462 0.000 0
 14 0.026 1 0.000 -0.436 0.000 0
 14 0.017 3 0.000 -0.436 0.000 0
 14 0.017 6 0.000 -0.462 0.000 0
 14 0.026 3 0.000 -0.436 0.000 0
 14 0.051 3 0.000 -0.436 0.000 0
 14 0.051 4 0.000 -0.436 0.000 0
 14 0.026 6 0.000 -0.487 0.000 0
 14 0.051 4 0.000 -0.513 0.000 0
 14 0.051 4 0.000 -0.538 0.000 0
 14 0.051 1 0.000 -0.513 0.000 0
 15 0.034 1 0.000 -0.513 0.000 0
 15 0.034 6 0.000 -0.538 0.000 0
 15 0.034 6 0.026 -0.462 0.000 0
 15 0.034 1 0.026 -0.487 -0.023 0
 15 0.026 1 0.026 -0.436 -0.023 0
 15 0.026 1 0.026 -0.410 -0.023 0
 15 0.026 4 0.026 -0.359 -0.023 0
 15 0.026 1 0.026 -0.359 -0.023 0
 15 0.043 1 0.026 -0.308 -0.045 0
 15 0.043 1 0.026 -0.282 -0.045 0
 15 0.026 1 0.026 -0.205 -0.045 0
 15 0.026 1 0.026 -0.154 -0.045 0
 16 0.017 6 0.026 -0.154 -0.045 0
 16 0.017 7 0.000 -0.179 -0.045 0
 16 0.017 7 0.000 -0.103 -0.023 0
 16 0.017 4 0.000 -0.051 -0.023 0
 16 0.026 3 0.000 -0.026 -0.023 0
 16 0.026 1 0.000 -0.026 -0.023 0
 16 0.026 1 0.000 -0.026 -0.023 0
 16 0.034 4 0.000 0.077 0.000 0
 16 0.034 4 0.000 0.077 0.000 0
 16 0.026 4 0.000 0.154 0.023 0
 16 0.026 6 0.000 0.179 0.023 0
 17 0.026 1 0.000 0.128 0.000 0
 17 0.043 1 0.000 0.205 0.000 0
 17 0.051 1 0.000 0.205 0.000 0
 17 0.085 1 -0.026 0.256 0.000 0
 17 0.145 1 -0.026 0.231 0.023 0
 17 0.145 4 -0.053 0.205 0.045 0
 17 0.128 1 -0.053 0.231 0.045 0
 17 0.094 6 -0.079 0.231 0.045 0
 17 0.085 1 -0.079 0.179 0.068 0
 17 0.077 6 -0.079 0.205 0.045 0
 17 0.077 6 -0.079 0.256 0.045 0
 17 0.094 1 -0.079 0.231 0.068 0
 18 0.128 1 -0.079 0.205 0.068 0
 18 0.154 1 -0.079 0.231 0.068 0
 18 0.154 7 -0.053 0.231 0.068 0
 18 0.128 1 -0.053 0.231 0.045 0
 18 0.128 1 -0.053 0.256 0.023 0
 18 0.111 1 -0.026 0.282 0.023 0
 18 0.120 1 0.000 0.333 0.023 0
 18 0.120 1 0.000 0.256 0.000 0
 18 0.094 1 0.000 0.308 0.000 0
 18 0.128 1 0.000 0.308 0.000 0
 18 0.128 1 0.000 0.308 0.000 0
 18 0.128 4 0.000 0.308 0.000 0
 19 0.103 3 0.000 0.282 0.000 0
 19 0.103 3 0.000 0.282 0.000 0
 19 0.103 1 0.000 0.231 0.000 0
 19 0.094 1 0.026 0.256 0.000 0
 19 0.103 1 0.000 0.256 0.000 0
 19 0.103 1 0.000 0.282 0.000 0
 19 0.103 1 0.000 0.282 0.000 0
 19 0.103 1 0.000 0.256 0.000 0
 19 0.103 1 0.000 0.231 0.000 0
 19 0.103 1 0.000 0.179 0.000 0
 19 0.128 1 0.000 0.179 0.000 0
 19 0.128 1 0.000 0.179 0.000 0
 20 0.128 1 0.000 0.205 0.000 0
 20 0.094 1 0.000 0.179 0.000 0
 20 0.094 1 0.000 0.154 0.000 0
 20 0.077 1 0.000 0.154 0.000 0
 20 0.060 1 0.000 0.128 0.000 0
 20 0.051 1 0.000 0.103 0.000 0
 20 0.051 1 0.000 0.128 0.000 0
 20 0.051 1 0.000 0.103 0.000 0
 20 0.051 1 0.000 0.077 0.000 0
 20 0.077 1 0.000 0.103 0.000 0
 20 0.077 1 0.000 0.103 0.000 0
 20 0.043 1 0.000 0.103 0.000 0
 21 0.026 1 0.000 0.051 0.000 0
 21 0.043 1 0.000 0.051 0.000 0
 21 0.043 1 0.000 0.000 0.000 0
 21 0.043 1 0.000 0.026 0.000 0
 21 0.043 1 0.000 -0.026 0.000 0
 21 0.077 1 0.000 -0.051 0.000 0
 21 0.077 1 0.000 0.026 0.000 0
 21 0.060 1 0.000 0.051 0.000 0
 21 0.051 1 0.000 0.051 0.000 0
 21 0.060 1 0.000 0.051 0.000 0
 21 0.060 1 0.000 0.077 0.000 0
 21 0.060 1 0.000 0.026 0.000 0
 22 0.077 1 0.000 0.026 0.000 0
 22 0.077 1 0.000 0.026 0.000 0
 22 0.077 1 0.000 -0.051 0.000 0
 22 0.051 1 0.000 -0.026 0.000 0
 22 0.051 1 0.026 -0.026 0.000 0
 22 0.060 1 0.026 -0.026 0.000 0
 22 0.060 1 0.026 -0.026 0.000 0
 22 0.043 1 0.026 -0.026 -0.023 0
 22 0.051 1 0.026 -0.103 -0.023 0
 22 0.051 1 0.026 -0.077 -0.023 0
 22 0.060 1 0.026 -0.077 -0.023 0
 22 0.094 1 0.026 -0.077 -0.023 0
 23 0.094 1 0.026 -0.051 -0.023 0
 23 0.085 1 0.026 -0.026 -0.023 0
 23 0.103 1 0.000 -0.026 0.000 0
 23 0.103 1 -0.026 0.000 0.000 0
 23 0.111 1 -0.053 0.000 0.000 0
 23 0.111 4 -0.053 -0.103 0.000 0
 23 0.120 1 -0.053 -0.077 0.045 0
 23 0.120 1 -0.079 -0.154 0.045 0
 23 0.094 1 -0.079 -0.179 0.045 0
 23 0.094 1 -0.106 -0.205 0.000 0
 23 0.094 1 -0.106 -0.205 0.000 0
 23 0.060 1 -0.132 -0.256 -0.023 0
 0 0.068 1 -0.159 -0.256 -0.023 0
 0 0.111 1 -0.159 -0.205 -0.114 0
 0 0.111 1 -0.185 -0.256 -0.159 0
 0 0.188 1 -0.159 -0.333 -0.273 0
 0 0.188 1 -0.159 -0.359 -0.250 0
 0 0.205 1 -0.185 -0.385 -0.273 0
 0 0.205 1 -0.159 -0.385 -0.341 0
 0 0.205 1 -0.185 -0.385 -0.341 0
 0 0.188 1 -0.185 -0.359 -0.386 0
 0 0.291 1 -0.185 -0.359 -0.432 0
 0 0.291 1 -0.185 -0.385 -0.386 0
 1 0.162 1 -0.185 -0.410 -0.477 0
 1 0.137 1 -0.212 -0.436 -0.432 0
 1 0.171 1 -0.185 -0.410 -0.432 0
 1 0.171 1 -0.185 -0.462 -0.318 0
 1 0.274 3 -0.185 -0.410 -0.341 0
 1 0.274 1 -0.185 -0.385 -0.341 0
 1 0.256 1 -0.159 -0.385 -0.273 0
 1 0.256 1 -0.132 -0.333 -0.273 0
 1 0.248 1 -0.185 -0.282 -0.114 0
 1 0.248 1 -0.212 -0.282 -0.068 0
 1 0.256 1 -0.212 -0.308 -0.023 0
 1 0.256 1 -0.159 -0.205 0.045 0
 2 0.239 3 -0.053 -0.179 0.023 0
 2 0.256 1 -0.053 -0.205 0.045 0
 2 0.256 1 -0.079 -0.205 0.068 0
 2 0.154 1 -0.106 -0.103 0.091 0
 2 0.376 1 -0.079 -0.077 0.114 0
 2 0.376 1 -0.106 0.000 0.114 0
 2 0.248 1 -0.159 -0.077 0.136 0
 2 0.325 1 -0.106 -0.051 0.136 0
 2 0.419 1 -0.079 -0.077 0.159 0
 2 0.419 1 0.000 -0.103 0.045 0
 2 0.308 3 -0.026 -0.026 0.068 0
 2 0.333 1 -0.106 -0.051 0.159 0
 3 0.333 1 -0.159 0.026 0.205 0
 3 0.359 4 -0.106 -0.026 0.182 0
 3 0.359 1 -0.106 0.026 0.182 0
 3 0.393 1 -0.132 -0.026 0.205 0
 3 0.393 1 -0.132 0.000 0.182 0
 3 0.427 3 -0.026 0.000 0.114 0
 3 0.427 1 0.000 0.026 0.023 0
 3 0.427 1 -0.026 0.000 0.091 0
 3 0.427 1 -0.079 0.026 0.114 0
 3 0.573 3 0.026 0.077 0.000 0
 3 0.573 3 0.000 0.026 0.000 0
 3 0.453 1 0.079 0.051 0.023 0
 4 0.453 1 0.053 0.077 -0.023 0
 4 0.427 1 0.026 0.077 -0.023 0
 4 0.376 1 0.026 0.103 0.000 0
 4 0.376 1 0.079 0.077 -0.045 0
 4 0.385 4 0.053 0.051 -0.068 0
 4 0.385 1 0.000 0.154 0.045 0
 4 0.444 3 0.026 0.154 -0.023 0
 4 0.538 3 0.053 0.179 -0.045 0
 4 0.538 1 -0.026 0.256 0.045 0
 4 0.393 1 -0.026 0.205 0.045 0
 4 0.402 1 -0.079 0.308 0.023 0
 4 0.427 1 -0.132 0.256 0.114 0
 5 0.453 1 -0.079 0.333 0.159 0
 5 0.453 1 -0.053 0.308 0.068 0
 5 0.513 1 -0.132 0.359 0.136 0
 5 0.513 1 -0.159 0.385 0.250 0
 5 0.453 1 -0.106 0.436 0.136 0
 5 0.453 1 -0.132 0.410 0.136 0
 5 0.419 1 -0.185 0.462 0.182 0
 5 0.325 1 -0.185 0.462 0.182 0
 5 0.385 1 -0.132 0.487 0.136 0
 5 0.453 1 -0.079 0.487 0.114 0
 5 0.453 1 -0.079 0.487 0.091 0
 5 0.427 3 -0.053 0.462 0.023 0
 6 0.462 1 0.000 0.538 -0.023 0
 6 0.462 3 0.053 0.513 -0.023 0
 6 0.427 1 -0.026 0.641 0.000 0
 6 0.419 3 -0.053 0.538 0.045 0
 6 0.419 1 -0.053 0.538 0.068 0
 6 0.402 1 0.053 0.564 -0.023 0
 6 0.402 1 0.079 0.513 -0.091 0
 6 0.402 1 0.053 0.487 -0.068 0
 6 0.402 1 -0.026 0.513 -0.023 0
 6 0.308 1 -0.079 0.487 0.045 0
 6 0.350 1 -0.132 0.487 0.136 0
 6 0.350 1 -0.132 0.436 0.159 0
 7 0.385 1 -0.079 0.462 0.114 0
 7 0.393 1 0.053 0.487 -0.023 0
 7 0.530 1 0.106 0.436 -0.091 0
 7 0.530 1 0.079 0.385 -0.091 0
 7 0.393 1 0.000 0.410 0.000 0
 7 0.393 1 -0.079 0.359 0.114 0
 7 0.427 1 -0.026 0.385 0.091 0
 7 0.556 1 0.106 0.308 0.000 0
 7 0.556 1 0.238 0.359 -0.114 0
 7 0.513 1 0.265 0.333 -0.250 0
 7 0.513 1 0.212 0.333 -0.182 0
 8 0.504 1 0.079 0.231 -0.068 0
 8 0.453 1 0.079 0.256 -0.023 0
 8 0.538 1 0.079 0.154 -0.023 0
 8 0.538 3 0.159 0.256 -0.114 0
 8 0.496 4 0.132 0.231 -0.114 0
 8 0.556 1 0.159 0.205 -0.091 0
 8 0.556 3 0.106 0.205 -0.114 0
 8 0.376 1 0.026 0.179 -0.091 0
 8 0.376 1 -0.026 0.179 -0.045 0
 8 0.410 1 0.000 0.154 0.000 0
 8 0.427 1 0.000 0.128 -0.023 0
 8 0.427 1 0.079 0.103 -0.114 0
 9 0.385 1 0.053 0.128 -0.114 0
 9 0.368 1 0.053 0.077 -0.114 0
 9 0.359 1 0.026 0.179 -0.068 0
 9 0.359 1 0.026 0.103 -0.068 0
 9 0.342 4 0.026 0.103 -0.114 0
 9 0.385 1 0.053 0.051 -0.068 0
 9 0.393 1 0.106 0.051 -0.068 0
 9 0.393 1 0.132 0.128 -0.114 0
 9 0.342 1 0.079 0.103 -0.091 0
 9 0.350 1 0.106 0.077 -0.136 0
 9 0.350 1 0.106 0.051 -0.136 0
 9 0.342 1 0.106 0.103 -0.136 0
 10 0.342 1 0.079 0.051 -0.091 0
 10 0.342 1 0.106 0.026 -0.114 0
 10 0.538 3 0.159 -0.026 -0.136 0
 10 0.538 1 0.185 -0.026 -0.182 0
 10 0.402 1 0.212 -0.026 -0.227 0
 10 0.410 1 0.159 -0.051 -0.205 0
 10 0.410 6 0.159 -0.026 -0.182 0
 10 0.402 1 0.212 -0.103 -0.227 0
 10 0.385 1 0.185 -0.077 -0.205 0
 10 0.427 1 0.185 -0.103 -0.182 0
 10 0.427 6 0.159 -0.077 -0.159 0
 10 0.402 1 0.159 -0.128 -0.182 0
 11 0.342 1 0.132 -0.128 -0.182 0
 11 0.325 1 0.132 -0.205 -0.182 0
 11 0.316 1 0.106 -0.179 -0.136 0
 11 0.333 1 0.079 -0.154 -0.136 0
 11 0.333 1 0.079 -0.154 -0.136 0
 11 0.342 1 0.079 -0.205 -0.136 0
 11 0.342 6 0.053 -0.205 -0.114 0
 11 0.265 1 0.079 -0.308 -0.091 0
 11 0.316 1 0.053 -0.282 -0.114 0
 11 0.376 1 0.053 -0.231 -0.114 0
 11 0.376 1 0.053 -0.256 -0.091 0
 11 0.333 1 0.053 -0.256 -0.068 0
 12 0.316 1 0.026 -0.231 -0.045 0
 12 0.299 1 0.026 -0.282 -0.045 0
 12 0.308 4 0.053 -0.308 -0.023 0
 12 0.308 3 0.053 -0.308 -0.023 0
 12 0.231 6 0.053 -0.308 -0.023 0
 12 0.256 1 0.053 -0.308 -0.023 0
 12 0.256 1 0.026 -0.308 -0.023 0
 12 0.265 4 0.026 -0.308 0.000 0
 12 0.265 6 0.026 -0.308 0.000 0
 12 0.248 1 0.026 -0.308 0.000 0
 12 0.265 1 0.026 -0.359 0.000 0
 12 0.265 1 0.026 -0.333 -0.023 0
 13 0.265 1 0.026 -0.385 0.000 0
 13 0.265 6 0.000 -0.385 -0.023 0
 13 0.265 1 0.000 -0.436 -0.023 0
 13 0.265 1 0.026 -0.385 -0.023 0
 13 0.222 4 0.026 -0.385 0.000 0
 13 0.222 4 0.026 -0.462 0.000 0
 13 0.222 6 0.026 -0.385 0.000 0
 13 0.222 1 0.026 -0.385 0.000 0
 13 0.145 1 0.026 -0.410 0.000 0
 13 0.137 1 0.026 -0.410 0.000 0
 13 0.265 1 0.026 -0.410 0.023 0
 13 0.265 1 0.026 -0.385 0.023 0
 14 0.239 1 0.026 -0.359 0.045 0
 14 0.214 1 0.026 -0.359 0.045 0
 14 0.188 1 0.000 -0.385 0.045 0
 14 0.197 1 0.000 -0.333 0.023 0
 14 0.214 4 0.000 -0.410 0.023 0
 14 0.214 4 0.026 -0.359 0.023 0
 14 0.239 4 0.026 -0.410 0.023 0
 14 0.239 4 0.026 -0.385 0.023 0
 14 0.154 1 0.026 -0.385 0.023 0
 14 0.162 1 0.026 -0.333 0.045 0
 14 0.171 3 0.026 -0.410 0.023 0
 14 0.205 1 0.026 -0.308 0.023 0
 15 0.205 3 0.026 -0.282 0.023 0
 15 0.154 3 0.026 -0.256 0.023 0
 15 0.137 3 0.026 -0.282 0.045 0
 15 0.162 1 0.026 -0.333 0.045 0
 15 0.188 4 0.000 -0.282 0.045 0
 15 0.188 1 0.000 -0.282 0.023 0
 15 0.188 1 0.000 -0.308 0.023 0
 15 0.154 1 0.000 -0.308 0.023 0
 15 0.154 4 0.000 -0.308 0.000 0
 15 0.154 1 0.000 -0.282 0.000 0
 15 0.154 6 0.026 -0.308 0.023 0
 16 0.171 1 0.026 -0.231 0.023 0
 16 0.171 1 0.026 -0.205 0.045 0
 16 0.162 1 0.026 -0.231 0.023 0
 16 0.162 1 0.026 -0.231 0.045 0
 16 0.128 1 0.026 -0.179 0.068 0
 16 0.162 1 0.026 -0.179 0.114 0
 16 0.162 1 0.026 -0.179 0.114 0
 16 0.128 6 0.026 -0.154 0.159 0
 16 0.128 4 0.026 -0.154 0.182 0
 16 0.128 6 0.026 -0.128 0.205 0
 16 0.128 6 0.000 -0.103 0.182 0
 16 0.128 3 0.000 -0.154 0.205 0
 17 0.128 1 0.000 -0.154 0.205 0
 17 0.162 1 0.000 -0.154 0.205 0
 17 0.162 1 0.000 -0.103 0.205 0
 17 0.154 1 0.000 -0.077 0.182 0
 17 0.154 1 0.000 -0.051 0.159 0
 17 0.154 1 0.000 -0.051 0.159 0
 17 0.154 3 0.000 -0.026 0.114 0
 17 0.154 6 0.000 -0.051 0.114 0
 17 0.137 6 0.000 -0.026 0.091 0
 17 0.137 4 0.000 -0.026 0.091 0
 17 0.137 1 0.000 -0.051 0.068 0
 17 0.128 1 0.026 -0.077 0.068 0
 18 0.085 1 0.026 -0.077 0.091 0
 18 0.077 1 0.026 -0.026 0.091 0
 18 0.094 1 0.053 -0.026 0.136 0
 18 0.094 1 0.053 -0.051 0.159 0
 18 0.094 1 0.053 -0.051 0.159 0
 18 0.094 1 0.053 -0.026 0.182 0
 18 0.128 1 0.053 0.000 0.182 0
 18 0.094 1 0.053 0.000 0.182 0
 18 0.111 1 0.079 0.000 0.205 0
 18 0.111 1 0.079 0.026 0.205 0
 18 0.094 1 0.053 0.051 0.159 0
 18 0.051 1 0.053 0.026 0.159 0
 19 0.051 1 0.053 0.051 0.136 0
 19 0.051 6 0.026 0.026 0.091 0
 19 0.060 1 0.026 0.051 0.068 0
 19 0.060 4 0.026 0.026 0.091 0
 19 0.026 1 0.026 0.026 0.091 0
 19 0.051 1 0.026 0.026 0.068 0
 19 0.060 1 0.026 0.051 0.091 0
 19 0.060 1 0.000 0.077 0.068 0
 19 0.060 1 0.000 0.026 0.091 0
 19 0.060 1 0.000 0.051 0.114 0
 19 0.060 1 0.000 0.051 0.114 0
 19 0.060 1 0.000 0.026 0.091 0
 20 0.051 1 0.000 0.026 0.114 0
 20 0.026 1 0.000 0.026 0.114 0
 20 0.068 1 0.026 0.077 0.091 0
 20 0.068 1 0.026 0.103 0.068 0
 20 0.060 1 0.026 0.103 0.091 0
 20 0.060 1 0.026 0.103 0.068 0
 20 0.051 1 0.026 0.103 0.068 0
 20 0.060 1 0.026 0.128 0.045 0
 20 0.060 1 0.026 0.128 0.045 0
 20 0.051 1 0.026 0.077 0.045 0
 20 0.026 1 0.026 0.128 0.068 0
 20 0.051 1 0.026 0.103 0.045 0
 21 0.051 1 0.026 0.103 0.045 0
 21 0.051 1 0.000 0.077 0.045 0
 21 0.051 1 0.000 0.051 0.045 0
 21 0.051 7 0.000 0.103 0.023 0
 21 0.051 1 0.000 0.077 0.023 0
 21 0.051 1 0.000 0.103 0.023 0
 21 0.051 1 0.000 0.077 0.023 0
 21 0.051 1 0.000 0.103 0.023 0
 21 0.051 1 0.000 0.051 0.000 0
 21 0.051 1 0.000 0.077 0.000 0
 21 0.077 1 0.000 0.103 0.000 0
 21 0.077 1 0.000 0.128 0.000 0
 22 0.051 1 0.000 0.128 0.000 0
 22 0.051 1 0.000 0.077 0.000 0
 22 0.077 1 0.000 0.051 0.000 0
 22 0.077 1 0.000 0.051 0.000 0
 22 0.051 1 0.000 0.026 0.000 0
 22 0.051 1 0.000 -0.026 0.000 0
 22 0.051 1 0.000 -0.077 0.000 0
 22 0.051 1 0.000 -0.077 0.000 0
 22 0.043 1 0.000 -0.026 0.000 0
 22 0.051 1 0.000 -0.051 -0.023 0
 22 0.051 1 0.000 -0.026 -0.023 0
 22 0.051 1 0.000 -0.051 -0.023 0
 23 0.051 1 0.000 -0.026 -0.023 0
 23 0.051 1 0.000 0.000 -0.023 0
 23 0.051 1 0.000 -0.077 0.000 0
 23 0.051 1 -0.026 -0.077 0.000 0
 23 0.051 1 -0.026 -0.103 0.000 0
 23 0.051 1 -0.053 -0.128 0.023 0
 23 0.103 1 -0.106 -0.154 0.045 0
 23 0.103 1 -0.106 -0.103 0.045 0
 23 0.077 1 -0.132 -0.128 0.045 0
 23 0.077 1 -0.159 -0.154 0.045 0
 0 0.103 1 -0.185 -0.231 -0.091 0
 0 0.103 1 -0.185 -0.231 -0.068 0
 0 0.103 1 -0.212 -0.154 -0.045 0
 0 0.154 1 -0.238 -0.231 -0.227 0
 0 0.154 1 -0.212 -0.205 -0.250 0
 0 0.171 1 -0.238 -0.282 -0.273 0
 0 0.188 1 -0.238 -0.256 -0.409 0
 0 0.197 1 -0.185 -0.231 -0.455 0
 0 0.248 1 -0.212 -0.256 -0.545 0
 0 0.248 1 -0.212 -0.308 -0.545 0
 0 0.222 4 -0.212 -0.333 -0.568 0
 0 0.248 4 -0.159 -0.359 -0.455 0
 1 0.248 1 -0.159 -0.333 -0.477 0
 1 0.222 4 -0.159 -0.333 -0.523 0
 1 0.222 4 -0.132 -0.359 -0.364 0
 1 0.188 6 -0.159 -0.333 -0.341 0
 1 0.179 3 -0.159 -0.308 -0.318 0
 1 0.214 1 -0.159 -0.308 -0.159 0
 1 0.214 1 -0.159 -0.308 -0.159 0
 1 0.222 4 -0.159 -0.308 -0.023 0
 1 0.222 1 -0.159 -0.256 0.023 0
 1 0.239 1 -0.159 -0.308 0.114 0
 1 0.239 1 -0.212 -0.256 0.136 0
 1 0.120 1 -0.265 -0.231 0.182 0
 2 0.120 1 -0.291 -0.256 0.295 0
 2 0.188 1 -0.291 -0.308 0.318 0
 2 0.188 1 -0.291 -0.231 0.341 0
 2 0.154 1 -0.238 -0.205 0.341 0
 2 0.188 3 -0.185 -0.128 0.250 0
 2 0.188 1 -0.185 -0.128 0.273 0
 2 0.154 1 -0.132 -0.179 0.227 0
 2 0.154 1 -0.079 -0.154 0.136 0
 2 0.171 1 -0.079 -0.128 0.114 0
 2 0.188 1 -0.079 -0.103 0.136 0
 2 0.214 1 -0.106 -0.077 0.136 0
 2 0.214 1 -0.053 -0.026 0.068 0
 3 0.188 1 -0.053 -0.051 0.045 0
 3 0.154 1 -0.026 0.000 0.068 0
 3 0.128 1 -0.026 0.026 0.023 0
 3 0.316 1 -0.026 0.000 0.045 0
 3 0.316 1 0.026 0.000 -0.023 0
 3 0.256 1 -0.053 0.051 0.000 0
 3 0.214 1 -0.053 0.077 0.068 0
 3 0.214 1 -0.079 0.026 0.068 0
 3 0.179 1 -0.106 0.077 0.114 0
 3 0.179 1 -0.026 0.051 0.068 0
 3 0.231 1 0.026 0.077 -0.045 0
 3 0.231 1 -0.026 0.128 0.045 0
 4 0.231 1 -0.026 0.205 -0.045 0
 4 0.214 1 -0.159 0.179 0.091 0
 4 0.231 1 -0.238 0.154 0.182 0
 4 0.282 1 -0.265 0.154 0.250 0
 4 0.299 1 -0.159 0.256 0.182 0
 4 0.333 1 -0.159 0.256 0.136 0
 4 0.333 3 -0.159 0.256 0.159 0
 4 0.265 1 -0.106 0.282 0.114 0
 4 0.342 1 -0.132 0.308 0.114 0
 4 0.342 1 -0.159 0.308 0.227 0
 4 0.325 3 -0.026 0.282 0.068 0
 4 0.333 3 0.000 0.308 0.091 0
 5 0.333 3 0.106 0.333 -0.023 0
 5 0.316 3 0.159 0.308 -0.068 0
 5 0.419 1 0.079 0.333 -0.045 0
 5 0.419 1 0.053 0.385 -0.023 0
 5 0.376 1 -0.026 0.359 0.068 0
 5 0.376 1 0.053 0.410 0.000 0
 5 0.299 3 0.053 0.410 -0.023 0
 5 0.470 1 0.159 0.436 -0.091 0
 5 0.470 1 0.079 0.487 -0.114 0
 5 0.222 1 -0.053 0.487 0.023 0
 5 0.248 1 -0.132 0.462 0.114 0
 5 0.248 1 -0.132 0.436 0.114 0
 6 0.282 1 -0.106 0.513 0.068 0
 6 0.282 1 -0.079 0.487 0.068 0
 6 0.214 1 -0.132 0.538 0.091 0
 6 0.239 1 -0.079 0.436 0.068 0
 6 0.239 1 -0.106 0.462 0.068 0
 6 0.256 1 -0.079 0.513 0.068 0
 6 0.256 1 -0.132 0.487 0.091 0
 6 0.239 1 -0.079 0.462 0.091 0
 6 0.214 6 0.053 0.462 -0.023 0
 6 0.197 3 0.106 0.538 -0.068 0
 7 0.239 1 0.079 0.487 -0.023 0
 7 0.179 1 0.026 0.462 0.000 0
 7 0.274 1 0.106 0.487 -0.068 0
 7 0.256 3 0.132 0.487 -0.068 0
 7 0.299 4 0.132 0.462 -0.091 0
 7 0.299 1 0.132 0.462 -0.114 0
 7 0.265 1 0.106 0.436 -0.068 0
 7 0.265 1 0.053 0.436 -0.023 0
 7 0.231 1 0.053 0.436 0.000 0
 7 0.231 1 -0.026 0.410 0.045 0
 8 0.453 1 0.000 0.359 0.000 0
 8 0.231 1 0.000 0.385 0.000 0
 8 0.239 4 0.053 0.308 -0.023 0
 8 0.274 1 0.026 0.282 0.000 0
 8 0.274 1 0.026 0.333 -0.023 0
 8 0.231 1 0.026 0.231 -0.023 0
 8 0.282 1 0.132 0.308 -0.091 0
 8 0.282 1 0.159 0.308 -0.182 0
 8 0.239 1 0.238 0.205 -0.227 0
 9 0.239 1 0.291 0.231 -0.318 0
 9 0.214 3 0.291 0.205 -0.341 0
 9 0.274 1 0.238 0.179 -0.295 0
 9 0.274 1 0.238 0.103 -0.250 0
 9 0.256 1 0.265 0.103 -0.295 0
 9 0.291 3 0.265 0.103 -0.295 0
 9 0.325 1 0.265 0.026 -0.273 0
 9 0.325 1 0.238 0.026 -0.273 0
 9 0.291 1 0.132 -0.026 -0.182 0
 10 0.274 1 0.159 -0.026 -0.182 0
 10 0.274 1 0.132 -0.051 -0.182 0
 10 0.265 1 0.079 -0.051 -0.136 0
 10 0.214 1 0.106 -0.103 -0.136 0
 10 0.222 1 0.159 -0.103 -0.182 0
 10 0.188 1 0.212 -0.128 -0.273 0
 10 0.188 3 0.159 -0.179 -0.227 0
 10 0.179 1 0.132 -0.103 -0.227 0
 10 0.188 1 0.132 -0.154 -0.227 0
 10 0.239 1 0.185 -0.231 -0.227 0
 11 0.239 1 0.185 -0.205 -0.250 0
 11 0.214 4 0.159 -0.282 -0.227 0
 11 0.222 3 0.159 -0.333 -0.182 0
 11 0.265 4 0.159 -0.333 -0.182 0
 11 0.265 1 0.132 -0.308 -0.159 0
 11 0.265 1 0.106 -0.308 -0.136 0
 11 0.248 1 0.079 -0.308 -0.114 0
 11 0.214 3 0.079 -0.359 -0.091 0
 11 0.214 1 0.106 -0.333 -0.068 0
 12 0.205 1 0.106 -0.385 -0.068 0
 12 0.205 4 0.079 -0.385 -0.068 0
 12 0.197 3 0.079 -0.385 -0.045 0
 12 0.188 3 0.053 -0.385 -0.023 0
 12 0.188 1 0.026 -0.385 -0.023 0
 12 0.128 4 0.026 -0.385 0.000 0
 12 0.128 1 0.026 -0.385 0.000 0
 12 0.154 4 0.026 -0.385 0.000 0
 12 0.154 1 0.026 -0.410 0.000 0
 12 0.342 4 0.026 -0.333 0.023 0
 12 0.342 1 0.000 -0.359 0.000 0
 13 0.308 4 0.026 -0.410 0.000 0
 13 0.308 4 0.026 -0.410 0.000 0
 13 0.291 1 0.026 -0.410 0.000 0
 13 0.274 1 0.026 -0.385 0.000 0
 13 0.274 6 0.026 -0.410 0.000 0
 13 0.274 1 0.026 -0.333 0.000 0
 13 0.274 4 0.026 -0.282 0.000 0
 13 0.214 1 0.053 -0.333 0.000 0
 13 0.188 1 0.053 -0.333 0.023 0
 13 0.188 1 0.053 -0.359 0.000 0
 13 0.188 1 0.053 -0.333 0.045 0
 13 0.188 6 0.026 -0.333 0.045 0
 14 0.154 1 0.026 -0.333 0.045 0
 14 0.154 4 0.026 -0.282 0.068 0
 14 0.154 4 0.026 -0.333 0.068 0
 14 0.154 3 0.026 -0.333 0.068 0
 14 0.197 4 0.026 -0.308 0.091 0
 14 0.197 1 0.026 -0.333 0.091 0
 14 0.154 6 0.026 -0.333 0.114 0
 14 0.154 6 0.026 -0.333 0.091 0
 14 0.145 1 0.026 -0.308 0.114 0
 14 0.145 1 0.026 -0.333 0.091 0
 15 0.179 1 0.026 -0.333 0.136 0
 15 0.179 4 0.026 -0.359 0.159 0
 15 0.162 3 0.000 -0.359 0.136 0
 15 0.137 1 0.000 -0.308 0.159 0
 15 0.188 4 0.000 -0.333 0.159 0
 15 0.188 6 0.000 -0.256 0.136 0
 15 0.162 1 0.000 -0.308 0.136 0
 15 0.188 3 0.000 -0.308 0.136 0
 15 0.188 1 0.000 -0.282 0.136 0
 15 0.231 1 0.000 -0.282 0.136 0
 15 0.231 6 0.000 -0.231 0.114 0
 15 0.222 4 0.000 -0.256 0.068 0
 16 0.197 4 0.000 -0.231 0.068 0
 16 0.248 4 0.026 -0.231 0.068 0
 16 0.248 1 0.026 -0.256 0.045 0
 16 0.162 1 0.053 -0.179 0.023 0
 16 0.214 1 0.053 -0.154 0.000 0
 16 0.154 3 0.053 -0.154 0.000 0
 16 0.154 1 0.026 -0.154 0.000 0
 16 0.154 6 0.026 -0.154 0.023 0
 16 0.179 1 0.026 -0.128 0.000 0
 16 0.154 4 0.026 -0.179 0.045 0
 17 0.231 1 0.026 -0.154 0.068 0
 17 0.231 3 0.026 -0.077 0.045 0
 17 0.231 3 0.053 -0.026 0.114 0
 17 0.205 3 0.053 0.000 0.159 0
 17 0.188 1 0.026 0.000 0.182 0
 17 0.188 1 0.026 0.051 0.227 0
 17 0.188 4 0.026 0.051 0.250 0
 17 0.188 4 0.026 0.051 0.250 0
 17 0.222 6 0.026 0.051 0.250 0
 17 0.222 1 0.053 0.051 0.273 0
 18 0.128 1 0.053 0.077 0.273 0
 18 0.171 1 0.053 0.103 0.250 0
 18 0.171 1 0.053 0.128 0.273 0
 18 0.162 4 0.026 0.103 0.205 0
 18 0.111 1 0.026 0.179 0.159 0
 18 0.111 3 0.026 0.179 0.182 0
 18 0.077 1 0.026 0.154 0.159 0
 18 0.077 3 0.026 0.179 0.136 0
 18 0.103 1 0.026 0.154 0.136 0
 18 0.103 1 0.026 0.179 0.114 0
 18 0.103 4 0.000 0.231 0.091 0
 18 0.103 3 0.000 0.205 0.068 0
 19 0.103 4 0.000 0.256 0.091 0
 19 0.128 1 0.000 0.256 0.068 0
 19 0.128 1 0.000 0.256 0.068 0
 19 0.154 3 0.026 0.231 0.068 0
 19 0.154 1 0.026 0.282 0.045 0
 19 0.137 1 0.026 0.231 0.045 0
 19 0.137 1 0.026 0.205 0.045 0
 19 0.128 1 0.026 0.231 0.023 0
 19 0.128 1 0.026 0.256 0.023 0
 19 0.145 6 0.026 0.256 0.045 0
 19 0.154 3 0.026 0.256 0.045 0
 19 0.154 3 0.026 0.231 0.023 0
 20 0.154 3 0.026 0.205 0.023 0
 20 0.154 3 0.026 0.205 0.023 0
 20 0.154 3 0.000 0.256 0.023 0
 20 0.128 1 0.000 0.179 0.023 0
 20 0.128 6 0.000 0.205 0.023 0
 20 0.103 3 0.000 0.205 0.023 0
 20 0.120 6 0.000 0.179 0.023 0
 20 0.154 4 0.000 0.205 0.045 0
 20 0.154 3 0.000 0.179 0.000 0
 20 0.145 3 0.000 0.154 0.000 0
 20 0.128 1 0.000 0.128 0.000 0
 20 0.128 4 0.000 0.103 0.000 0
 21 0.154 1 0.000 0.103 0.000 0
 21 0.154 3 0.000 0.051 0.000 0
 21 0.179 1 0.000 0.077 0.000 0
 21 0.179 3 0.000 0.026 0.000 0
 21 0.103 4 0.000 0.026 0.000 0
 21 0.103 1 0.000 0.051 0.000 0
 21 0.068 1 0.000 -0.026 -0.023 0
 21 0.145 1 0.000 -0.026 0.000 0
 21 0.188 1 0.000 -0.026 0.000 0
 21 0.222 3 0.000 -0.051 0.000 0
 21 0.222 6 0.000 -0.077 -0.023 0
 22 0.188 1 0.000 -0.051 -0.023 0
 22 0.188 4 0.000 -0.103 -0.023 0
 22 0.188 1 0.000 -0.128 -0.023 0
 22 0.171 1 0.000 -0.103 0.000 0
 22 0.171 1 0.000 -0.077 0.000 0
 22 0.154 1 0.000 -0.103 0.000 0
 22 0.171 3 0.000 -0.103 0.000 0
 22 0.171 1 0.000 -0.128 0.000 0
 22 0.205 3 0.000 -0.103 0.000 0
 22 0.205 1 0.000 -0.077 0.000 0
 22 0.154 1 0.026 -0.077 0.023 0
 22 0.154 1 0.026 -0.077 0.023 0
 23 0.128 1 0.026 -0.051 0.023 0
 23 0.171 3 0.000 -0.051 0.023 0
 23 0.171 1 0.000 -0.103 0.000 0
 23 0.137 1 0.000 -0.077 0.000 0
 23 0.128 1 0.000 -0.077 0.000 0
 23 0.103 3 0.000 -0.103 0.000 0
 23 0.154 1 -0.026 -0.077 -0.023 0
 23 0.154 1 -0.026 -0.077 -0.023 0
 23 0.103 1 -0.053 -0.103 -0.045 0
 23 0.111 6 -0.106 -0.077 -0.091 0
 23 0.128 1 -0.106 -0.077 -0.114 0
 23 0.128 1 -0.106 -0.128 -0.136 0
 0 0.137 1 -0.106 -0.103 -0.136 0
 0 0.137 1 -0.106 -0.154 -0.136 0
 0 0.128 1 -0.106 -0.179 -0.159 0
 0 0.128 4 -0.132 -0.282 -0.182 0
 0 0.128 3 -0.132 -0.256 -0.182 0
 0 0.111 1 -0.132 -0.282 -0.227 0
 0 0.111 1 -0.159 -0.282 -0.250 0
 0 0.128 3 -0.132 -0.333 -0.318 0
 0 0.188 3 -0.106 -0.410 -0.273 0
 0 0.188 1 -0.106 -0.282 -0.250 0
 0 0.162 1 -0.132 -0.333 -0.273 0
 0 0.205 1 -0.106 -0.385 -0.318 0
 1 0.239 4 -0.106 -0.359 -0.341 0
 1 0.239 3 -0.079 -0.282 -0.273 0
 1 0.214 1 -0.079 -0.333 -0.250 0
 1 0.214 1 -0.106 -0.308 -0.318 0
 1 0.179 1 -0.106 -0.333 -0.273 0
 1 0.179 1 -0.132 -0.333 -0.250 0
 1 0.239 6 -0.106 -0.385 -0.182 0
 1 0.239 3 -0.106 -0.333 -0.182 0
 1 0.145 4 -0.106 -0.410 -0.205 0
 1 0.145 1 -0.106 -0.308 -0.159 0
 1 0.103 3 -0.106 -0.333 -0.114 0
 1 0.111 1 -0.132 -0.282 -0.091 0
 2 0.256 1 -0.212 -0.256 -0.091 0
 2 0.256 4 -0.212 -0.205 -0.068 0
 2 0.231 1 -0.159 -0.128 0.000 0
 2 0.188 3 -0.212 -0.128 0.068 0
 2 0.179 1 -0.212 -0.128 0.136 0
 2 0.299 1 -0.265 -0.128 0.227 0
 2 0.299 1 -0.265 -0.051 0.205 0
 2 0.197 1 -0.317 -0.051 0.295 0
 2 0.197 1 -0.317 -0.128 0.295 0
 2 0.222 1 -0.317 -0.051 0.341 0
 2 0.222 1 -0.238 -0.026 0.273 0
 2 0.222 1 -0.212 -0.026 0.250 0
 3 0.222 1 -0.106 -0.051 0.159 0
 3 0.231 1 -0.053 -0.026 0.068 0
 3 0.256 1 0.053 0.026 0.000 0
 3 0.256 1 0.026 0.077 -0.023 0
 3 0.231 1 0.000 0.051 -0.023 0
 3 0.188 1 0.026 0.154 -0.023 0
 3 0.188 4 0.106 0.128 -0.114 0
 3 0.154 4 0.159 0.154 -0.114 0
 3 0.154 1 0.159 0.103 -0.159 0
 3 0.188 1 0.106 0.128 -0.114 0
 3 0.188 1 0.185 0.154 -0.182 0
 4 0.188 1 0.106 0.179 -0.159 0
 4 0.188 1 -0.053 0.179 0.000 0
 4 0.188 1 -0.185 0.179 0.159 0
 4 0.231 4 -0.132 0.231 0.136 0
 4 0.231 6 -0.106 0.231 0.091 0
 4 0.188 1 -0.159 0.282 0.136 0
 4 0.222 1 -0.132 0.282 0.114 0
 4 0.265 1 -0.079 0.308 0.045 0
 4 0.265 1 -0.053 0.308 0.000 0
 4 0.248 3 -0.106 0.282 0.068 0
 4 0.171 1 -0.238 0.308 0.227 0
 4 0.274 1 -0.265 0.359 0.295 0
 5 0.274 1 -0.185 0.359 0.250 0
 5 0.145 1 -0.159 0.385 0.159 0
 5 0.205 3 -0.185 0.333 0.159 0
 5 0.205 1 -0.185 0.359 0.182 0
 5 0.154 1 -0.185 0.385 0.159 0
 5 0.239 1 -0.265 0.385 0.250 0
 5 0.239 1 -0.397 0.385 0.341 0
 5 0.171 1 -0.344 0.436 0.364 1
 5 0.188 1 -0.212 0.462 0.273 1
 5 0.188 1 -0.132 0.462 0.136 1
 5 0.154 1 -0.159 0.410 0.159 1
 5 0.154 1 -0.079 0.462 0.068 1
 6 0.154 1 0.026 0.462 0.023 1
 6 0.188 1 0.106 0.462 -0.045 1
 6 0.188 1 0.132 0.462 -0.091 1
 6 0.145 1 0.132 0.513 -0.068 1
 6 0.154 1 0.132 0.513 -0.045 1
 6 0.154 1 0.159 0.513 -0.068 1
 6 0.145 4 0.053 0.538 -0.023 1
 6 0.154 1 -0.026 0.513 0.023 1
 6 0.162 1 -0.079 0.538 0.068 1
 6 0.197 3 0.000 0.513 0.045 1
 6 0.197 1 -0.026 0.487 0.068 1
 6 0.154 1 0.026 0.487 0.000 1
 7 0.171 3 0.053 0.487 -0.023 1
 7 0.171 1 0.053 0.513 0.000 1
 7 0.137 1 0.026 0.487 0.023 1
 7 0.188 3 0.053 0.462 -0.045 1
 7 0.188 1 0.053 0.487 -0.068 1
 7 0.239 1 0.106 0.538 -0.091 1
 7 0.239 1 0.106 0.564 -0.136 1
 7 0.291 1 0.132 0.564 -0.159 1
 7 0.291 1 0.132 0.487 -0.159 1
 7 0.282 1 0.159 0.513 -0.159 0
 8 0.470 1 0.265 0.462 -0.318 0
 8 0.504 1 0.370 0.308 -0.455 0
 8 0.701 1 0.582 0.333 -0.523 0
 8 1.000 6 0.926 -0.077 0.023 0
 8 0.846 3 0.926 -0.179 0.045 0
 8 0.265 3 0.952 -0.231 0.045 0
 8 0.291 1 0.952 -0.128 0.045 0
 8 0.291 1 0.926 -0.077 0.045 0
 8 0.231 1 0.873 -0.103 0.114 0
 8 0.291 4 0.767 -0.103 0.159 0
 8 0.291 6 0.688 -0.128 0.227 0
 9 0.291 4 0.556 -0.103 0.364 0
 9 0.265 3 0.503 -0.051 0.455 0
 9 0.248 1 0.344 0.026 0.477 0
 9 0.214 1 0.000 0.026 -0.068 0
 9 0.111 1 -0.026 0.026 -0.068 0
 9 0.094 1 -0.053 -0.051 -0.045 0
 9 0.060 1 -0.053 -0.051 -0.045 0
 9 0.060 1 -0.053 -0.179 -0.023 0
 9 0.060 1 -0.079 -0.282 -0.023 0
 9 0.043 3 -0.079 -0.282 0.000 0
 9 0.043 1 -0.079 -0.256 0.000 0
 9 0.043 6 -0.053 -0.333 0.000 0
 10 0.026 10 -0.053 -0.282 0.000 0
 10 0.051 1 -0.053 -0.179 0.000 0
 10 0.060 1 -0.026 -0.256 0.000 0
 10 0.060 7 -0.026 0.103 0.000 0
 10 0.034 1 -0.026 0.128 0.000 0
 10 0.060 1 -0.026 0.179 0.000 0
 10 0.060 1 -0.026 0.103 0.000 0
 10 0.060 1 -0.026 -0.026 0.000 0
 10 0.026 1 0.000 0.000 0.000 0
 10 0.026 6 0.000 -0.051 0.000 0
 10 0.034 4 0.000 -0.026 0.000 0
 11 0.034 6 0.000 -0.103 0.000 0
 11 0.034 6 0.000 -0.205 0.000 0
 11 0.034 4 0.000 -0.282 0.000 0
 11 0.026 4 0.000 -0.256 0.000 0
 11 0.017 7 0.000 -0.231 0.000 0
 11 0.034 7 0.000 -0.154 0.000 0
 11 0.060 6 0.000 -0.231 0.000 0
 11 0.060 6 0.000 -0.205 0.000 0
 11 0.060 6 0.000 -0.103 0.023 0
 11 0.060 6 0.000 -0.103 0.023 0
 11 0.085 4 0.000 -0.077 0.023 0
 11 0.094 7 0.000 -0.077 0.023 0
 12 0.094 6 0.000 -0.103 0.023 0
 12 0.094 6 0.000 -0.154 0.023 0
 12 0.060 6 -0.026 -0.205 0.045 0
 12 0.060 3 -0.026 -0.256 0.045 0
 12 0.026 7 -0.026 -0.231 0.045 0
 12 0.034 3 -0.026 -0.308 0.023 0
 12 0.060 4 -0.026 -0.282 0.023 0
 12 0.068 1 -0.026 -0.282 0.000 0
 12 0.085 1 -0.026 -0.308 0.000 0
 12 0.128 4 -0.026 -0.282 0.000 0
 12 0.128 1 -0.026 -0.308 0.000 0
 13 0.077 4 -0.026 -0.282 0.000 0
 13 0.026 1 -0.026 -0.282 0.000 0
 13 0.034 1 0.000 -0.333 -0.023 0
 13 0.034 1 0.000 -0.385 -0.023 0
 13 0.026 1 0.000 -0.436 -0.023 0
 13 0.051 1 0.000 -0.487 0.000 0
 13 0.051 1 0.000 -0.487 0.000 0
 13 0.051 1 0.000 -0.462 0.000 0
 13 0.060 1 0.000 -0.538 0.000 0
 13 0.060 1 0.026 -0.538 0.000 0
 13 0.051 1 0.026 -0.564 0.000 0
 13 0.051 4 0.026 -0.590 0.000 0
 14 0.077 4 0.000 -0.564 0.000 0
 14 0.077 1 0.026 -0.462 0.023 0
 14 0.051 1 0.026 -0.436 0.000 0
 14 0.034 1 0.026 -0.333 0.000 0
 14 0.034 1 0.026 -0.308 0.000 0
 14 0.026 1 0.000 -0.231 0.000 0
 14 0.051 1 0.000 -0.231 0.000 0
 14 0.051 1 0.000 -0.179 0.000 0
 14 0.026 1 -0.026 -0.154 0.000 0
 14 0.026 1 -0.026 -0.205 0.000 0
 14 0.026 3 -0.026 -0.179 0.000 0
 15 0.026 1 0.000 -0.179 0.000 0
 15 0.000 4 -0.026 -0.103 -0.023 0
 15 0.026 1 -0.026 -0.026 0.000 0
 15 0.026 1 -0.026 -0.026 0.000 0
 15 0.026 3 -0.026 0.026 0.000 0
 15 0.009 7 0.000 0.026 0.000 0
 15 0.000 9 0.000 0.077 0.000 0
 15 0.026 7 0.000 0.103 0.000 0
 15 0.026 7 0.000 0.179 0.000 0
 15 0.017 7 0.000 0.154 0.000 0
 15 0.017 6 0.000 0.128 0.000 0
 16 0.026 7 0.000 0.179 0.000 0
 16 0.026 7 0.000 0.205 0.000 0
 16 0.000 4 0.000 0.179 0.000 0
 16 0.000 9 0.000 0.205 0.000 0
 16 0.017 6 0.000 0.205 0.000 0
 16 0.017 7 0.000 0.256 0.000 0
 16 0.017 7 0.000 0.256 0.000 0
 16 0.017 7 0.000 0.256 0.000 0
 16 0.017 3 0.000 0.282 0.000 0
 16 0.026 1 0.000 0.282 0.000 0
 16 0.026 6 0.000 0.333 0.000 0
 16 0.000 9 0.000 0.359 0.000 0
 17 0.000 9 0.000 0.359 0.000 0
 17 0.026 4 0.026 0.308 0.000 0
 17 0.026 4 0.026 0.282 0.000 0
 17 0.026 6 0.000 0.359 0.000 0
 17 0.017 6 0.000 0.359 0.000 0
 17 0.017 3 0.000 0.385 0.000 0
 17 0.017 9 0.026 0.359 0.000 0
 17 0.017 7 0.026 0.359 0.000 0
 17 0.009 9 0.026 0.333 0.000 0
 17 0.017 6 0.026 0.333 0.000 0
 17 0.017 6 0.026 0.385 0.000 0
 17 0.026 6 0.026 0.436 0.000 0
 18 0.026 9 0.000 0.410 0.000 0
 18 0.017 9 0.000 0.410 -0.023 0
 18 0.017 9 0.026 0.462 -0.023 0
 18 0.034 4 0.026 0.462 -0.023 0
 18 0.043 3 0.026 0.410 -0.023 0
 18 0.051 1 0.000 0.410 -0.023 0
 18 0.051 1 0.000 0.410 -0.023 0
 18 0.043 6 0.000 0.410 -0.023 0
 18 0.017 6 0.000 0.385 -0.023 0
 18 0.000 6 0.000 0.410 -0.023 0
 18 0.000 6 0.000 0.385 -0.023 0
 19 0.000 9 0.000 0.385 -0.023 0
 19 0.000 9 0.000 0.359 0.000 0
 19 0.000 7 0.000 0.333 0.000 0
 19 0.000 7 0.000 0.333 0.000 0
 19 0.000 7 0.000 0.333 0.000 0
 19 0.000 7 0.000 0.359 0.000 0
 19 0.000 7 0.000 0.359 0.000 0
 19 0.026 7 0.000 0.333 0.000 0
 19 0.034 6 0.000 0.385 0.000 0
 19 0.051 7 -0.026 0.385 0.000 0
 19 0.051 7 -0.026 0.359 0.000 0
 19 0.060 6 -0.026 0.308 0.000 0
 20 0.060 7 -0.026 0.333 0.000 0
 20 0.000 7 0.000 0.333 0.000 0
 20 0.000 6 0.000 0.282 0.000 0
 20 0.017 6 0.000 0.231 0.000 0
 20 0.026 1 0.000 0.231 0.000 0
 20 0.026 6 0.000 0.179 0.000 0
 20 0.034 4 0.000 0.154 0.000 0
 20 0.043 4 -0.026 0.154 0.000 0
 20 0.043 1 0.000 0.154 0.000 0
 20 0.034 3 0.000 0.103 0.000 0
 20 0.034 1 0.000 0.103 0.000 0
 20 0.026 1 0.000 0.026 0.000 0
 21 0.043 4 -0.026 0.077 0.000 0
 21 0.043 1 -0.026 0.077 0.000 0
 21 0.043 1 -0.026 0.000 0.000 0
 21 0.077 1 -0.026 -0.026 0.000 0
 21 0.077 6 -0.026 -0.026 0.023 0
 21 0.077 6 -0.026 -0.026 0.023 0
 21 0.068 6 0.000 0.000 0.023 0
 21 0.068 3 0.000 -0.103 0.023 0
 21 0.051 6 0.000 -0.077 0.023 0
 21 0.060 3 0.000 -0.103 0.023 0
 21 0.060 4 0.000 -0.103 0.023 0
 21 0.043 6 0.000 -0.154 0.023 0
 22 0.051 6 0.000 -0.205 0.023 0
 22 0.051 1 0.000 -0.205 0.023 0
 22 0.043 6 0.000 -0.231 0.023 0
 22 0.043 6 0.000 -0.231 0.000 0
 22 0.026 3 0.000 -0.231 0.000 0
 22 0.034 4 0.000 -0.231 0.000 0
 22 0.026 4 0.000 -0.256 0.000 0
 23 0.017 6 0.000 -0.282 -0.023 0
 23 0.017 6 0.000 -0.282 -0.023 0
 23 0.017 0 0.000 -0.308 -0.023 0
 23 0.026 1 -0.106 -0.256 0.023 0
 23 0.026 7 -0.159 -0.333 0.023 0
 0 0.026 4 -0.185 -0.333 0.023 0
 0 0.026 1 -0.185 -0.308 0.023 0
 0 0.026 7 -0.212 -0.359 0.045 0
 0 0.026 4 -0.238 -0.462 0.068 0
 0 0.000 1 -0.265 -0.462 0.068 0
 0 0.060 3 -0.265 -0.513 0.114 0
 0 0.060 1 -0.265 -0.462 0.159 0
 0 0.077 1 -0.291 -0.462 0.182 0
 0 0.068 1 -0.317 -0.436 0.205 0
 1 0.085 6 -0.265 -0.513 -0.023 0
 1 0.077 1 -0.265 -0.462 -0.409 0
 1 0.103 6 -0.238 -0.487 -0.477 0
 1 0.103 3 -0.238 -0.436 -0.500 0
 1 0.128 1 -0.265 -0.410 -0.545 0
 1 0.111 1 -0.238 -0.410 -0.568 0
 1 0.154 7 -0.185 -0.359 -0.591 0
 1 0.154 1 -0.185 -0.359 -0.636 0
 2 0.120 1 -0.185 -0.359 -0.659 0
 2 0.120 3 -0.212 -0.308 -0.636 0
 2 0.188 3 -0.185 -0.282 -0.659 0
 2 0.188 6 -0.132 -0.282 -0.500 0
 2 0.111 1 -0.079 -0.231 -0.091 0
 2 0.154 1 -0.053 -0.179 -0.023 0
 2 0.154 6 -0.026 -0.179 -0.045 0
 2 0.154 3 0.026 -0.179 -0.023 0
 2 0.171 4 0.026 -0.103 -0.023 0
 2 0.171 1 -0.026 -0.026 0.000 0
 2 0.111 1 -0.106 -0.026 0.068 0
 2 0.111 1 -0.185 0.026 0.159 0
 3 0.154 1 -0.159 0.026 0.136 0
 3 0.154 1 -0.185 0.026 0.159 0
 3 0.120 1 -0.265 0.026 0.295 0
 3 0.120 1 -0.317 0.154 0.341 0
 3 0.162 3 -0.397 0.128 0.386 0
 3 0.162 1 -0.450 0.179 0.477 0
 3 0.111 1 -0.476 0.179 0.477 0
 3 0.145 1 -0.503 0.205 0.523 0
 3 0.154 1 -0.476 0.205 0.523 0
 3 0.188 3 -0.317 0.179 0.432 0
 3 0.239 4 -0.132 0.231 0.250 0
 3 0.239 1 -0.079 0.231 0.159 0
 4 0.120 1 0.000 0.256 0.136 0
 4 0.145 1 0.159 0.282 -0.068 0
 4 0.145 4 0.238 0.333 -0.205 0
 4 0.120 3 0.238 0.308 -0.159 0
 4 0.188 4 0.185 0.333 -0.136 0
 4 0.188 1 0.132 0.333 -0.045 0
 4 0.188 1 0.185 0.333 -0.091 0
 4 0.188 3 0.265 0.308 -0.159 0
 4 0.188 4 0.212 0.333 -0.227 0
 4 0.188 1 0.079 0.333 -0.091 0
 4 0.179 4 -0.026 0.333 0.068 0
 4 0.120 3 -0.053 0.333 0.045 0
