 7 0.077 3 0.053 0.487 -0.023 0
 7 0.077 3 0.026 0.487 -0.023 0
 7 0.043 3 -0.185 0.718 0.182 0
 7 0.043 3 -0.185 0.692 0.205 0
 7 0.094 6 -0.159 0.692 0.182 0
 7 0.094 1 -0.132 0.692 0.136 0
 7 0.094 1 -0.185 0.641 0.205 0
 7 0.068 6 -0.185 0.667 0.182 0
 7 0.068 3 -0.185 0.615 0.227 0
 7 0.068 4 -0.185 0.641 0.227 0
 7 0.068 3 -0.159 0.615 0.182 0
 7 0.060 4 -0.132 0.590 0.136 0
 8 0.060 3 -0.159 0.564 0.159 0
 8 0.043 1 -0.026 0.538 0.045 0
 8 0.051 1 0.000 0.513 0.023 0
 8 0.060 6 0.053 0.513 0.000 0
 8 0.060 7 0.053 0.538 0.000 0
 8 0.034 3 0.053 0.538 -0.068 0
 8 0.051 1 0.000 0.513 0.000 0
 8 0.060 7 0.053 0.513 -0.068 0
 8 0.060 1 0.079 0.538 -0.091 0
 8 0.085 6 0.079 0.538 -0.114 0
 8 0.068 6 0.079 0.538 -0.091 0
 8 0.060 1 0.106 0.564 -0.114 0
 9 0.111 4 0.185 0.564 -0.182 0
 9 0.137 1 0.185 0.282 -0.227 0
 9 0.137 7 0.132 0.282 -0.227 0
 9 0.154 6 0.132 0.231 -0.227 0
 9 0.179 1 0.159 0.179 -0.205 0
 9 0.188 1 0.212 0.179 -0.250 0
 9 0.265 3 0.159 0.179 -0.227 0
 9 0.299 4 0.132 0.128 -0.205 0
 9 0.299 1 0.159 0.128 -0.159 0
 9 0.265 1 0.159 0.128 -0.205 0
 9 0.231 1 0.185 0.103 -0.227 0
 9 0.231 6 0.185 0.026 -0.295 0
 10 0.231 7 0.159 0.026 -0.273 0
 10 0.231 7 0.159 0.000 -0.250 0
 10 0.231 6 0.132 0.000 -0.205 0
 10 0.231 3 0.159 -0.051 -0.227 0
 10 0.188 7 0.159 -0.077 -0.227 0
 10 0.188 7 0.159 -0.103 -0.250 0
 10 0.214 7 0.185 -0.077 -0.250 0
 10 0.214 1 0.132 -0.128 -0.250 0
 10 0.188 7 0.106 -0.103 -0.182 0
 10 0.188 6 0.106 -0.128 -0.182 0
 10 0.162 7 0.079 -0.128 -0.136 0
 11 0.162 6 0.079 -0.205 -0.114 0
 11 0.154 7 0.053 -0.154 -0.091 0
 11 0.154 7 0.053 -0.256 -0.114 0
 11 0.154 7 0.079 -0.256 -0.114 0
 11 0.154 6 0.079 -0.231 -0.114 0
 11 0.154 6 0.079 -0.256 -0.091 0
 11 0.154 1 0.053 -0.282 -0.091 0
 11 0.188 1 0.053 -0.256 -0.068 0
 11 0.188 7 0.053 -0.333 -0.091 0
 11 0.188 4 0.026 -0.359 -0.068 0
 11 0.154 6 0.026 -0.410 -0.045 0
 11 0.188 7 0.026 -0.359 -0.045 0
 12 0.188 6 0.026 -0.385 -0.045 0
 12 0.188 1 0.053 -0.333 -0.023 0
 12 0.188 3 0.026 -0.385 0.000 0
 12 0.154 3 0.026 -0.333 0.000 0
 12 0.154 1 0.026 -0.333 0.000 0
 12 0.154 6 0.026 -0.282 0.023 0
 12 0.154 6 0.026 -0.282 0.023 0
 12 0.154 1 0.026 -0.282 0.068 0
 12 0.154 7 0.026 -0.333 0.068 0
 12 0.188 7 0.026 -0.359 0.091 0
 12 0.188 7 0.026 -0.436 0.091 0
 12 0.154 7 0.026 -0.359 0.114 0
 13 0.154 7 0.000 -0.462 0.114 0
 13 0.128 7 0.000 -0.385 0.114 0
 13 0.120 7 0.000 -0.410 0.114 0
 13 0.154 6 0.000 -0.410 0.114 0
 13 0.154 7 0.000 -0.410 0.091 0
 13 0.154 6 0.000 -0.436 0.091 0
 13 0.154 7 0.000 -0.410 0.068 0
 13 0.154 1 0.026 -0.410 0.068 0
 13 0.111 7 0.026 -0.410 0.068 0
 13 0.154 3 0.026 -0.385 0.068 0
 13 0.154 7 0.026 -0.410 0.045 0
 13 0.154 7 0.026 -0.385 0.045 0
 14 0.128 7 0.026 -0.436 0.023 0
 14 0.154 6 0.026 -0.359 0.000 0
 14 0.154 4 0.026 -0.436 0.023 0
 14 0.154 6 0.026 -0.410 0.023 0
 14 0.120 6 0.026 -0.410 0.023 0
 14 0.137 4 0.026 -0.436 0.023 0
 14 0.154 6 0.000 -0.410 0.023 0
 14 0.154 7 0.000 -0.436 0.000 0
 14 0.154 1 0.000 -0.385 0.000 0
 14 0.154 1 0.000 -0.282 0.000 0
 14 0.154 1 0.000 -0.282 0.045 0
 14 0.154 1 0.026 -0.256 0.068 0
 15 0.154 1 0.026 -0.231 0.159 0
 15 0.214 1 0.026 -0.205 0.205 0
 15 0.239 6 0.026 -0.205 0.250 0
 15 0.239 1 0.026 -0.231 0.273 0
 15 0.231 4 0.026 -0.205 0.295 0
 15 0.248 4 0.053 -0.179 0.227 0
 15 0.248 1 0.053 -0.205 0.227 0
 15 0.188 7 0.053 -0.154 0.250 0
 15 0.188 6 0.053 -0.128 0.250 0
 15 0.188 1 0.053 -0.103 0.205 0
 15 0.188 1 0.026 -0.077 0.136 0
 16 0.188 1 0.026 -0.051 0.068 0
 16 0.188 3 0.053 -0.103 -0.023 0
 16 0.197 1 0.053 0.000 -0.068 0
 16 0.197 6 0.053 -0.026 -0.091 0
 16 0.197 6 0.053 0.000 -0.136 0
 16 0.231 6 0.026 -0.026 -0.068 0
 16 0.231 1 0.026 0.000 -0.068 0
 16 0.231 1 0.026 0.051 -0.068 0
 16 0.222 6 0.026 0.077 -0.068 0
 16 0.222 1 0.026 0.026 -0.045 0
 16 0.188 1 0.026 0.026 0.000 0
 16 0.188 1 0.026 0.077 0.000 0
 17 0.188 1 0.026 0.077 0.045 0
 17 0.188 1 0.026 0.128 0.045 0
 17 0.179 1 0.026 0.128 0.068 0
 17 0.197 1 0.026 0.179 0.114 0
 17 0.197 1 0.026 0.179 0.136 0
 17 0.154 3 0.026 0.154 0.136 0
 17 0.179 1 0.026 0.205 0.114 0
 17 0.179 6 0.026 0.205 0.136 0
 17 0.171 1 0.026 0.205 0.114 0
 17 0.171 4 0.026 0.205 0.114 0
 17 0.137 4 0.026 0.205 0.136 0
 17 0.137 7 0.000 0.205 0.114 0
 18 0.103 6 0.000 0.231 0.114 0
 18 0.077 1 0.000 0.179 0.114 0
 18 0.077 7 0.000 0.231 0.091 0
 18 0.077 7 0.000 0.205 0.068 0
 18 0.145 1 0.000 0.256 0.068 0
 18 0.145 1 0.000 0.205 0.068 0
 18 0.111 1 0.000 0.231 0.068 0
 18 0.094 1 0.000 0.256 0.068 0
 18 0.103 1 0.000 0.256 0.068 0
 18 0.103 1 0.000 0.256 0.045 0
 18 0.111 6 0.000 0.256 0.045 0
 18 0.111 6 0.026 0.231 0.045 0
 19 0.111 7 0.026 0.154 0.045 0
 19 0.103 6 0.026 0.231 0.045 0
 19 0.103 6 0.026 0.231 0.068 0
 19 0.103 1 0.026 0.231 0.068 0
 19 0.103 6 0.026 0.256 0.068 0
 19 0.137 6 0.026 0.256 0.068 0
 19 0.137 1 0.026 0.282 0.068 0
 19 0.103 1 0.026 0.282 0.068 0
 19 0.120 1 0.026 0.282 0.068 0
 19 0.120 6 0.026 0.256 0.091 0
 19 0.103 1 0.000 0.256 0.091 0
 19 0.120 3 0.000 0.282 0.068 0
 20 0.120 1 0.000 0.256 0.068 0
 20 0.077 6 0.000 0.231 0.045 0
 20 0.034 7 0.000 0.231 0.068 0
 20 0.043 7 0.000 0.231 0.068 0
 20 0.043 7 0.000 0.231 0.045 0
 20 0.034 7 0.026 0.231 0.045 0
 20 0.060 7 0.026 0.179 0.045 0
 20 0.060 7 0.026 0.205 0.068 0
 20 0.060 7 0.026 0.205 0.045 0
 20 0.051 7 0.026 0.179 0.045 0
 20 0.034 7 0.026 0.154 0.045 0
 21 0.034 7 0.026 0.205 0.045 0
 21 0.034 7 0.026 0.077 0.045 0
 21 0.034 9 0.026 0.077 0.023 0
 21 0.034 7 0.026 0.051 0.023 0
 21 0.034 7 0.026 0.000 0.023 0
 21 0.034 7 0.000 0.026 0.023 0
 21 0.034 7 0.000 -0.026 0.023 0
 21 0.043 7 0.000 -0.051 0.000 0
 21 0.043 7 0.000 -0.026 0.000 0
 21 0.034 7 0.000 -0.026 0.000 0
 21 0.034 7 0.000 -0.026 0.000 0
 21 0.026 7 0.000 -0.051 0.000 0
 22 0.026 3 0.000 -0.051 0.000 0
 22 0.034 6 0.000 -0.051 0.000 0
 22 0.034 7 0.000 -0.051 0.000 0
 22 0.017 7 0.000 -0.077 0.000 0
 22 0.017 9 0.000 -0.077 0.000 0
 22 0.000 9 0.000 -0.077 0.023 0
 22 0.000 9 0.026 -0.128 0.023 0
 22 0.017 9 0.026 -0.128 0.023 0
 22 0.034 1 0.026 -0.179 0.023 0
 22 0.051 1 0.026 -0.205 0.023 0
 22 0.051 1 0.026 -0.179 0.023 0
 22 0.034 1 0.026 -0.205 0.023 0
 23 0.034 1 0.026 -0.128 0.023 0
 23 0.051 1 0.000 -0.154 0.023 0
 23 0.051 1 0.000 -0.154 0.023 0
 23 0.051 1 0.000 -0.128 0.023 0
 23 0.051 1 0.000 -0.154 0.000 0
 23 0.051 1 -0.026 -0.179 0.000 0
 23 0.051 1 -0.026 -0.154 0.000 0
 23 0.051 1 -0.026 -0.231 0.000 0
 23 0.051 1 -0.026 -0.256 0.000 0
 23 0.085 1 -0.026 -0.282 0.000 0
 23 0.085 1 -0.053 -0.282 0.000 0
 23 0.120 1 -0.053 -0.256 0.023 0
 0 0.120 1 -0.053 -0.282 0.000 0
 0 0.137 1 -0.079 -0.282 -0.023 0
 0 0.145 1 -0.132 -0.282 -0.114 0
 0 0.145 1 -0.132 -0.256 -0.182 0
 0 0.145 1 -0.185 -0.308 -0.250 0
 0 0.145 1 -0.212 -0.231 -0.341 0
 0 0.188 1 -0.238 -0.282 -0.477 0
 0 0.188 1 -0.238 -0.282 -0.523 0
 0 0.154 1 -0.265 -0.282 -0.523 0
 0 0.111 1 -0.291 -0.256 -0.591 0
 0 0.111 1 -0.317 -0.256 -0.614 0
 0 0.103 1 -0.317 -0.308 -0.591 0
 1 0.111 1 -0.344 -0.282 -0.500 0
 1 0.111 1 -0.291 -0.256 -0.409 0
 1 0.085 1 -0.344 -0.308 -0.273 0
 1 0.077 1 -0.291 -0.282 -0.182 0
 1 0.120 1 -0.238 -0.282 -0.114 0
 1 0.145 1 -0.185 -0.282 -0.023 0
 1 0.145 1 -0.159 -0.282 -0.023 0
 1 0.145 1 -0.079 -0.282 -0.068 0
 1 0.145 1 0.000 -0.282 -0.023 0
 1 0.111 1 0.026 -0.282 -0.023 0
 1 0.120 1 0.026 -0.282 -0.023 0
 1 0.120 1 0.079 -0.256 -0.091 0
 2 0.077 1 0.079 -0.231 -0.091 0
 2 0.051 1 0.132 -0.231 -0.159 0
 2 0.060 1 0.079 -0.231 -0.114 0
 2 0.060 6 0.000 -0.205 -0.045 0
 2 0.051 4 -0.106 -0.256 0.136 0
 2 0.051 7 -0.159 -0.231 0.227 0
 2 0.051 1 -0.291 -0.205 0.341 0
 2 0.043 1 -0.397 -0.154 0.409 0
 2 0.034 1 -0.476 -0.179 0.523 0
 2 0.051 1 -0.503 -0.154 0.545 0
 2 0.051 1 -0.503 -0.128 0.545 0
 3 0.034 1 -0.556 -0.103 0.614 0
 3 0.034 1 -0.556 -0.128 0.614 0
 3 0.034 4 -0.529 -0.077 0.568 0
 3 0.026 1 -0.503 -0.077 0.568 0
 3 0.026 1 -0.450 -0.051 0.477 0
 3 0.026 1 -0.450 -0.051 0.455 0
 3 0.026 1 -0.370 0.000 0.386 0
 3 0.034 3 -0.212 0.051 0.295 0
 3 0.034 1 -0.159 0.051 0.159 0
 3 0.026 1 -0.185 0.051 0.205 0
 3 0.034 1 -0.185 0.051 0.227 0
 3 0.034 1 -0.132 0.103 0.159 0
 4 0.026 1 -0.079 0.077 0.114 0
 4 0.026 1 -0.053 0.077 0.068 0
 4 0.009 1 -0.079 0.077 0.068 0
 4 0.026 1 -0.026 0.103 0.023 0
 4 0.034 4 0.106 0.128 -0.045 0
 4 0.034 1 0.159 0.154 -0.091 0
 4 0.026 1 0.079 0.205 -0.068 0
 4 0.026 1 0.106 0.179 -0.045 0
 4 0.026 3 0.212 0.205 -0.114 1
 4 0.034 1 0.212 0.256 -0.159 1
 4 0.034 1 0.238 0.282 -0.182 1
 4 0.026 4 0.185 0.256 -0.114 1
 5 0.034 1 0.212 0.282 -0.114 1
 5 0.034 6 0.344 0.333 -0.227 1
 5 0.026 1 0.370 0.359 -0.318 1
 5 0.043 1 0.344 0.333 -0.364 1
 5 0.043 1 0.397 0.385 -0.432 1
 5 0.043 1 0.476 0.410 -0.500 1
 5 0.034 1 0.529 0.410 -0.591 1
 5 0.051 1 0.529 0.462 -0.659 1
 5 0.051 3 0.556 0.462 -0.636 0
 5 0.051 1 0.529 0.538 -0.636 0
 5 0.026 3 0.529 0.513 -0.659 0
 5 0.051 4 0.503 0.564 -0.636 0
 6 0.060 1 0.423 0.590 -0.568 0
 6 0.060 4 0.370 0.615 -0.500 0
 6 0.043 1 0.291 0.590 -0.409 0
 6 0.060 3 0.185 0.641 -0.295 0
 6 0.060 6 0.079 0.641 -0.182 0
 6 0.060 3 0.000 0.641 -0.114 0
 6 0.060 3 -0.079 0.667 0.045 0
 6 0.051 4 -0.132 0.692 0.114 1
 6 0.103 1 -0.185 0.641 0.227 1
 6 0.111 4 -0.185 0.615 0.250 1
 6 0.111 4 -0.185 0.615 0.250 1
 6 0.094 3 -0.132 0.667 0.159 1
 7 0.094 1 -0.079 0.590 0.114 1
 7 0.077 1 0.026 0.564 0.000 1
 7 0.128 1 0.079 0.615 -0.023 1
 7 0.179 1 0.132 0.564 0.023 1
 7 0.179 1 0.159 0.590 0.000 1
 7 0.094 1 0.212 0.564 -0.091 1
 7 0.111 7 0.238 0.538 -0.159 1
 7 0.111 7 0.265 0.590 -0.250 1
 7 0.111 7 0.265 0.513 -0.273 1
 7 0.111 7 0.265 0.487 -0.295 1
 7 0.111 7 0.212 0.436 -0.205 1
 8 0.077 4 0.132 0.462 0.000 1
 8 0.034 7 0.026 0.436 0.114 1
 8 0.154 7 -0.053 0.410 0.068 0
 8 0.154 1 -0.079 0.410 0.000 0
 8 0.077 3 -0.106 0.385 0.045 0
 8 0.077 1 -0.106 0.359 0.023 0
 8 0.077 7 -0.132 0.308 0.023 0
 8 0.077 1 -0.132 0.205 0.045 0
 8 0.103 7 -0.132 0.256 0.045 0
 8 0.103 1 -0.106 0.256 0.045 0
 8 0.077 1 -0.079 0.231 0.023 0
 8 0.222 1 -0.026 0.231 -0.114 0
 9 0.222 1 -0.026 0.231 -0.136 0
 9 0.188 1 0.026 0.077 -0.068 0
 9 0.188 6 0.053 0.026 -0.068 0
 9 0.274 3 0.079 0.077 -0.068 0
 9 0.342 7 0.159 -0.026 0.114 0
 9 0.342 7 0.212 0.000 0.409 0
 9 0.256 1 0.265 -0.026 0.477 0
 9 0.120 1 0.291 -0.026 0.250 0
 9 0.128 3 0.238 0.000 0.273 0
 9 0.197 1 0.212 0.051 0.409 0
 9 0.197 6 0.185 0.051 0.409 0
 9 0.188 7 0.159 0.000 0.386 0
 10 0.188 6 0.132 -0.103 0.341 0
 10 0.137 1 0.106 -0.077 0.432 0
 10 0.171 1 0.106 -0.179 0.523 0
 10 0.171 1 0.026 -0.154 0.364 0
 10 0.137 1 0.000 -0.154 0.045 0
 10 0.188 6 -0.026 -0.179 -0.023 0
 10 0.188 7 -0.053 -0.179 0.250 0
 10 0.188 3 -0.026 -0.205 0.273 0
 10 0.188 6 -0.026 -0.231 0.114 0
 10 0.188 7 -0.026 -0.205 0.091 0
 10 0.188 7 0.000 -0.308 0.045 0
 10 0.188 7 0.000 -0.282 0.114 0
 11 0.214 6 0.026 -0.205 0.023 0
 11 0.239 6 0.026 -0.179 0.068 0
 11 0.248 6 0.053 -0.282 0.114 0
 11 0.248 1 0.053 -0.256 0.159 0
 11 0.248 1 0.053 -0.308 0.136 0
 11 0.154 1 0.079 -0.282 0.045 0
 11 0.145 1 0.079 -0.359 -0.023 0
 11 0.094 1 0.079 -0.308 0.000 0
 11 0.094 6 0.079 -0.359 0.000 0
 11 0.103 1 0.079 -0.333 0.114 0
 11 0.103 1 0.079 -0.308 0.091 0
 11 0.068 1 0.053 -0.231 0.114 0
 12 0.137 1 0.053 -0.231 -0.023 0
 12 0.137 1 0.026 -0.205 -0.023 0
 12 0.128 1 0.026 -0.231 -0.023 0
 12 0.060 1 0.026 -0.231 -0.023 0
 12 0.111 1 0.000 -0.231 0.045 0
 12 0.128 4 0.000 -0.231 0.068 0
 12 0.128 7 0.000 -0.256 0.091 0
 12 0.111 7 0.000 -0.282 0.114 0
 12 0.111 7 0.000 -0.282 0.114 0
 12 0.103 7 0.000 -0.205 0.091 0
 12 0.103 7 0.000 -0.205 0.023 0
 13 0.103 9 0.000 -0.154 0.045 0
 13 0.077 7 0.000 -0.154 0.000 0
 13 0.034 9 0.000 -0.103 -0.045 0
 13 0.060 9 0.000 -0.103 -0.023 0
 13 0.068 9 0.000 -0.077 -0.068 0
 13 0.068 9 0.000 -0.154 -0.068 0
 13 0.034 4 0.000 -0.179 -0.045 0
 13 0.060 6 0.000 -0.282 0.000 0
 13 0.103 1 0.000 -0.282 0.000 0
 13 0.103 1 0.000 -0.333 0.023 0
 13 0.077 1 0.000 -0.333 0.023 0
 13 0.051 1 0.000 -0.359 0.000 0
 14 0.034 7 0.000 -0.359 0.000 0
 14 0.000 6 0.000 -0.410 -0.023 0
 14 0.077 1 -0.026 -0.436 0.045 0
 14 0.077 1 0.000 -0.487 0.091 0
 14 0.077 1 0.000 -0.462 0.114 0
 14 0.085 7 0.000 -0.410 0.091 0
 14 0.085 3 0.000 -0.436 0.045 0
 14 0.068 1 0.000 -0.410 0.023 0
 14 0.051 1 0.000 -0.410 0.023 0
 14 0.026 7 0.000 -0.436 0.068 0
 14 0.026 7 0.000 -0.410 0.068 0
 14 0.026 7 0.000 -0.385 0.068 0
 15 0.026 6 0.000 -0.410 0.114 0
 15 0.026 6 0.026 -0.385 0.023 0
 15 0.009 1 0.000 -0.308 0.000 0
 15 0.051 1 0.000 -0.282 0.000 0
 15 0.051 1 0.000 -0.231 0.000 0
 15 0.051 1 0.000 -0.154 0.000 0
 15 0.026 7 0.000 -0.103 0.000 0
 15 0.026 7 0.000 -0.128 0.023 0
 15 0.051 6 0.000 -0.128 0.023 0
 15 0.051 1 0.000 -0.179 0.023 0
 15 0.026 1 0.000 -0.103 0.023 0
 15 0.026 7 0.000 -0.154 0.023 0
 16 0.026 7 0.000 -0.103 0.023 0
 16 0.000 7 0.000 -0.077 0.023 0
 16 0.017 6 0.000 -0.026 0.023 0
 16 0.051 6 0.000 0.000 0.023 0
 16 0.077 4 0.000 -0.026 0.023 0
 16 0.077 1 -0.026 0.000 0.023 0
 16 0.043 1 0.000 0.000 0.000 0
 16 0.043 10 0.000 0.051 0.000 0
 16 0.026 10 0.000 0.077 0.000 0
 16 0.026 9 0.000 0.026 0.000 0
 16 0.026 9 0.000 0.000 0.000 0
 16 0.000 9 0.000 0.077 0.000 0
 17 0.026 6 0.000 0.051 0.000 0
 17 0.026 1 0.000 0.026 0.000 0
 17 0.034 3 0.000 0.000 0.000 0
 17 0.060 1 0.000 0.000 0.000 0
 17 0.060 1 0.026 -0.026 0.000 0
 17 0.060 1 0.000 -0.026 0.000 0
 17 0.034 1 0.000 0.026 0.000 0
 17 0.043 1 0.000 0.077 0.000 0
 17 0.043 1 0.000 0.128 0.000 0
 17 0.026 1 0.000 0.154 0.000 0
 17 0.026 7 0.000 0.231 0.000 0
 17 0.000 10 0.000 0.256 0.000 0
 18 0.026 1 0.000 0.231 0.000 0
 18 0.077 1 0.000 0.205 0.000 0
 18 0.085 1 -0.026 0.154 0.000 0
 18 0.085 1 -0.026 0.231 0.000 0
 18 0.051 1 -0.026 0.231 0.000 0
 18 0.051 1 -0.026 0.282 0.000 0
 18 0.051 1 -0.026 0.231 0.000 0
 18 0.077 1 -0.026 0.154 0.000 0
 18 0.077 1 -0.026 0.205 0.000 0
 18 0.077 3 -0.026 0.231 0.000 0
 18 0.077 4 -0.026 0.205 0.000 0
 19 0.051 1 -0.026 0.179 0.000 0
 19 0.077 1 -0.026 0.154 0.000 0
 19 0.077 1 0.000 0.179 0.000 0
 19 0.103 1 0.000 0.179 0.000 0
 19 0.103 1 0.000 0.179 0.000 0
 19 0.077 1 0.000 0.154 0.000 0
 19 0.051 1 0.000 0.179 0.000 0
 19 0.077 3 0.000 0.179 0.000 0
 19 0.103 3 0.000 0.179 0.000 0
 19 0.111 1 0.000 0.128 0.000 0
 19 0.111 4 0.000 0.154 0.000 0
 19 0.103 4 0.000 0.154 0.000 0
 20 0.051 3 0.000 0.205 0.000 0
 20 0.051 6 0.000 0.205 0.000 0
 20 0.051 6 0.000 0.256 0.000 0
 20 0.051 1 0.026 0.205 0.000 0
 20 0.051 1 0.026 0.179 0.000 0
 20 0.051 3 0.026 0.154 0.000 0
 20 0.051 4 0.000 0.179 0.000 0
 20 0.060 4 0.000 0.205 0.000 0
 20 0.060 3 0.000 0.179 0.000 0
 20 0.077 6 0.000 0.103 0.000 0
 20 0.077 1 0.000 0.077 0.000 0
 20 0.051 1 0.000 0.128 0.000 0
 21 0.051 1 0.000 0.128 0.000 0
 21 0.051 1 0.000 0.103 0.000 0
 21 0.103 3 -0.026 0.103 0.000 0
 21 0.103 4 -0.026 0.103 0.000 0
 21 0.103 1 -0.026 0.103 0.000 0
 21 0.051 1 0.000 0.077 0.000 0
 21 0.051 1 0.026 0.000 0.000 0
 21 0.068 1 0.026 -0.026 0.000 0
 21 0.077 1 0.026 -0.026 0.000 0
 21 0.077 3 0.026 -0.026 0.000 0
 21 0.077 1 0.026 -0.077 0.000 0
 21 0.060 1 0.026 -0.154 0.000 0
 22 0.051 3 0.026 -0.154 0.000 0
 22 0.051 1 0.026 -0.077 0.000 0
 22 0.051 1 0.026 -0.103 0.000 0
 22 0.103 4 0.026 -0.128 0.000 0
 22 0.103 1 0.026 -0.128 0.000 0
 22 0.103 4 0.000 -0.154 0.000 0
 22 0.103 1 0.000 -0.103 0.000 0
 22 0.026 3 0.000 -0.077 0.000 0
 22 0.026 1 0.000 -0.026 0.000 0
 22 0.026 7 0.000 -0.051 0.000 0
 22 0.000 7 0.000 -0.103 0.000 0
 22 0.000 9 0.000 -0.128 0.000 0
 23 0.000 9 -0.026 -0.154 0.000 0
 23 0.000 7 -0.026 -0.154 0.000 0
 23 0.017 6 -0.026 -0.205 0.000 0
 23 0.017 7 -0.026 -0.205 0.000 0
 23 0.026 7 -0.053 -0.256 0.000 0
 23 0.026 1 -0.053 -0.205 0.023 0
 23 0.026 3 -0.079 -0.231 0.023 0
 23 0.026 1 -0.106 -0.231 0.045 0
 23 0.000 9 -0.132 -0.308 0.045 0
 23 0.000 7 -0.185 -0.256 0.023 0
 23 0.017 1 -0.238 -0.231 0.091 0
 0 0.026 1 -0.238 -0.205 -0.114 0
 0 0.043 4 -0.238 -0.256 -0.182 0
 0 0.043 3 -0.265 -0.282 -0.227 0
 0 0.051 1 -0.291 -0.205 -0.432 0
 0 0.051 1 -0.291 -0.231 -0.523 0
 0 0.060 1 -0.291 -0.231 -0.568 0
 0 0.060 1 -0.265 -0.256 -0.591 0
 0 0.034 9 -0.238 -0.308 -0.614 0
 0 0.034 1 -0.212 -0.333 -0.591 0
 0 0.068 1 -0.159 -0.308 -0.614 0
 0 0.068 1 -0.079 -0.282 -0.659 0
 0 0.051 4 -0.106 -0.282 -0.477 0
 1 0.051 1 -0.132 -0.256 -0.409 0
 1 0.060 1 -0.159 -0.308 -0.341 0
 1 0.094 1 -0.159 -0.231 -0.091 0
 1 0.103 1 -0.159 -0.256 0.068 0
 1 0.103 7 -0.106 -0.256 0.023 0
 1 0.103 4 -0.079 -0.256 -0.023 0
 1 0.103 6 -0.106 -0.231 0.068 0
 1 0.103 7 -0.079 -0.231 0.023 0
 1 0.094 7 -0.079 -0.231 0.023 0
 1 0.060 7 -0.185 -0.231 0.045 0
 1 0.060 1 -0.212 -0.231 0.205 0
 1 0.085 1 -0.185 -0.231 0.250 0
 2 0.085 1 -0.132 -0.256 0.227 0
 2 0.111 3 -0.106 -0.231 0.205 0
 2 0.111 7 -0.079 -0.231 0.136 0
 2 0.111 1 -0.185 -0.231 0.227 0
 2 0.077 1 -0.265 -0.256 0.386 0
 2 0.111 6 -0.238 -0.205 0.318 0
 2 0.111 4 -0.265 -0.205 0.318 0
 2 0.154 3 -0.291 -0.179 0.386 0
 2 0.154 7 -0.212 -0.154 0.364 0
 2 0.154 7 -0.132 -0.154 0.227 0
 2 0.154 6 -0.079 -0.154 0.159 0
 2 0.145 7 0.000 -0.128 0.045 0
 3 0.145 1 0.053 -0.077 -0.045 0
 3 0.077 6 0.079 -0.128 -0.068 0
 3 0.077 6 0.159 -0.077 -0.091 0
 3 0.077 1 0.212 -0.051 -0.227 0
 3 0.077 7 0.238 -0.026 -0.273 0
 3 0.077 4 0.265 -0.026 -0.295 0
 3 0.077 6 0.317 -0.051 -0.386 0
 3 0.043 1 0.344 -0.026 -0.432 0
 3 0.043 1 0.370 -0.026 -0.455 0
 3 0.077 1 0.317 0.051 -0.432 0
 3 0.077 1 0.238 0.051 -0.364 0
 3 0.077 6 0.212 0.128 -0.295 0
 4 0.034 1 0.132 0.154 -0.273 0
 4 0.077 1 0.000 0.154 -0.250 0
 4 0.077 1 -0.106 0.205 0.068 0
 4 0.077 3 -0.238 0.205 0.159 0
 4 0.077 1 -0.344 0.205 0.295 0
 4 0.111 1 -0.370 0.282 0.409 0
 4 0.111 1 -0.370 0.282 0.409 0
 4 0.077 9 -0.423 0.308 0.455 0
 4 0.103 1 -0.503 0.282 0.568 0
 4 0.103 3 -0.450 0.410 0.568 0
 4 0.111 1 -0.370 0.333 0.523 0
 5 0.111 1 -0.265 0.333 0.432 0
 5 0.197 1 -0.079 0.410 0.386 0
 5 0.197 1 0.079 0.385 0.045 0
 5 0.154 1 0.185 0.462 -0.045 0
 5 0.154 1 0.265 0.462 -0.159 0
 5 0.094 1 0.159 0.462 -0.114 0
 5 0.094 1 0.079 0.564 -0.023 0
 5 0.085 1 0.026 0.615 0.023 0
 5 0.068 1 0.026 0.615 -0.023 0
 5 0.060 1 -0.079 0.513 0.091 0
 5 0.060 1 -0.212 0.615 0.136 0
 5 0.060 1 -0.317 0.538 0.273 0
 6 0.094 1 -0.397 0.513 0.341 0
 6 0.128 1 -0.450 0.538 0.364 0
 6 0.171 1 -0.317 0.538 0.341 0
 6 0.171 1 -0.291 0.564 0.341 0
 6 0.103 1 -0.185 0.564 0.205 0
 6 0.051 1 -0.106 0.513 0.136 0
 6 0.034 6 0.053 0.564 -0.023 0
 6 0.094 7 0.185 0.564 -0.159 0
 6 0.103 7 0.238 0.615 -0.227 0
 6 0.103 1 0.212 0.538 -0.205 0
 6 0.034 7 0.265 0.615 -0.205 0
 6 0.068 6 0.265 0.615 -0.273 0
 7 0.120 7 0.265 0.590 -0.205 0
 7 0.120 1 0.079 0.615 -0.091 0
 7 0.094 4 0.026 0.538 -0.045 0
 7 0.085 1 -0.026 0.487 0.068 0
 7 0.094 1 -0.106 0.538 0.091 0
 7 0.094 3 -0.159 0.487 0.205 0
 7 0.094 1 -0.212 0.385 0.295 0
 7 0.051 1 -0.212 0.410 0.273 0
 7 0.094 1 -0.159 0.513 0.273 0
 7 0.094 6 -0.132 0.436 0.182 0
 7 0.103 1 -0.159 0.436 0.227 0
 7 0.103 1 -0.132 0.462 0.205 0
 8 0.085 6 -0.079 0.436 0.091 0
 8 0.051 1 -0.026 0.410 0.068 0
 8 0.077 1 0.053 0.436 -0.045 0
 8 0.077 1 0.079 0.410 -0.045 0
 8 0.068 1 0.053 0.359 -0.068 0
 8 0.051 1 0.053 0.282 -0.091 0
 8 0.051 1 0.026 0.205 -0.045 0
 8 0.085 1 0.079 0.205 -0.091 0
 8 0.085 3 0.159 0.205 -0.136 0
 8 0.051 6 0.238 0.154 -0.227 0
 8 0.051 1 0.265 0.179 -0.273 0
 8 0.077 1 0.291 0.179 -0.273 0
 9 0.103 1 0.291 0.154 -0.295 0
 9 0.137 3 0.317 0.128 -0.273 0
 9 0.137 6 0.344 0.154 -0.318 0
 9 0.154 3 0.370 0.128 -0.341 0
 9 0.154 7 0.370 0.103 -0.364 0
 9 0.103 6 0.423 0.154 -0.409 0
 9 0.120 7 0.370 0.128 -0.409 0
 9 0.120 7 0.291 0.051 -0.341 0
 9 0.128 7 0.238 0.000 -0.295 0
 9 0.128 7 0.212 0.000 -0.227 0
 9 0.137 3 0.185 0.000 -0.205 0
 9 0.145 6 0.159 -0.051 -0.182 0
 10 0.145 7 0.132 -0.103 -0.182 0
 10 0.128 7 0.132 -0.077 -0.159 0
 10 0.154 6 0.106 -0.103 -0.136 0
 10 0.154 7 0.132 -0.026 -0.136 0
 10 0.103 7 0.106 -0.026 -0.136 0
 10 0.094 7 0.106 0.000 -0.136 0
 10 0.077 7 0.079 -0.051 -0.114 0
 10 0.077 9 0.079 -0.103 -0.114 0
 10 0.103 9 0.079 -0.077 -0.159 0
 10 0.103 9 0.079 -0.154 -0.136 0
 10 0.094 7 0.079 -0.231 -0.136 0
 11 0.111 7 0.053 -0.282 -0.136 0
 11 0.111 7 0.053 -0.359 -0.136 0
 11 0.111 7 0.053 -0.333 -0.159 0
 11 0.111 7 0.026 -0.308 -0.136 0
 11 0.103 7 0.053 -0.308 -0.114 0
 11 0.103 7 0.053 -0.308 -0.091 0
 11 0.077 7 0.053 -0.333 -0.091 0
 11 0.077 7 0.053 -0.333 -0.091 0
 11 0.077 9 0.026 -0.359 -0.068 0
 11 0.077 4 0.026 -0.359 -0.068 0
 11 0.077 1 0.026 -0.410 -0.091 0
 11 0.077 1 0.026 -0.359 -0.023 0
 12 0.085 1 0.053 -0.308 0.045 0
 12 0.085 1 0.053 -0.487 0.159 0
 12 0.111 1 0.053 -0.564 0.250 0
 12 0.111 1 0.053 -0.590 0.295 0
 12 0.068 6 0.053 -0.590 0.341 0
 12 0.068 3 0.053 -0.590 0.341 0
 12 0.068 1 0.053 -0.538 0.432 0
 12 0.051 6 0.053 -0.487 0.455 0
 12 0.034 1 0.053 -0.538 0.455 0
 12 0.077 4 0.053 -0.513 0.500 0
 12 0.094 3 0.053 -0.487 0.477 0
 12 0.068 1 0.026 -0.462 0.455 0
 13 0.034 7 0.053 -0.385 0.364 0
 13 0.034 9 0.053 -0.385 0.273 0
 13 0.043 1 0.026 -0.462 0.250 0
 13 0.077 6 0.026 -0.436 0.227 0
 13 0.077 1 0.026 -0.462 0.250 0
 13 0.034 9 0.026 -0.410 0.182 0
 13 0.034 7 0.026 -0.385 0.182 0
 13 0.034 7 0.026 -0.359 0.182 0
 13 0.077 1 0.026 -0.333 0.159 0
 13 0.085 1 0.026 -0.282 0.068 0
 13 0.085 1 0.026 -0.308 -0.023 0
 13 0.077 1 0.000 -0.308 0.000 0
 14 0.043 6 0.000 -0.256 0.000 0
 14 0.034 6 0.000 -0.205 -0.045 0
 14 0.068 1 0.026 -0.231 -0.045 0
 14 0.068 6 0.026 -0.256 -0.068 0
 14 0.077 7 0.026 -0.231 -0.068 0
 14 0.077 7 0.026 -0.282 -0.091 0
 14 0.111 4 0.026 -0.359 -0.091 0
 14 0.111 4 0.026 -0.308 -0.091 0
 14 0.145 3 0.026 -0.256 -0.023 0
 14 0.145 4 0.026 -0.231 0.023 0
 14 0.103 3 0.026 -0.282 0.023 0
 14 0.128 4 0.026 -0.231 0.023 0
 15 0.128 3 0.026 -0.256 0.114 0
 15 0.128 1 0.000 -0.205 0.091 0
 15 0.103 1 0.000 -0.282 0.114 0
 15 0.060 6 0.000 -0.256 0.114 0
 15 0.051 4 0.000 -0.308 0.114 0
 15 0.111 3 0.000 -0.282 0.114 0
 15 0.111 3 0.000 -0.256 0.114 0
 15 0.103 4 0.000 -0.256 0.114 0
 15 0.077 7 0.000 -0.256 0.114 0
 15 0.034 7 0.026 -0.205 0.114 0
 15 0.034 6 0.026 -0.231 0.114 0
 16 0.103 1 0.026 -0.205 0.023 0
 16 0.111 6 0.026 -0.205 0.023 0
 16 0.111 1 0.026 -0.205 0.000 0
 16 0.103 3 0.026 -0.154 0.000 0
 16 0.128 3 0.026 -0.205 -0.023 0
 16 0.128 1 0.026 -0.179 -0.023 0
 16 0.103 4 0.026 -0.128 -0.023 0
 16 0.060 1 0.026 -0.077 -0.023 0
 16 0.034 7 0.026 -0.077 -0.023 0
 16 0.068 6 0.000 -0.051 -0.045 0
 16 0.068 7 0.000 0.026 -0.023 0
 16 0.034 1 0.000 0.000 0.000 0
 17 0.051 7 0.000 0.000 0.000 0
 17 0.051 3 0.000 -0.026 0.000 0
 17 0.051 7 0.000 0.103 0.023 0
 17 0.051 7 0.000 0.051 0.045 0
 17 0.051 7 0.026 0.128 0.045 0
 17 0.077 1 0.026 0.103 0.045 0
 17 0.077 1 0.026 0.077 0.045 0
 17 0.094 7 0.026 0.077 0.045 0
 17 0.094 9 0.026 0.128 0.045 0
 17 0.051 1 0.026 0.128 0.023 0
 17 0.077 1 0.026 0.154 0.023 0
 17 0.077 1 0.026 0.179 0.023 0
 18 0.051 1 0.026 0.231 0.023 0
 18 0.103 1 0.026 0.282 0.000 0
 18 0.103 1 0.026 0.410 0.000 0
 18 0.051 1 0.000 0.462 0.000 0
 18 0.051 1 0.000 0.462 0.000 0
 18 0.068 1 0.000 0.436 0.000 0
 18 0.068 1 0.000 0.385 0.000 0
 18 0.068 1 0.000 0.359 0.000 0
 18 0.077 1 0.000 0.359 0.000 0
 18 0.077 1 0.000 0.359 0.000 0
 18 0.043 1 0.000 0.410 0.000 0
 18 0.034 1 0.000 0.462 0.000 0
 19 0.068 6 0.000 0.436 0.000 0
 19 0.068 7 0.000 0.333 0.000 0
 19 0.068 1 0.000 0.359 0.000 0
 19 0.051 7 0.000 0.282 0.000 0
 19 0.026 9 0.000 0.308 0.000 0
 19 0.026 10 -0.026 0.385 0.000 0
 19 0.000 10 -0.026 0.282 0.000 0
 19 0.051 1 -0.026 0.308 0.000 0
 19 0.077 4 -0.026 0.282 0.000 0
 19 0.077 3 -0.026 0.282 0.000 0
 19 0.103 7 -0.026 0.308 -0.023 0
 19 0.103 1 -0.026 0.282 -0.023 0
 20 0.128 6 0.000 0.282 -0.250 0
 20 0.128 1 0.000 0.154 -0.364 0
 20 0.128 1 0.000 0.179 -0.295 0
 20 0.128 7 0.026 0.128 -0.205 0
 20 0.128 4 0.079 0.128 -0.136 0
 20 0.103 1 0.079 0.128 -0.114 0
 20 0.051 3 0.079 0.128 -0.091 0
 20 0.111 4 0.106 0.128 -0.114 0
 20 0.111 7 0.106 0.128 -0.114 0
 20 0.103 7 0.106 0.128 -0.068 0
 20 0.103 6 0.106 0.077 -0.068 0
 21 0.103 4 0.079 0.128 0.182 0
 21 0.051 7 0.079 0.128 0.295 0
 21 0.051 4 0.079 0.103 0.250 0
 21 0.051 6 0.053 0.179 0.159 0
 21 0.051 7 0.026 0.154 0.091 0
 21 0.051 7 0.026 0.103 0.068 0
 21 0.051 7 0.026 0.205 0.045 0
 21 0.051 7 0.000 0.103 0.068 0
 21 0.051 4 0.000 0.077 0.068 0
 21 0.026 7 0.000 0.077 0.068 0
 21 0.026 6 0.000 0.077 0.068 0
 21 0.026 0 0.000 0.077 0.045 0
 22 0.026 7 0.000 0.051 0.045 0
 22 0.051 1 0.000 0.077 0.023 0
 22 0.051 3 0.000 0.026 0.045 0
 22 0.051 1 0.000 0.077 0.045 0
 22 0.051 1 0.000 0.103 0.045 0
 22 0.051 6 -0.026 0.128 0.045 0
 22 0.026 1 -0.026 0.103 0.045 0
 22 0.034 6 -0.026 0.051 0.045 0
 22 0.043 1 -0.026 0.026 0.023 0
 22 0.060 6 -0.026 -0.051 0.023 0
 22 0.060 1 -0.053 -0.051 0.023 0
 22 0.060 1 -0.053 -0.128 0.023 0
 23 0.060 1 -0.053 -0.103 0.023 0
 23 0.051 1 -0.053 -0.077 0.000 0
 23 0.051 1 -0.053 -0.103 0.023 0
 23 0.085 1 -0.079 -0.128 0.023 0
 23 0.103 1 -0.053 -0.103 0.023 0
 23 0.103 1 -0.053 -0.128 0.023 0
 23 0.128 1 -0.053 -0.128 0.023 0
 23 0.128 1 -0.079 -0.154 0.023 0
 23 0.094 1 -0.079 -0.179 0.023 0
 23 0.077 1 -0.079 -0.231 0.023 0
 23 0.103 1 -0.106 -0.231 0.000 0
 23 0.103 1 -0.106 -0.256 -0.023 0
 0 0.103 1 -0.106 -0.308 -0.023 0
 0 0.111 1 -0.079 -0.282 -0.045 0
 0 0.111 1 -0.079 -0.282 -0.045 0
 0 0.120 3 -0.079 -0.282 -0.068 0
 0 0.120 7 -0.106 -0.333 -0.114 0
 0 0.103 3 -0.106 -0.359 -0.136 0
 0 0.103 1 -0.106 -0.333 -0.182 0
 0 0.077 1 -0.106 -0.333 -0.159 0
 0 0.077 1 -0.079 -0.308 -0.159 0
 0 0.043 1 -0.053 -0.308 -0.159 0
 0 0.120 1 -0.053 -0.308 -0.182 0
 0 0.120 1 -0.053 -0.308 -0.250 0
 1 0.120 1 -0.079 -0.333 -0.227 0
 1 0.085 1 -0.106 -0.359 -0.250 0
 1 0.051 1 -0.185 -0.308 -0.432 0
 1 0.068 1 -0.238 -0.385 -0.500 0
 1 0.111 1 -0.291 -0.385 -0.409 0
 1 0.111 3 -0.265 -0.385 -0.364 0
 1 0.103 1 -0.317 -0.359 -0.318 0
 1 0.094 1 -0.344 -0.359 -0.273 0
 1 0.103 9 -0.317 -0.333 -0.273 0
 1 0.103 1 -0.317 -0.333 -0.250 0
 1 0.034 9 -0.291 -0.308 -0.182 0
 2 0.077 6 -0.265 -0.308 -0.250 0
 2 0.077 7 -0.159 -0.308 -0.250 0
 2 0.111 7 -0.079 -0.308 -0.068 0
 2 0.111 7 0.026 -0.282 0.023 0
 2 0.077 7 0.106 -0.282 -0.068 0
 2 0.077 7 0.106 -0.231 -0.091 0
 2 0.043 7 0.132 -0.205 -0.159 0
 2 0.103 1 0.159 -0.205 -0.182 0
 2 0.103 7 0.106 -0.179 -0.136 0
 2 0.034 1 0.000 -0.205 -0.045 0
 2 0.077 1 -0.185 -0.128 0.136 0
 2 0.077 1 -0.317 -0.154 0.341 0
 3 0.077 1 -0.476 -0.103 0.455 0
 3 0.077 1 -0.529 -0.103 0.545 0
 3 0.120 1 -0.476 -0.128 0.523 0
 3 0.120 1 -0.423 -0.051 0.455 0
 3 0.154 1 -0.317 -0.077 0.386 1
 3 0.154 1 -0.238 -0.026 0.318 1
 3 0.162 7 -0.132 0.000 0.182 1
 3 0.162 7 -0.026 0.000 0.068 1
 3 0.154 6 0.053 0.051 0.045 1
 3 0.154 6 0.159 0.051 -0.114 1
 3 0.154 1 0.159 0.077 -0.159 1
 3 0.111 1 0.185 0.128 -0.136 1
 4 0.077 1 0.132 0.154 -0.114 1
 4 0.068 1 -0.132 0.154 0.136 1
 4 0.077 1 -0.265 0.179 0.250 1
 4 0.111 6 -0.265 0.179 0.273 1
 4 0.137 1 -0.317 0.205 0.364 1
 4 0.137 1 -0.423 0.256 0.455 1
 4 0.051 1 -0.450 0.205 0.432 1
 4 0.051 1 -0.476 0.256 0.455 1
 4 0.043 1 -0.397 0.256 0.409 1
 4 0.077 1 -0.238 0.308 0.250 1
 4 0.077 1 -0.053 0.308 0.114 1
 5 0.051 6 0.079 0.333 -0.023 0
 5 0.068 1 0.185 0.385 -0.136 0
 5 0.068 4 0.265 0.359 -0.227 0
 5 0.051 1 0.265 0.436 -0.205 0
 5 0.051 7 0.238 0.410 -0.227 0
 5 0.094 3 0.317 0.410 -0.318 0
 5 0.222 7 0.503 0.410 -0.477 0
 5 0.282 7 0.688 0.436 -0.591 0
 5 0.282 6 0.741 0.462 -0.705 0
 5 0.470 1 0.767 0.487 -0.705 0
 5 0.470 3 0.767 0.385 -0.636 0
 5 0.462 1 0.741 0.359 -0.409 0
 6 0.376 1 0.714 0.385 -0.136 0
 6 0.231 1 0.688 0.308 0.114 0
 6 0.197 1 0.635 0.333 0.159 0
 6 0.197 1 0.608 0.333 0.205 0
 6 0.197 1 0.556 0.282 0.295 0
 6 0.128 1 0.423 0.487 0.455 0
 6 0.128 1 0.317 0.410 0.523 0
 6 0.128 1 0.291 0.487 0.568 0
 6 0.094 1 0.185 0.410 0.636 0
 6 0.094 1 0.106 0.385 0.614 0
 6 0.060 1 0.026 0.359 0.477 0
 6 0.077 1 0.000 0.308 0.273 0
 7 0.077 1 -0.026 0.231 0.091 0
 7 0.085 4 -0.026 0.282 0.068 0
 7 0.085 1 -0.026 0.231 0.045 0
 7 0.111 1 -0.026 0.282 0.045 0
 7 0.111 1 -0.026 0.308 0.000 0
 7 0.060 1 -0.026 0.308 0.023 0
 7 0.094 1 -0.026 0.333 0.023 0
 7 0.094 1 -0.026 0.333 -0.023 0
 7 0.060 1 -0.026 0.282 -0.023 0
 7 0.060 1 0.000 0.385 -0.023 0
 7 0.060 1 -0.026 0.308 -0.045 0
 8 0.068 1 -0.026 0.333 -0.045 0
 8 0.068 1 -0.026 0.410 -0.045 0
 8 0.068 1 -0.026 0.436 0.000 0
 8 0.060 1 -0.026 0.513 0.000 0
 8 0.043 7 -0.026 0.513 0.000 0
 8 0.026 1 -0.026 0.282 0.000 0
 8 0.026 1 -0.053 0.308 -0.023 0
 8 0.060 1 -0.053 0.282 -0.023 0
 8 0.060 1 -0.053 0.333 -0.045 0
 8 0.111 1 -0.053 0.308 -0.091 0
 8 0.111 1 -0.026 0.282 -0.045 0
 8 0.085 1 -0.026 0.333 -0.045 0
 9 0.085 1 -0.026 0.385 -0.045 0
 9 0.051 1 -0.053 0.333 -0.091 0
 9 0.051 1 -0.053 0.308 -0.091 0
 9 0.051 1 -0.053 0.256 -0.091 0