 9 0.085 1 -0.026 0.154 0.023 0
 9 0.137 1 -0.026 0.179 0.023 0
 9 0.214 1 -0.026 0.179 0.023 0
 9 0.214 1 -0.026 0.205 0.023 0
 9 0.214 3 -0.026 0.154 0.045 0
 9 0.214 1 -0.026 0.179 0.045 0
 9 0.154 3 -0.026 0.179 0.045 0
 9 0.171 6 -0.053 0.205 0.068 0
 9 0.179 1 -0.053 0.256 0.068 0
 9 0.179 3 -0.026 0.205 0.068 0
 9 0.128 1 -0.026 0.231 0.068 0
 9 0.137 1 -0.026 0.282 0.045 0
 10 0.154 1 -0.026 0.282 0.045 0
 10 0.154 1 -0.026 0.282 0.045 0
 10 0.103 1 -0.026 0.282 0.045 0
 10 0.111 1 -0.026 0.179 0.023 0
 10 0.111 1 -0.026 0.154 0.023 0
 10 0.103 3 -0.053 0.103 0.023 0
 10 0.103 1 -0.026 0.103 0.000 0
 10 0.077 1 -0.026 0.026 0.000 0
 10 0.077 1 -0.026 -0.026 0.000 0
 10 0.077 1 -0.026 -0.077 0.000 0
 10 0.077 6 -0.026 -0.051 0.000 0
 10 0.077 1 0.000 -0.154 0.000 0
 11 0.077 4 0.000 -0.179 0.000 0
 11 0.068 3 0.000 -0.205 0.000 0
 11 0.077 6 0.000 -0.256 -0.023 0
 11 0.077 6 0.000 -0.231 -0.023 0
 11 0.077 4 0.026 -0.256 -0.023 0
 11 0.068 6 0.026 -0.256 -0.023 0
 11 0.094 4 0.026 -0.333 -0.023 0
 11 0.094 6 0.026 -0.308 -0.023 0
 11 0.068 6 0.026 -0.308 -0.023 0
 11 0.051 6 0.026 -0.333 -0.023 0
 11 0.051 7 0.000 -0.359 -0.023 0
 12 0.034 6 0.000 -0.359 -0.023 0
 12 0.034 6 0.000 -0.359 -0.023 0
 12 0.060 7 0.000 -0.385 0.000 0
 12 0.060 6 0.000 -0.359 0.000 0
 12 0.060 7 0.000 -0.333 0.000 0
 12 0.060 7 0.000 -0.282 0.000 0
 12 0.060 6 0.000 -0.359 0.000 0
 12 0.060 7 0.000 -0.333 0.000 0
 12 0.051 4 0.000 -0.308 0.000 0
 12 0.077 4 0.000 -0.333 0.000 0
 12 0.085 6 0.000 -0.359 0.000 0
 12 0.085 6 0.000 -0.282 0.000 0
 13 0.094 7 0.000 -0.308 0.000 0
 13 0.111 3 0.000 -0.256 0.023 0
 13 0.111 1 0.000 -0.282 0.023 0
 13 0.111 6 0.000 -0.256 0.023 0
 13 0.077 1 0.000 -0.282 0.023 0
 13 0.077 1 0.000 -0.308 0.023 0
 13 0.111 3 0.000 -0.282 0.023 0
 13 0.111 4 0.000 -0.308 0.023 0
 13 0.111 4 0.000 -0.256 0.023 0
 13 0.103 1 0.000 -0.231 0.045 0
 13 0.128 4 -0.026 -0.256 0.045 0
 13 0.128 1 -0.026 -0.308 0.045 0
 14 0.085 3 -0.026 -0.333 0.023 0
 14 0.094 1 -0.026 -0.282 0.023 0
 14 0.128 3 -0.026 -0.282 0.045 0
 14 0.128 4 -0.026 -0.282 0.045 0
 14 0.103 1 -0.026 -0.333 0.045 0
 14 0.085 6 -0.026 -0.308 0.045 0
 14 0.103 6 -0.026 -0.308 0.045 0
 14 0.128 7 -0.026 -0.282 0.045 0
 14 0.128 7 -0.026 -0.256 0.023 0
 14 0.128 7 0.000 -0.256 0.023 0
 14 0.111 7 0.000 -0.256 0.023 0
 14 0.103 1 0.000 -0.231 0.023 0
 15 0.103 6 0.000 -0.256 0.023 0
 15 0.103 6 0.000 -0.205 0.000 0
 15 0.103 6 0.000 -0.205 0.000 0
 15 0.077 6 0.000 -0.179 0.000 0
 15 0.077 3 0.000 -0.154 0.000 0
 15 0.077 6 0.000 -0.154 0.000 0
 15 0.077 6 0.000 -0.128 0.000 0
 15 0.077 4 0.000 -0.103 0.000 0
 15 0.077 4 0.000 -0.077 0.000 0
 15 0.077 1 0.000 -0.077 0.000 0
 15 0.077 4 0.000 -0.026 0.000 0
 15 0.077 4 0.000 0.000 0.000 0
 16 0.077 4 0.000 -0.026 0.000 0
 16 0.068 4 0.000 -0.051 0.000 0
 16 0.077 6 0.000 -0.026 0.000 0
 16 0.103 1 0.000 -0.026 0.000 0
 16 0.103 7 0.000 0.077 0.000 0
 16 0.103 1 0.000 0.026 0.000 0
 16 0.103 6 0.000 0.000 0.000 0
 16 0.120 6 0.000 0.077 0.000 0
 16 0.120 6 0.000 0.077 0.000 0
 16 0.103 6 0.000 0.051 0.000 0
 16 0.085 1 0.000 0.077 0.000 0
 16 0.094 4 0.000 0.077 0.000 0
 17 0.103 6 0.000 0.051 0.000 0
 17 0.111 1 0.000 0.077 0.000 0
 17 0.111 1 0.000 0.077 0.000 0
 17 0.145 6 0.000 0.077 0.000 0
 17 0.145 4 0.000 0.103 0.000 0
 17 0.111 3 0.000 0.128 0.000 0
 17 0.111 6 0.000 0.077 0.000 0
 17 0.111 4 0.000 0.051 0.000 0
 17 0.111 1 0.000 0.103 0.000 0
 17 0.111 1 0.000 0.128 0.000 0
 17 0.111 1 0.000 0.154 0.000 0
 17 0.128 1 0.000 0.128 0.000 0
 18 0.128 1 0.000 0.154 0.000 0
 18 0.128 1 0.000 0.154 0.000 0
 18 0.103 1 0.000 0.205 0.000 0
 18 0.085 1 0.000 0.154 0.000 0
 18 0.077 1 0.000 0.231 0.000 0
 18 0.094 1 0.000 0.256 0.000 0
 18 0.111 1 0.000 0.205 0.000 0
 18 0.145 1 0.000 0.231 0.000 0
 18 0.145 1 0.000 0.256 0.000 0
 18 0.128 1 0.000 0.256 0.000 0
 18 0.128 1 0.000 0.256 0.000 0
 18 0.060 1 0.000 0.333 0.000 0
 19 0.077 1 0.026 0.308 0.000 0
 19 0.077 1 0.026 0.308 -0.023 0
 19 0.060 1 0.026 0.333 -0.023 0
 19 0.077 1 0.026 0.308 -0.023 0
 19 0.103 1 0.026 0.282 -0.023 0
 19 0.103 1 0.026 0.282 -0.023 0
 19 0.094 1 0.026 0.282 -0.023 0
 19 0.051 1 0.026 0.256 -0.023 0
 19 0.085 1 0.026 0.231 -0.023 0
 19 0.085 1 0.026 0.256 -0.023 0
 19 0.068 1 0.026 0.256 -0.023 0
 19 0.068 1 0.000 0.256 -0.023 0
 20 0.060 1 0.000 0.256 0.000 0
 20 0.103 1 0.000 0.282 0.000 0
 20 0.103 1 0.000 0.282 0.000 0
 20 0.068 1 0.000 0.231 0.000 0
 20 0.077 1 0.000 0.205 0.000 0
 20 0.137 1 0.000 0.154 0.000 0
 20 0.162 1 0.000 0.179 0.000 0
 20 0.162 1 0.000 0.205 0.000 0
 20 0.068 1 0.000 0.154 0.000 0
 20 0.077 1 0.000 0.179 0.000 0
 20 0.077 1 0.000 0.103 0.000 0
 21 0.060 1 0.000 0.103 0.000 0
 21 0.094 1 0.000 0.103 -0.023 0
 21 0.094 1 0.000 0.103 -0.023 0
 21 0.111 1 0.000 0.128 -0.023 0
 21 0.103 1 0.000 0.103 -0.023 0
 21 0.103 1 0.000 0.128 -0.023 0
 21 0.120 1 0.000 0.103 -0.023 0
 21 0.120 1 0.000 0.077 -0.023 0
 21 0.085 1 0.000 0.051 -0.023 0
 21 0.103 1 0.000 0.000 -0.023 0
 21 0.103 1 0.000 0.026 -0.023 0
 21 0.128 1 0.000 0.026 -0.023 0
 22 0.137 1 0.000 0.026 0.000 0
 22 0.137 1 0.000 -0.026 0.000 0
 22 0.120 1 0.000 -0.077 0.000 0
 22 0.145 1 0.000 0.000 0.000 0
 22 0.188 1 0.000 -0.051 0.000 0
 22 0.188 1 0.000 0.000 0.000 0
 22 0.111 1 0.000 -0.077 0.023 0
 22 0.103 1 0.000 -0.103 0.023 0
 22 0.128 1 0.000 -0.077 0.023 0
 22 0.145 1 0.000 -0.103 0.023 0
 22 0.162 1 0.000 -0.077 0.023 0
 22 0.162 1 0.000 -0.103 0.023 0
 23 0.077 1 0.000 -0.103 0.023 0
 23 0.103 1 0.000 -0.154 0.023 0
 23 0.103 1 0.000 -0.154 0.023 0
 23 0.094 1 -0.026 -0.179 0.023 0
 23 0.077 1 -0.026 -0.205 0.023 0
 23 0.085 1 -0.026 -0.154 0.000 0
 23 0.085 1 -0.026 -0.179 0.023 0
 23 0.077 1 -0.053 -0.179 0.023 0
 23 0.145 1 -0.053 -0.154 0.045 0
 23 0.145 1 -0.053 -0.154 0.045 0
 23 0.128 1 -0.079 -0.128 0.045 0
 23 0.154 1 -0.079 -0.179 0.068 0
 0 0.188 1 -0.079 -0.179 0.068 0
 0 0.188 1 -0.079 -0.179 0.068 0
 0 0.162 1 -0.079 -0.282 0.045 0
 0 0.162 1 -0.079 -0.179 0.045 0
 0 0.222 1 -0.079 -0.256 0.045 0
 0 0.222 1 -0.079 -0.231 0.023 0
 0 0.171 1 -0.053 -0.256 0.023 0
 0 0.179 4 -0.079 -0.282 -0.023 0
 0 0.179 1 -0.106 -0.282 -0.023 0
 0 0.154 1 -0.079 -0.256 -0.068 0
 0 0.154 1 -0.106 -0.231 -0.136 0
 0 0.154 1 -0.079 -0.256 -0.114 0
 1 0.145 1 -0.079 -0.205 -0.114 0
 1 0.145 1 -0.079 -0.231 -0.091 0
 1 0.120 1 -0.079 -0.231 -0.114 0
 1 0.120 1 -0.079 -0.231 -0.091 0
 1 0.094 1 -0.106 -0.256 -0.114 0
 1 0.214 1 -0.106 -0.231 -0.136 0
 1 0.214 1 -0.079 -0.154 -0.136 0
 1 0.231 1 -0.053 -0.205 -0.136 0
 1 0.231 1 -0.079 -0.205 -0.091 0
 1 0.197 1 -0.079 -0.256 -0.091 0
 1 0.214 1 -0.132 -0.205 -0.205 0
 1 0.291 1 -0.132 -0.231 -0.227 0
 2 0.291 1 -0.079 -0.205 -0.205 0
 2 0.197 1 -0.079 -0.128 -0.182 0
 2 0.274 1 -0.079 -0.154 -0.227 0
 2 0.274 1 0.000 -0.077 -0.136 0
 2 0.197 1 0.053 -0.103 0.000 0
 2 0.179 1 0.053 -0.077 0.091 0
 2 0.179 1 0.000 -0.026 0.091 0
 2 0.128 1 -0.026 -0.051 -0.023 0
 2 0.128 1 -0.079 -0.077 -0.068 0
 2 0.239 1 -0.106 -0.051 -0.205 0
 2 0.239 1 -0.132 -0.077 -0.182 0
 2 0.239 1 -0.212 -0.077 -0.227 0
 3 0.239 1 -0.238 -0.026 -0.205 0
 3 0.282 1 -0.238 -0.026 -0.182 0
 3 0.282 1 -0.265 0.000 -0.273 0
 3 0.265 1 -0.291 0.000 -0.386 0
 3 0.316 1 -0.265 0.026 -0.455 0
 3 0.316 1 -0.212 0.000 -0.455 1
 3 0.316 1 -0.106 0.000 -0.364 1
 3 0.299 3 0.000 -0.026 -0.273 1
 3 0.291 1 0.079 0.051 -0.023 1
 3 0.282 1 0.106 0.077 0.000 1
 3 0.291 1 0.132 0.077 0.000 1
 3 0.291 4 0.159 0.103 -0.023 1
 4 0.291 1 0.185 0.051 -0.023 1
 4 0.291 1 0.132 0.051 0.000 1
 4 0.239 1 0.106 0.026 -0.023 1
 4 0.256 1 0.026 0.231 -0.023 1
 4 0.299 6 0.000 0.205 -0.023 0
 4 0.299 1 -0.079 0.205 0.023 0
 4 0.256 1 -0.159 0.282 0.045 0
 4 0.256 1 -0.265 0.282 0.091 0
 4 0.231 1 -0.291 0.256 0.091 0
 5 0.419 1 -0.317 0.308 0.205 0
 5 0.419 1 -0.265 0.333 0.159 0
 5 0.325 1 -0.238 0.333 0.114 0
 5 0.325 1 -0.185 0.385 0.068 0
 5 0.316 3 -0.079 0.333 0.023 0
 5 0.214 1 0.000 0.333 0.000 0
 5 0.214 1 0.026 0.436 0.000 0
 5 0.214 1 0.053 0.359 -0.023 0
 5 0.205 1 0.106 0.385 -0.045 0
 5 0.222 4 0.212 0.359 -0.114 0
 5 0.368 4 0.397 0.256 -0.159 0
 6 0.368 1 0.582 0.333 -0.091 0
 6 0.316 1 0.582 0.256 0.159 1
 6 0.316 1 0.556 0.256 0.295 1
 6 0.274 4 0.529 0.308 0.386 1
 6 0.256 1 0.423 0.359 0.477 1
 6 0.214 1 0.397 0.385 0.500 1
 6 0.239 3 0.370 0.256 0.523 1
 6 0.239 3 0.344 0.282 0.523 1
 6 0.197 1 0.344 0.333 0.523 1
 6 0.188 3 0.291 0.256 0.523 1
 6 0.179 1 0.132 0.308 0.545 1
 6 0.214 3 -0.026 0.256 0.341 1
 7 0.214 1 -0.079 0.256 0.136 1
 7 0.188 1 -0.106 0.231 0.045 1
 7 0.154 1 -0.132 0.231 0.000 1
 7 0.111 1 -0.132 0.231 0.000 1
 7 0.154 1 -0.132 0.231 -0.023 1
 7 0.154 1 -0.106 0.205 -0.023 1
 7 0.188 1 -0.106 0.128 0.000 1
 7 0.128 1 -0.079 0.128 0.000 0
 7 0.154 1 -0.079 0.154 0.000 0
 7 0.154 1 -0.053 0.231 0.000 0
 7 0.179 1 -0.026 0.308 0.045 0
 7 0.179 1 -0.026 0.231 0.068 0
 8 0.239 1 -0.026 0.385 0.068 0
 8 0.265 1 0.026 0.385 0.068 0
 8 0.265 4 0.026 0.308 0.045 0
 8 0.256 3 0.053 0.231 0.068 0
 8 0.231 1 0.053 0.256 0.045 0
 8 0.214 1 0.106 0.231 0.023 0
 8 0.274 6 0.079 0.179 0.023 0
 8 0.274 4 0.106 0.077 0.023 0
 8 0.265 1 0.106 0.051 0.000 0
 8 0.470 1 0.132 0.000 0.000 0
 8 0.470 1 0.159 0.026 -0.045 0
 8 0.453 4 0.159 0.051 -0.068 0
 9 0.453 3 0.132 -0.051 -0.091 0
 9 0.274 1 0.159 -0.026 -0.091 0
 9 0.368 1 0.132 -0.026 -0.091 0
 9 0.368 1 0.132 -0.026 -0.091 0
 9 0.359 3 0.132 0.051 -0.068 0
 9 0.359 1 0.132 0.026 -0.068 0
 9 0.316 3 0.132 0.051 -0.068 0
 9 0.308 3 0.106 0.026 -0.023 0
 9 0.308 4 0.079 0.000 -0.023 0
 9 0.239 3 0.053 -0.051 0.000 0
 9 0.205 1 0.053 -0.077 0.023 0
 9 0.274 4 0.053 -0.128 0.045 0
 10 0.274 1 0.026 -0.154 0.023 0
 10 0.188 1 0.026 -0.077 0.023 0
 10 0.256 1 0.026 -0.103 0.045 0
 10 0.265 1 0.000 -0.154 0.023 0
 10 0.265 1 0.000 -0.179 0.023 0
 10 0.222 3 0.000 -0.128 0.023 0
 10 0.265 1 0.000 -0.103 0.000 0
 10 0.265 1 0.000 -0.077 0.000 0
 10 0.316 6 0.000 -0.077 0.000 0
 10 0.316 4 -0.026 -0.077 0.000 0
 10 0.274 4 -0.026 -0.154 0.000 0
 10 0.316 6 -0.026 -0.051 0.023 0
 11 0.316 4 -0.026 -0.103 0.023 0
 11 0.222 4 -0.026 -0.154 0.000 0
 11 0.214 6 0.000 -0.128 0.000 0
 11 0.214 1 0.000 -0.179 0.000 0
 11 0.299 1 -0.026 -0.179 0.000 0
 11 0.299 3 0.000 -0.179 0.000 0
 11 0.291 4 -0.026 -0.154 0.000 0
 11 0.188 1 -0.026 -0.179 0.000 0
 11 0.214 1 0.000 -0.103 0.000 0
 11 0.239 4 0.000 -0.103 0.000 0
 11 0.239 1 0.000 -0.103 0.000 0
 11 0.239 1 0.000 -0.077 0.000 0
 12 0.214 1 0.000 -0.077 0.000 0
 12 0.291 1 -0.026 -0.026 0.000 0
 12 0.291 3 -0.026 -0.077 0.000 0
 12 0.154 1 0.000 -0.077 0.000 0
 12 0.154 4 -0.026 -0.128 0.000 0
 12 0.188 1 0.000 -0.103 0.000 0
 12 0.188 1 0.000 -0.128 0.000 0
 12 0.188 1 0.000 -0.128 0.000 0
 12 0.154 1 0.000 -0.179 0.000 0
 12 0.128 3 0.000 -0.128 0.000 0
 12 0.128 1 0.026 -0.231 0.000 0
 12 0.103 4 0.000 -0.231 -0.023 0
 13 0.103 1 0.000 -0.256 -0.023 0
 13 0.094 1 0.026 -0.256 -0.023 0
 13 0.103 3 0.026 -0.308 -0.023 0
 13 0.103 1 0.026 -0.333 -0.023 0
 13 0.103 6 0.026 -0.333 -0.023 0
 13 0.128 1 0.026 -0.385 -0.023 0
 13 0.128 6 0.026 -0.385 -0.023 0
 13 0.094 6 0.026 -0.462 -0.023 0
 13 0.103 1 0.026 -0.462 -0.023 0
 13 0.103 1 0.000 -0.513 -0.023 0
 13 0.120 1 0.026 -0.538 0.000 0
 13 0.128 1 0.026 -0.590 0.000 0
 14 0.128 1 0.000 -0.615 0.000 0
 14 0.103 1 0.000 -0.615 0.000 0
 14 0.103 1 0.000 -0.641 0.000 0
 14 0.154 1 0.000 -0.590 0.000 0
 14 0.188 1 0.000 -0.615 0.000 0
 14 0.188 1 0.000 -0.615 0.000 0
 14 0.171 1 0.000 -0.641 0.000 0
 14 0.171 1 0.000 -0.590 0.000 0
 14 0.128 1 0.000 -0.590 0.000 0
 14 0.111 1 0.000 -0.538 -0.023 0
 14 0.111 1 0.000 -0.538 -0.023 0
 15 0.068 1 0.000 -0.487 -0.023 0
 15 0.077 1 0.000 -0.513 -0.023 0
 15 0.077 1 0.000 -0.487 -0.023 0
 15 0.077 4 0.000 -0.462 -0.023 0
 15 0.068 1 0.000 -0.436 -0.023 0
 15 0.077 1 0.000 -0.385 -0.023 0
 15 0.077 1 0.000 -0.359 -0.023 0
 15 0.162 6 0.000 -0.333 -0.023 0
 15 0.162 1 0.000 -0.333 -0.023 0
 15 0.128 3 0.000 -0.282 0.000 0
 15 0.128 1 0.000 -0.282 0.000 0
 15 0.128 3 0.000 -0.231 0.000 0
 16 0.128 3 0.000 -0.154 0.000 0
 16 0.111 3 0.000 -0.103 0.000 0
 16 0.137 1 0.000 -0.051 0.000 0
 16 0.145 1 0.000 -0.051 0.000 0
 16 0.145 4 0.000 0.000 0.023 0
 16 0.128 1 0.000 0.128 0.023 0
 16 0.128 1 0.000 0.179 0.023 0
 16 0.137 4 0.000 0.231 0.023 0
 16 0.137 1 0.000 0.205 0.023 0
 16 0.103 1 0.000 0.205 0.023 0
 16 0.103 6 0.000 0.205 0.023 0
 16 0.111 1 0.000 0.256 0.023 0
 17 0.111 1 0.000 0.282 0.023 0
 17 0.103 4 0.000 0.308 0.023 0
 17 0.077 1 0.000 0.333 0.023 0
 17 0.077 1 0.000 0.333 0.000 0
 17 0.094 4 0.000 0.282 0.000 0
 17 0.103 4 0.000 0.333 0.000 0
 17 0.154 4 0.000 0.333 0.000 0
 17 0.154 1 0.000 0.333 0.000 0
 17 0.128 4 0.000 0.333 0.000 0
 17 0.103 1 0.000 0.333 0.000 0
 17 0.128 1 0.000 0.308 0.000 0
 17 0.137 6 0.000 0.282 0.000 0
 18 0.137 4 0.000 0.308 0.000 0
 18 0.179 6 0.000 0.256 0.000 0
 18 0.214 1 0.000 0.282 0.000 0
 18 0.214 3 0.000 0.179 0.000 0
 18 0.162 4 0.000 0.103 0.000 0
 18 0.162 4 0.000 0.128 0.000 0
 18 0.179 6 0.000 0.103 0.000 0
 18 0.179 7 0.000 0.154 0.000 0
 18 0.171 1 0.000 0.205 0.000 0
 18 0.171 1 0.000 0.179 0.000 0
 18 0.145 1 0.000 0.154 0.000 0
 18 0.145 1 0.000 0.103 0.000 0
 19 0.128 1 0.000 0.128 0.000 0
 19 0.128 1 0.000 0.128 0.000 0
 19 0.154 1 0.000 0.154 0.000 0
 19 0.154 1 0.000 0.154 0.000 0
 19 0.128 1 0.000 0.103 0.000 0
 19 0.154 4 0.000 0.077 0.000 0
 19 0.154 1 0.000 0.103 0.000 0
 19 0.103 1 0.000 0.103 0.000 0
 19 0.094 3 0.000 0.154 0.000 0
 19 0.103 1 0.000 0.128 0.000 0
 19 0.103 1 0.000 0.103 0.000 0
 19 0.103 3 0.000 0.077 0.000 0
 20 0.137 6 0.000 0.103 0.000 0
 20 0.137 6 0.000 0.103 0.000 0
 20 0.094 3 0.000 0.179 0.000 0
 20 0.094 3 0.000 0.179 0.000 0
 20 0.077 1 0.000 0.128 0.000 0
 20 0.094 1 0.000 0.128 0.000 0
 20 0.094 1 0.000 0.103 0.000 0
 20 0.120 1 0.000 0.077 0.000 0
 20 0.120 1 0.000 0.077 0.000 0
 20 0.120 1 0.000 0.051 0.000 0
 20 0.120 1 0.000 0.103 0.000 0
 20 0.120 1 0.000 0.077 0.000 0
 21 0.120 1 0.000 0.051 0.000 0
 21 0.120 1 0.000 0.026 0.000 0
 21 0.120 1 0.000 0.051 0.000 0
 21 0.120 1 0.000 0.051 0.000 0
 21 0.120 1 0.000 0.077 0.000 0
 21 0.120 1 0.000 0.051 0.000 0
 21 0.120 1 0.000 0.051 0.000 0
 21 0.120 1 0.000 0.000 0.000 0
 21 0.120 1 0.000 0.026 0.000 0
 21 0.120 1 0.000 0.026 0.000 0
 21 0.120 1 0.000 0.026 0.000 0
 21 0.120 1 0.000 0.026 0.000 0
 6 0.231 1 -0.026 0.205 0.000 0
 6 0.231 1 -0.079 0.205 0.023 0
 6 0.316 1 -0.053 0.205 0.023 0
 6 0.359 1 -0.026 0.256 0.000 0
 6 0.359 3 0.026 0.282 -0.023 0
 6 0.350 1 0.026 0.282 -0.023 0
 6 0.410 1 0.053 0.333 -0.023 0
 6 0.410 1 0.053 0.333 -0.023 0
 6 0.350 1 0.053 0.333 -0.023 0
 6 0.359 1 0.026 0.308 -0.023 0
 6 0.359 1 0.026 0.282 -0.023 0
 6 0.427 1 0.079 0.205 -0.023 0
 7 0.436 3 0.106 0.205 -0.045 0
 7 0.436 1 0.079 0.128 -0.045 0
 7 0.427 1 0.053 0.103 -0.023 0
 7 0.427 4 0.000 0.128 0.000 0
 7 0.350 1 0.000 0.154 0.000 0
 7 0.342 1 -0.026 0.128 0.000 0
 7 0.376 1 -0.026 0.103 -0.023 0
 7 0.376 1 -0.026 0.077 -0.023 0
 7 0.333 1 0.026 0.103 -0.023 0
 7 0.333 3 0.026 0.154 0.000 0
 7 0.325 1 0.053 0.128 -0.023 0
 8 0.342 1 0.053 0.103 0.023 0
 8 0.342 1 0.079 0.128 0.045 0
 8 0.342 1 0.079 0.128 0.068 0
 8 0.342 1 0.106 0.103 0.114 0
 8 0.342 4 0.132 0.051 0.136 0
 8 0.385 6 0.132 0.077 0.159 0
 8 0.385 1 0.132 0.026 0.205 0
 8 0.342 1 0.132 0.077 0.250 0
 8 0.316 1 0.106 0.051 0.250 0
 8 0.316 1 0.106 0.103 0.250 0
 8 0.376 1 0.106 0.103 0.250 0
 8 0.376 3 0.106 0.103 0.273 0
 9 0.299 3 0.079 0.154 0.250 0
 9 0.333 3 0.079 0.103 0.250 0
 9 0.333 1 0.053 0.154 0.227 0
 9 0.282 6 0.053 0.154 0.227 0
 9 0.282 4 0.053 0.128 0.227 0
 9 0.256 4 0.079 0.128 0.227 0
 9 0.282 4 0.079 0.154 0.205 0
 9 0.282 1 0.079 0.179 0.227 0
 9 0.231 1 0.079 0.154 0.205 0
 9 0.222 4 0.079 0.103 0.205 0
 9 0.222 1 0.026 0.103 0.136 0
 9 0.214 3 0.026 0.077 0.136 0
 10 0.214 1 0.026 0.077 0.114 0
 10 0.171 3 0.026 0.051 0.091 0
 10 0.162 1 0.000 0.051 0.068 0
 10 0.265 3 0.026 0.077 0.045 0
 10 0.265 1 0.000 0.026 0.045 0
 10 0.222 1 0.000 0.051 0.045 0
 10 0.239 3 0.000 0.000 0.023 0
 10 0.308 3 0.000 0.026 0.045 0
 10 0.308 1 0.000 0.000 0.045 0
 10 0.248 6 0.026 0.026 0.068 0
 10 0.248 6 0.053 0.051 0.068 0
 10 0.222 4 0.053 -0.051 0.068 0
 11 0.248 3 0.053 -0.051 0.068 0
 11 0.282 4 0.053 -0.051 0.068 0
 11 0.291 4 0.026 -0.103 0.068 0
 11 0.291 1 0.026 -0.128 0.045 0
 11 0.274 1 0.026 -0.077 0.023 0
 11 0.256 1 0.053 -0.103 0.023 0
 11 0.214 1 0.053 -0.128 0.000 0
 11 0.231 1 0.053 -0.128 0.000 0
 11 0.231 4 0.053 -0.128 0.000 0
 11 0.214 1 0.026 -0.077 0.000 0
 11 0.239 3 0.026 -0.051 0.000 0
 11 0.239 1 0.026 -0.103 0.000 0
 12 0.239 1 0.026 -0.103 0.000 0
 12 0.265 3 0.026 -0.128 0.000 0
 12 0.265 3 0.026 -0.128 0.023 0
 12 0.239 4 0.026 -0.128 0.023 0
 12 0.231 1 0.000 -0.205 0.045 0
 12 0.231 1 0.000 -0.154 0.045 0
 12 0.188 1 0.000 -0.179 0.045 0
 12 0.188 1 0.000 -0.205 0.045 0
 12 0.282 1 0.000 -0.231 0.045 0
 12 0.282 3 0.026 -0.179 0.045 0
 12 0.248 1 0.026 -0.179 0.045 0
 12 0.248 1 0.026 -0.179 0.045 0
 13 0.214 1 0.026 -0.231 0.045 0
 13 0.239 1 0.026 -0.231 0.023 0
 13 0.256 1 0.026 -0.179 0.023 0
 13 0.256 3 0.026 -0.282 0.000 0
 13 0.205 1 0.026 -0.256 0.000 0
 13 0.205 1 0.026 -0.256 0.000 0
 13 0.214 1 0.026 -0.256 0.000 0
 13 0.239 1 0.026 -0.282 0.000 0
 13 0.248 1 0.000 -0.282 0.000 0
 13 0.248 1 0.000 -0.333 0.000 0
 13 0.239 1 0.000 -0.333 0.000 0
 13 0.256 1 0.000 -0.308 0.023 0
 14 0.256 1 0.000 -0.359 0.023 0
 14 0.265 1 0.000 -0.410 0.023 0
 14 0.265 1 0.000 -0.385 0.023 0
 14 0.274 1 0.000 -0.333 0.023 0
 14 0.274 1 0.026 -0.385 0.023 0
 14 0.274 1 0.026 -0.436 0.023 0
 14 0.256 1 0.026 -0.385 0.023 0
 14 0.256 1 0.026 -0.333 0.023 0
 14 0.222 1 0.026 -0.359 0.023 0
 14 0.222 1 0.026 -0.359 0.023 0
 14 0.197 1 0.000 -0.359 0.000 0
 14 0.197 1 0.000 -0.333 0.000 0
 15 0.188 1 0.000 -0.282 0.000 0
 15 0.197 1 0.000 -0.333 0.000 0
 15 0.197 1 0.000 -0.231 0.000 0
 15 0.214 1 -0.026 -0.231 0.000 0
 15 0.214 1 -0.026 -0.205 0.000 0
 15 0.265 1 -0.026 -0.179 0.000 0
 15 0.265 1 -0.026 -0.154 0.000 0
 15 0.282 3 -0.026 -0.154 0.000 0
 15 0.282 1 -0.026 -0.154 0.000 0
 15 0.231 1 0.000 -0.128 0.000 0
 15 0.231 1 0.000 -0.128 0.000 0
 16 0.231 1 0.000 -0.077 0.000 0
 16 0.265 1 0.000 -0.051 0.000 0
 16 0.291 3 0.000 -0.026 0.000 0
 16 0.291 4 0.000 0.000 0.023 0
 16 0.291 3 0.000 -0.026 0.023 0
 16 0.291 3 0.000 0.051 0.023 0
 16 0.265 3 0.000 0.026 0.023 0
 16 0.265 1 0.000 0.026 0.023 0
 16 0.239 1 0.000 0.026 0.023 0
 16 0.239 1 0.000 0.077 0.023 0
 16 0.239 1 0.000 0.128 0.023 0
 16 0.239 1 0.000 0.103 0.023 0
 17 0.239 1 0.000 0.103 0.023 0
 17 0.239 1 0.000 0.179 0.023 0
 17 0.239 1 0.000 0.154 0.000 0
 17 0.274 1 0.000 0.154 0.000 0
 17 0.274 1 0.000 0.154 0.000 0
 17 0.222 1 0.026 0.128 0.000 0
 17 0.205 1 0.026 0.128 0.000 0
 17 0.214 1 0.026 0.128 0.000 0
 17 0.239 1 0.026 0.179 0.000 0
 17 0.239 6 0.026 0.154 0.000 0
 17 0.256 1 0.026 0.205 0.000 0
 17 0.256 1 0.026 0.231 0.000 0
 18 0.248 1 0.026 0.282 0.000 0
 18 0.274 1 0.026 0.256 0.000 0
 18 0.274 3 0.026 0.231 0.000 0
 18 0.231 1 0.026 0.231 0.000 0
 18 0.214 1 0.000 0.231 0.000 0
 18 0.214 1 0.000 0.256 0.000 0
 18 0.197 1 0.000 0.256 0.000 0
 18 0.205 1 0.000 0.282 0.000 0
 18 0.214 1 0.000 0.231 0.000 0
 18 0.214 1 0.000 0.205 0.000 0
 18 0.274 1 0.000 0.282 0.000 0
 18 0.274 6 0.000 0.256 0.000 0
 19 0.256 1 0.000 0.231 0.000 0
 19 0.248 1 0.000 0.205 0.000 0
 19 0.214 1 0.000 0.231 0.000 0
 19 0.162 1 0.000 0.231 -0.023 0
 19 0.205 1 0.000 0.205 -0.023 0
 19 0.205 1 0.000 0.231 0.000 0
 19 0.197 3 0.000 0.231 0.000 0
 19 0.239 3 0.000 0.205 0.000 0
 19 0.239 7 0.000 0.231 0.000 0
 19 0.239 6 0.000 0.179 0.000 0
 19 0.239 1 0.000 0.179 0.000 0
 19 0.248 1 0.000 0.154 0.000 0
 20 0.248 6 0.000 0.179 0.000 0
 20 0.265 1 0.000 0.231 0.000 0
 20 0.265 4 0.000 0.205 0.023 0
 20 0.265 1 0.000 0.205 0.023 0
 20 0.256 1 0.000 0.179 0.000 0
 20 0.265 1 0.000 0.154 0.000 0
 20 0.265 1 0.000 0.154 0.000 0
 20 0.274 3 0.000 0.179 0.000 0
 20 0.274 1 0.000 0.205 0.000 0
 20 0.265 1 0.000 0.128 0.000 0
 20 0.265 3 0.000 0.154 0.000 0
 20 0.222 1 0.000 0.103 -0.023 0
 21 0.222 1 0.000 0.128 -0.023 0
 21 0.291 3 0.000 0.128 -0.023 0
 21 0.291 1 0.000 0.128 -0.023 0
 21 0.291 4 0.000 0.128 -0.023 0
 21 0.265 3 0.000 0.128 -0.023 0
 21 0.308 1 0.000 0.103 -0.023 0
 21 0.308 3 0.000 0.103 -0.023 0
 21 0.291 3 0.000 0.103 -0.023 0
 21 0.291 3 0.000 0.103 -0.023 0
 21 0.231 1 0.000 0.077 -0.023 0
 21 0.231 1 0.000 0.051 0.000 0
 21 0.239 3 0.000 0.051 -0.023 0
 22 0.239 1 0.000 0.026 -0.023 0
 22 0.248 6 0.000 0.103 -0.023 0
 22 0.248 1 0.000 0.128 -0.023 0
 22 0.231 3 0.026 0.103 0.000 0
 22 0.248 1 0.026 0.103 -0.023 0
 22 0.248 4 0.026 0.103 -0.023 0
 22 0.197 4 0.026 0.077 -0.023 0
 22 0.222 3 0.026 0.077 -0.023 0
 22 0.222 1 0.026 0.103 -0.023 0
 22 0.197 1 0.026 0.051 -0.023 0
 22 0.214 4 0.026 0.103 0.000 0
 23 0.214 4 0.026 0.103 0.000 0
 23 0.197 3 0.026 0.103 0.000 0
 23 0.197 4 0.026 0.051 0.000 0
 23 0.222 1 0.000 0.026 -0.023 0
 23 0.239 1 -0.026 0.051 0.000 0
 23 0.239 1 -0.026 0.026 0.023 0
 23 0.222 1 -0.026 0.051 0.023 0
 23 0.265 3 -0.026 0.077 0.023 0
 23 0.265 1 -0.053 0.026 0.045 0
 23 0.214 1 -0.053 0.000 0.045 0
 23 0.222 1 -0.053 0.000 0.045 0
 23 0.265 3 -0.053 -0.051 0.045 0
 0 0.265 3 -0.053 -0.128 0.068 0
 0 0.197 1 -0.079 -0.154 0.068 0
 0 0.171 3 -0.079 -0.179 0.068 0
 0 0.171 1 -0.079 -0.128 0.068 0
 0 0.137 1 -0.106 -0.154 0.045 0
 0 0.239 1 -0.132 -0.179 0.045 0
 0 0.291 1 -0.132 -0.154 0.045 0
 0 0.291 1 -0.132 -0.205 0.000 0
 0 0.239 1 -0.159 -0.256 -0.023 0
 0 0.282 3 -0.159 -0.256 -0.045 0
 0 0.282 1 -0.159 -0.308 -0.114 0
 0 0.265 4 -0.159 -0.282 -0.136 0
 1 0.248 1 -0.159 -0.282 -0.159 0
 1 0.222 1 -0.185 -0.231 -0.273 0
 1 0.274 1 -0.159 -0.205 -0.318 0
 1 0.325 3 -0.132 -0.256 -0.318 0
 1 0.342 1 -0.106 -0.256 -0.295 0
 1 0.342 3 -0.106 -0.282 -0.318 0
 1 0.308 1 -0.079 -0.333 -0.273 0
 1 0.325 1 -0.026 -0.256 -0.250 0
 1 0.325 1 -0.026 -0.256 -0.182 0
 1 0.316 1 -0.026 -0.256 -0.114 0
 1 0.385 3 -0.026 -0.231 -0.136 0
 1 0.385 1 0.000 -0.179 -0.114 0
 2 0.222 3 0.000 -0.179 -0.045 0
 2 0.291 1 0.000 -0.154 0.000 0
 2 0.291 3 -0.026 -0.205 -0.045 0
 2 0.316 1 -0.026 -0.179 -0.114 0
 2 0.316 1 -0.053 -0.128 -0.091 0
 2 0.222 1 -0.079 -0.103 -0.136 0
 2 0.222 1 -0.159 -0.128 -0.227 0
 2 0.291 1 -0.212 -0.077 -0.295 0
 2 0.291 4 -0.185 -0.051 -0.318 0
 2 0.333 6 -0.132 0.000 -0.273 0
 2 0.333 1 -0.132 0.000 -0.273 0
 2 0.308 1 -0.185 -0.077 -0.250 0
 3 0.376 1 -0.238 -0.077 -0.227 0
 3 0.376 1 -0.212 -0.077 -0.182 0
 3 0.308 1 -0.265 -0.026 -0.091 0
 3 0.479 1 -0.238 0.000 -0.068 0
 3 0.479 1 -0.185 0.000 -0.045 0
 3 0.342 3 -0.159 0.077 0.068 0
 3 0.402 4 -0.079 0.051 0.068 0
 3 0.402 1 -0.132 0.077 0.091 0
 3 0.513 1 -0.159 0.103 0.091 0
 3 0.530 1 -0.106 0.179 0.023 0
 3 0.427 1 -0.053 0.103 0.068 0
 3 0.427 1 -0.026 0.179 0.045 0
 4 0.376 1 -0.053 0.205 0.091 0
 4 0.376 1 -0.053 0.154 0.114 0
 4 0.376 1 -0.079 0.256 0.091 0
 4 0.376 3 -0.106 0.179 0.114 0
 4 0.479 1 -0.026 0.205 0.068 0
 4 0.513 1 -0.053 0.410 0.068 0
 4 0.513 1 -0.026 0.359 0.091 0
 4 0.444 1 -0.053 0.333 0.114 0
 4 0.513 1 -0.079 0.359 0.136 0
 4 0.513 3 -0.026 0.308 0.091 0
 4 0.453 1 -0.026 0.385 0.091 0
 4 0.239 3 -0.053 0.410 0.091 0
 5 0.316 1 0.000 0.513 0.023 0
 5 0.427 1 0.053 0.359 0.023 0
 5 0.427 1 0.053 0.462 0.000 0
 5 0.385 3 0.000 0.410 0.000 0
 5 0.239 1 0.053 0.385 -0.023 0
 5 0.265 1 0.079 0.462 -0.091 0
 5 0.265 1 0.106 0.436 -0.159 0
 5 0.248 1 0.106 0.513 -0.136 0
 5 0.402 1 0.079 0.436 -0.091 0
 5 0.402 1 0.053 0.538 -0.068 0
 5 0.316 1 0.106 0.487 -0.091 0
 5 0.316 1 0.106 0.436 -0.091 0
 6 0.342 1 0.026 0.513 -0.068 0
 6 0.402 1 -0.026 0.359 0.000 0
 6 0.402 1 0.000 0.487 0.023 0
 6 0.496 1 0.000 0.487 0.000 0
 6 0.496 1 -0.026 0.179 0.045 0
 6 0.376 3 -0.026 0.410 0.045 0
 6 0.504 3 -0.053 0.359 0.068 0
 6 0.504 1 0.000 0.359 -0.023 0
 6 0.342 1 0.132 0.359 -0.091 0
 6 0.342 1 0.159 0.359 -0.136 0
 6 0.291 1 0.159 0.410 -0.136 0
 7 0.291 3 0.212 0.282 -0.159 0
 7 0.282 1 0.238 0.462 -0.227 0
 7 0.265 1 0.212 0.359 -0.227 0
 7 0.265 1 0.079 0.410 -0.091 0
 7 0.342 1 0.053 0.333 -0.045 0
 7 0.342 1 0.000 0.308 -0.023 0
 7 0.462 1 0.000 0.282 0.023 0
 7 0.462 1 0.000 0.256 0.023 0
 7 0.385 3 -0.026 0.231 0.000 0
 7 0.538 1 0.000 0.205 0.000 0
 7 0.538 3 0.026 0.205 -0.023 0
 7 0.479 1 -0.026 0.231 0.000 0
 8 0.479 1 -0.053 0.282 0.045 0
 8 0.521 1 -0.106 0.359 0.091 0
 8 0.521 1 -0.053 0.128 0.068 0
 8 0.444 1 0.026 0.154 -0.023 0
 8 0.444 1 0.079 0.282 -0.068 0
 8 0.444 1 0.106 0.128 -0.159 0
 8 0.444 1 0.026 0.231 -0.068 0
 8 0.538 1 -0.026 0.128 0.023 0
 8 0.538 1 -0.026 0.179 0.000 0
 8 0.436 1 -0.026 0.154 0.000 0
 8 0.521 1 0.026 0.077 0.000 0
 8 0.521 1 0.026 0.128 -0.023 0
 9 0.479 1 0.079 0.051 -0.068 0
 9 0.530 3 0.106 0.000 -0.068 0
 9 0.530 3 0.053 0.000 -0.045 0
 9 0.436 1 0.026 0.077 -0.023 0
 9 0.436 1 0.000 0.077 0.000 0
 9 0.325 1 0.026 0.179 -0.023 0
 9 0.333 1 0.053 0.103 -0.045 0
 9 0.436 3 0.026 0.103 -0.023 0
 9 0.487 1 0.026 0.154 -0.023 0
 9 0.487 1 0.026 0.128 -0.045 0
 9 0.470 1 0.079 0.051 -0.068 0
 9 0.402 3 0.079 0.051 -0.068 0
 10 0.402 3 0.106 -0.051 -0.114 0
 10 0.316 3 0.132 0.103 -0.068 0
 10 0.316 1 0.132 0.051 -0.045 0
 10 0.316 4 0.132 0.026 0.000 0
 10 0.333 1 0.159 0.051 -0.023 0
 10 0.368 1 0.132 -0.026 0.023 0
 10 0.368 4 0.132 -0.051 0.045 0
 10 0.385 3 0.106 -0.077 0.068 0
 10 0.385 1 0.106 -0.103 0.091 0
 10 0.368 1 0.106 -0.077 0.114 0
 10 0.325 3 0.132 -0.103 0.159 0
 10 0.316 3 0.106 -0.103 0.159 0
 11 0.316 1 0.079 -0.026 0.159 0
 11 0.291 1 0.079 -0.077 0.182 0
 11 0.291 3 0.079 -0.077 0.205 0
 11 0.333 1 0.079 -0.154 0.205 0
 11 0.333 3 0.079 -0.205 0.159 0
 11 0.291 1 0.053 -0.179 0.182 0
 11 0.222 1 0.053 -0.205 0.182 0
 11 0.214 1 0.053 -0.256 0.159 0
 11 0.231 1 0.053 -0.256 0.159 0
 11 0.231 3 0.026 -0.231 0.091 0
 11 0.256 1 0.026 -0.282 0.114 0
 11 0.308 1 0.026 -0.231 0.091 0
 12 0.308 1 0.026 -0.256 0.068 0
 12 0.282 3 0.026 -0.256 -0.023 0
 12 0.350 1 0.000 -0.282 -0.068 0
 12 0.350 3 0.000 -0.333 -0.068 0
 12 0.325 1 0.026 -0.308 -0.091 0
 12 0.410 1 0.026 -0.231 -0.091 0
 12 0.410 1 0.026 -0.231 -0.068 0
 12 0.256 1 0.026 -0.205 -0.068 0
 12 0.256 4 0.026 -0.231 -0.023 0
 12 0.231 1 0.026 -0.231 -0.023 0
 12 0.256 1 0.026 -0.256 0.000 0
 12 0.256 4 0.026 -0.282 0.045 0
 13 0.214 1 0.053 -0.231 0.114 0
 13 0.205 3 0.053 -0.256 0.205 0
 13 0.188 1 0.053 -0.231 0.227 0
 13 0.197 1 0.026 -0.231 0.250 0
 13 0.197 6 0.026 -0.231 0.250 0
 13 0.162 3 0.026 -0.231 0.250 0
 13 0.145 1 0.026 -0.256 0.227 0
 13 0.145 1 0.026 -0.282 0.227 0
 13 0.111 1 0.026 -0.282 0.205 0
 13 0.111 1 0.026 -0.333 0.205 0
 13 0.128 6 0.026 -0.282 0.159 0
 14 0.171 3 0.000 -0.308 0.159 0
 14 0.171 1 0.000 -0.308 0.136 0
 14 0.154 1 0.000 -0.231 0.136 0
 14 0.162 3 0.000 -0.205 0.114 0
 14 0.214 1 0.000 -0.205 0.114 0
 14 0.214 1 0.000 -0.179 0.091 0
 14 0.333 1 0.000 -0.154 0.091 0
 14 0.333 3 0.026 -0.179 0.091 0
 14 0.282 1 0.026 -0.154 0.091 0
 14 0.282 1 0.026 -0.128 0.068 0
 14 0.248 4 0.026 -0.103 0.068 0
 14 0.239 1 0.026 -0.154 0.045 0
 15 0.239 1 0.026 -0.128 0.068 0
 15 0.256 4 0.026 -0.128 0.045 0
 15 0.256 3 0.026 -0.103 0.045 0
 15 0.239 1 0.026 -0.103 0.045 0
 15 0.231 1 0.026 -0.103 0.045 0
 15 0.248 1 0.026 0.000 0.045 0
 15 0.248 1 0.000 0.051 0.023 0
 15 0.282 4 0.000 0.051 0.045 0
 15 0.333 3 0.000 0.051 0.045 0
 15 0.308 3 0.000 0.128 0.045 0
 15 0.231 1 0.026 0.128 0.045 0
 15 0.214 1 0.026 0.128 0.023 0
 16 0.265 1 0.026 0.231 0.023 0
 16 0.265 1 0.026 0.179 0.023 0
 16 0.205 1 0.026 0.154 0.023 0
 16 0.239 4 0.026 0.179 0.023 0
 16 0.239 4 0.026 0.205 0.023 0
 16 0.231 1 0.026 0.154 0.023 0
 16 0.179 1 0.026 0.179 0.000 0
 16 0.239 4 0.026 0.179 0.000 0
 16 0.239 1 0.026 0.179 0.000 0
 16 0.188 1 0.000 0.205 0.000 0
 16 0.205 1 0.000 0.231 0.000 0
 16 0.205 1 0.000 0.231 0.000 0
 17 0.248 1 0.000 0.256 0.000 0
 17 0.248 1 0.000 0.256 0.000 0
 17 0.231 1 0.000 0.205 0.000 0
 17 0.179 1 0.000 0.231 0.000 0
 17 0.214 3 0.000 0.179 0.000 0
 17 0.239 1 0.000 0.154 0.000 0
 17 0.239 1 0.000 0.179 0.000 0
 17 0.239 1 0.000 0.231 0.000 0
 17 0.205 1 0.000 0.205 0.000 0
 17 0.231 1 0.026 0.179 0.000 0
 17 0.231 1 0.026 0.205 0.000 0
 17 0.231 1 0.026 0.154 0.000 0
 18 0.256 3 0.026 0.154 0.000 0
 18 0.231 1 0.026 0.154 0.000 0
 18 0.359 6 0.026 0.154 0.000 0
 18 0.359 1 0.026 0.103 0.000 0
 18 0.265 3 0.026 0.154 0.000 0
 18 0.265 1 0.026 0.128 0.000 0
 18 0.256 1 0.026 0.103 0.000 0
 18 0.256 1 0.026 0.128 0.000 0
 18 0.299 1 0.000 0.103 0.000 0
 18 0.299 1 0.000 0.128 0.000 0
 18 0.239 3 0.000 0.154 0.000 0
 19 0.308 1 0.000 0.128 0.000 0
 19 0.308 1 0.000 0.154 0.000 0
 19 0.248 1 0.000 0.205 0.000 0
 19 0.248 1 0.000 0.231 0.000 0
 19 0.299 1 0.000 0.231 0.000 0
 19 0.299 1 0.000 0.179 0.000 0
 19 0.265 1 0.000 0.231 0.000 0
 19 0.265 1 0.000 0.256 0.023 0
 19 0.248 1 0.000 0.205 0.023 0
 19 0.248 1 0.000 0.231 0.023 0
 19 0.205 1 0.000 0.231 0.000 0
 19 0.205 1 0.000 0.205 0.000 0
 20 0.248 1 0.000 0.205 0.023 0
 20 0.248 1 0.000 0.231 0.023 0
 20 0.265 1 0.000 0.256 0.023 0
 20 0.308 1 0.000 0.256 0.023 0
 20 0.308 1 0.000 0.205 0.023 0
 20 0.291 1 0.000 0.256 0.023 0
 20 0.291 1 0.000 0.256 0.000 0
 20 0.333 1 0.000 0.256 0.000 0
 20 0.333 1 0.000 0.282 0.000 0
 20 0.248 1 0.000 0.256 0.023 0
 20 0.265 1 0.000 0.282 0.023 0
 20 0.265 1 0.000 0.256 0.000 0
 21 0.256 1 0.000 0.231 0.000 0
 21 0.325 1 0.000 0.231 0.000 0
 21 0.325 1 0.000 0.179 0.000 0
 21 0.265 1 0.000 0.179 -0.023 0
 21 0.308 1 0.000 0.205 -0.023 0
 21 0.308 1 0.000 0.179 -0.023 0
 21 0.265 1 0.000 0.103 -0.023 0
 21 0.239 1 0.000 0.128 -0.023 0
 21 0.205 1 0.000 0.128 -0.023 0
 21 0.265 1 0.000 0.128 -0.023 0
 21 0.265 1 0.000 0.077 -0.023 0
 22 0.231 1 0.000 0.128 -0.023 0
 22 0.231 1 0.000 0.128 -0.023 0
 22 0.188 1 0.000 0.026 -0.023 0
 22 0.239 1 0.000 0.000 0.000 0
 22 0.239 1 0.000 0.000 0.000 0
 22 0.231 1 0.000 0.026 0.000 0
 22 0.239 1 0.000 0.000 0.000 0
 22 0.239 1 0.000 -0.026 0.000 0
 22 0.231 1 0.000 -0.026 0.000 0
 22 0.162 1 0.000 0.026 0.000 0
 22 0.239 1 0.000 -0.051 0.000 0
 22 0.239 1 0.000 -0.051 0.000 0
 23 0.231 1 0.000 -0.051 0.000 0
 23 0.291 1 0.000 -0.077 0.000 0
 23 0.308 1 0.000 -0.103 0.023 0
 23 0.308 1 -0.026 -0.154 0.023 0
 23 0.291 1 -0.026 -0.128 0.023 0
 23 0.231 1 -0.026 -0.179 0.023 0
 23 0.205 1 -0.026 -0.103 0.023 0
 23 0.205 1 -0.053 -0.103 0.045 0
 23 0.265 1 -0.053 -0.128 0.045 0
 23 0.265 1 -0.053 -0.179 0.045 0
 23 0.239 1 -0.053 -0.179 0.045 0
 23 0.239 1 -0.079 -0.205 0.045 0
 0 0.256 1 -0.079 -0.231 0.045 0
 0 0.256 1 -0.106 -0.154 0.023 0
 0 0.231 1 -0.079 -0.154 0.023 0
 0 0.325 1 -0.079 -0.128 0.000 0
 0 0.333 3 -0.079 -0.179 0.000 0
 0 0.342 1 -0.106 -0.205 -0.023 0
 0 0.342 1 -0.079 -0.231 -0.045 0
 0 0.410 1 -0.079 -0.256 -0.068 0
 0 0.410 1 -0.106 -0.333 -0.091 0
 0 0.393 1 -0.106 -0.282 -0.114 0
 0 0.393 1 -0.106 -0.282 -0.136 0
 0 0.393 1 -0.079 -0.308 -0.159 0
 1 0.342 1 -0.079 -0.333 -0.182 0
 1 0.342 1 -0.106 -0.282 -0.227 0
 1 0.350 4 -0.079 -0.205 -0.205 0
 1 0.350 4 -0.079 -0.205 -0.205 0
 1 0.376 1 -0.079 -0.205 -0.250 0
 1 0.385 1 -0.106 -0.231 -0.295 0
 1 0.504 1 -0.106 -0.179 -0.295 0
 1 0.504 1 -0.079 -0.205 -0.295 0
 1 0.436 1 -0.106 -0.154 -0.295 0
 1 0.410 3 -0.079 -0.179 -0.295 0
 1 0.410 3 -0.106 -0.179 -0.273 0
 1 0.308 1 -0.106 -0.179 -0.273 0
 2 0.291 1 -0.079 -0.128 -0.250 0
 2 0.325 1 -0.132 -0.103 -0.273 0
 2 0.393 1 -0.132 -0.154 -0.273 0
 2 0.402 1 -0.053 -0.103 -0.182 0
 2 0.444 3 0.000 -0.077 -0.114 1
 2 0.444 1 -0.053 -0.103 -0.114 1
 2 0.453 4 -0.079 0.026 -0.159 1
 2 0.453 1 -0.026 0.051 -0.114 1
 2 0.325 4 0.000 0.000 -0.068 1
 2 0.308 1 -0.026 0.000 -0.068 1
 2 0.333 1 0.000 0.026 -0.068 1
 2 0.368 1 0.000 0.077 -0.045 1
 3 0.368 1 -0.053 0.051 -0.068 1
 3 0.385 1 -0.132 0.026 -0.045 1
 3 0.385 3 -0.159 0.026 -0.091 1
 3 0.410 1 -0.185 0.103 -0.091 1
 3 0.504 1 -0.079 0.077 -0.091 1
 3 0.504 1 0.000 0.026 -0.045 1
 3 0.393 1 0.000 0.077 -0.045 1
 3 0.359 3 -0.053 0.077 -0.068 1
 3 0.342 1 0.000 0.128 -0.068 1
 3 0.342 1 0.026 0.154 -0.023 1
 3 0.342 1 0.053 0.179 0.068 1
 3 0.342 1 0.053 0.128 0.023 0
 4 0.316 1 0.106 0.128 -0.045 0
 4 0.316 1 0.079 0.205 -0.023 0
 4 0.436 1 -0.026 0.179 0.000 0
 4 0.436 1 -0.106 0.179 0.068 0
 4 0.376 1 -0.159 0.282 0.068 0
 4 0.427 1 -0.159 0.256 0.045 0
 4 0.521 1 -0.053 0.231 0.000 0
 4 0.521 4 -0.106 0.256 0.000 0
 4 0.487 1 -0.159 0.308 0.000 0
 4 0.427 1 -0.265 0.282 -0.045 0
 4 0.436 1 -0.132 0.256 0.023 0
 4 0.530 1 0.026 0.179 0.000 0
 5 0.530 3 0.212 0.231 0.432 0
 5 0.376 1 0.397 0.154 0.500 0
 5 0.299 1 0.450 0.179 0.455 0
 5 0.188 1 0.450 0.179 0.477 0
 5 0.188 1 0.423 0.282 0.500 0
 5 0.188 6 0.317 0.256 0.545 0
 5 0.154 1 0.317 0.308 0.568 0
 5 0.171 1 0.317 0.333 0.545 0
 5 0.171 4 0.397 0.359 0.477 0
 5 0.171 1 0.317 0.308 0.500 0
 5 0.137 1 0.159 0.333 0.545 0
 6 0.128 1 -0.079 0.333 0.091 0
 6 0.188 1 -0.185 0.385 -0.136 0
 6 0.188 1 -0.265 0.359 -0.068 0
 6 0.154 4 -0.291 0.410 -0.273 0
 6 0.103 1 -0.317 0.333 -0.227 0
 6 0.154 4 -0.344 0.256 -0.432 0
 6 0.274 1 -0.317 0.359 -0.545 0
 6 0.291 1 -0.291 0.410 -0.545 0
 6 0.444 1 -0.291 0.359 -0.523 0
 6 0.444 3 -0.238 0.333 -0.545 0
 6 0.444 3 -0.212 0.385 -0.523 0
 6 0.274 3 -0.159 0.487 -0.500 0
 7 0.376 1 -0.159 0.385 -0.364 0
 7 0.385 3 -0.106 0.462 -0.432 0
 7 0.385 1 -0.053 0.385 -0.250 0
 7 0.444 1 0.000 0.308 -0.318 0
 7 0.444 1 0.053 0.333 -0.136 0
 7 0.410 3 0.053 0.385 -0.045 0
 7 0.368 1 0.079 0.385 -0.045 0
 7 0.368 1 0.079 0.333 -0.045 0
 7 0.291 1 0.053 0.256 -0.023 0
 7 0.342 1 0.053 0.282 -0.023 0
 7 0.342 1 0.026 0.231 -0.023 0
 7 0.342 1 0.053 0.231 -0.045 0
 8 0.342 3 0.053 0.154 -0.045 0
 8 0.342 1 0.026 0.154 -0.023 0
 8 0.299 1 0.026 0.103 -0.023 0
 8 0.410 3 0.053 0.128 0.000 0
 8 0.419 1 0.079 0.128 -0.023 0
 8 0.359 1 0.053 0.103 0.000 0
 8 0.325 3 0.053 0.026 0.000 0
 8 0.274 1 0.026 0.026 -0.023 0
 8 0.256 3 0.026 0.077 0.000 0
 8 0.342 1 0.053 0.051 -0.023 0
 8 0.342 3 0.053 0.000 0.000 0
 8 0.342 1 0.053 0.077 -0.023 0
 9 0.410 4 0.079 0.103 0.000 0
 9 0.410 1 0.079 0.103 0.000 0
 9 0.385 4 0.053 0.179 0.023 0
 9 0.376 3 0.026 0.077 0.045 0
 9 0.376 4 0.026 0.026 0.023 0
 9 0.376 3 0.026 -0.026 0.023 0
 9 0.376 1 0.053 -0.051 0.045 0
 9 0.402 1 0.053 0.026 0.000 0
 9 0.402 3 0.053 -0.077 0.023 0
 9 0.410 1 0.053 -0.051 0.023 0
 9 0.410 1 0.053 -0.051 0.045 0
 9 0.333 1 0.053 -0.051 0.023 0
 10 0.316 1 0.000 -0.103 0.045 0
 10 0.350 1 0.000 -0.077 0.023 0
 10 0.350 3 0.026 -0.077 0.045 0
 10 0.308 3 0.026 -0.077 0.045 0
 10 0.316 1 0.026 -0.128 0.045 0
 10 0.291 1 0.053 -0.154 0.068 0
 10 0.308 1 0.053 -0.077 0.091 0
 10 0.308 1 0.053 -0.179 0.114 0
 10 0.256 1 0.053 -0.179 0.091 0
 10 0.325 1 0.053 -0.154 0.114 0
 10 0.291 1 0.053 -0.179 0.114 0
 10 0.376 1 0.079 -0.179 0.091 0
 11 0.376 3 0.079 -0.179 0.114 0
 11 0.316 1 0.053 -0.256 0.114 0
 11 0.316 4 0.079 -0.256 0.114 0
 11 0.316 1 0.079 -0.282 0.136 0
 11 0.308 1 0.053 -0.308 0.114 0
 11 0.308 1 0.053 -0.231 0.114 0
 11 0.308 1 0.053 -0.308 0.068 0
 11 0.316 3 0.053 -0.256 0.068 0
 11 0.316 3 0.053 -0.231 0.068 0
 11 0.308 1 0.026 -0.308 0.068 0
 11 0.342 1 0.026 -0.308 0.068 0
 11 0.342 1 0.026 -0.205 0.045 0
 12 0.291 1 0.026 -0.256 0.023 0
 12 0.274 1 0.000 -0.256 0.045 0
 12 0.308 1 0.000 -0.359 0.023 0
 12 0.308 1 0.000 -0.308 0.023 0
 12 0.231 1 0.026 -0.282 0.045 0
 12 0.265 1 0.026 -0.410 0.068 0
 12 0.299 3 0.026 -0.333 0.068 0
 12 0.299 1 0.026 -0.333 0.045 0
 12 0.291 4 0.026 -0.385 0.045 0
 12 0.291 1 0.026 -0.385 0.045 0
 12 0.342 1 0.026 -0.410 0.045 0
 13 0.342 1 0.026 -0.436 0.045 0
 13 0.274 1 0.026 -0.385 0.045 0
 13 0.291 3 0.026 -0.410 0.045 0
 13 0.291 1 0.026 -0.436 0.045 0
 13 0.274 1 0.000 -0.410 0.045 0
 13 0.256 1 0.000 -0.487 0.045 0
 13 0.205 1 0.000 -0.487 0.068 0
 13 0.197 1 0.000 -0.436 0.068 0
 13 0.214 1 0.000 -0.487 0.091 0
 13 0.222 1 0.000 -0.385 0.091 0
 13 0.265 4 0.000 -0.410 0.091 0
 13 0.265 1 0.000 -0.487 0.114 0
 14 0.274 1 0.000 -0.436 0.091 0
 14 0.342 3 0.000 -0.410 0.091 0
 14 0.342 1 0.000 -0.359 0.114 0
 14 0.291 1 0.000 -0.410 0.091 0
 14 0.248 1 0.000 -0.462 0.091 0
 14 0.248 1 0.000 -0.359 0.091 0
 14 0.214 1 0.000 -0.359 0.091 0
 14 0.222 1 0.000 -0.359 0.068 0
 14 0.239 1 0.000 -0.333 0.068 0
 14 0.239 1 0.000 -0.359 0.068 0
 14 0.214 4 0.000 -0.359 0.068 0
 14 0.214 1 0.026 -0.333 0.068 0
 15 0.197 1 0.026 -0.308 0.068 0
 15 0.239 1 0.026 -0.282 0.068 0
 15 0.239 6 0.026 -0.231 0.068 0
 15 0.214 1 0.026 -0.256 0.068 0
 15 0.239 1 0.026 -0.205 0.068 0
 15 0.248 1 0.026 -0.179 0.068 0
 15 0.248 1 0.026 -0.231 0.068 0
 15 0.214 1 0.026 -0.205 0.068 0
 15 0.239 1 0.026 -0.205 0.068 0
 15 0.239 1 0.026 -0.205 0.045 0
 15 0.239 1 0.000 -0.179 0.045 0
 15 0.325 1 0.000 -0.154 0.045 0
 16 0.325 1 0.000 -0.205 0.023 0
 16 0.154 1 0.000 -0.154 0.045 0
 16 0.128 1 0.000 -0.179 0.045 0
 16 0.128 1 0.000 -0.128 0.023 0
 16 0.128 1 0.000 -0.128 0.023 0
 16 0.239 1 0.000 -0.128 0.023 0
 16 0.239 1 0.026 -0.179 0.023 0
 16 0.188 1 0.026 -0.077 0.023 0
 16 0.205 1 0.026 -0.128 0.023 0
 16 0.205 1 0.026 -0.077 0.045 0
 16 0.282 1 0.026 -0.103 0.045 0
 16 0.282 1 0.026 -0.051 0.045 0
 17 0.265 1 0.026 0.000 0.023 0
 17 0.265 1 0.026 0.000 0.023 0
 17 0.274 1 0.026 0.026 0.023 0
 17 0.274 1 0.026 0.026 0.023 0
 17 0.162 1 0.026 0.051 0.023 0
 17 0.162 1 0.000 0.077 0.023 0
 17 0.154 1 0.000 0.051 0.023 0
 17 0.128 1 0.000 0.103 0.023 0
 17 0.128 1 0.000 0.103 0.000 0
 17 0.154 1 0.000 0.103 0.000 0
 17 0.154 1 0.000 0.103 0.000 0
 17 0.128 1 0.000 0.128 0.000 0
 18 0.179 1 0.000 0.154 0.023 0
 18 0.179 1 0.000 0.205 0.023 0
 18 0.154 1 0.000 0.231 0.023 0
 18 0.154 1 0.000 0.205 0.023 0
 18 0.154 1 0.000 0.231 0.023 0
 18 0.188 1 0.026 0.282 0.023 0
 18 0.188 1 0.026 0.179 0.023 0
 18 0.179 1 0.026 0.282 0.023 0
 18 0.179 1 0.026 0.256 0.023 0
 18 0.128 1 0.026 0.231 0.023 0
 18 0.205 1 0.026 0.231 0.023 0
 18 0.205 1 0.026 0.128 0.000 0
 19 0.137 1 0.026 0.179 0.000 0
 19 0.145 1 0.026 0.179 0.000 0
 19 0.145 1 0.026 0.179 0.000 0
 19 0.111 1 0.026 0.128 0.000 0
 19 0.103 1 0.000 0.128 0.000 0
 19 0.103 1 0.000 0.154 0.000 0
 19 0.154 1 0.000 0.103 0.000 0
 19 0.154 1 0.000 0.103 0.000 0
 19 0.154 1 0.000 0.103 0.000 0
 19 0.154 1 0.000 0.077 0.000 0
 19 0.179 1 0.000 0.077 0.000 0
 19 0.179 1 0.000 0.051 0.000 0
 20 0.120 1 0.000 0.051 0.000 0
 20 0.162 1 0.000 0.026 0.000 0
 20 0.162 1 0.000 0.051 0.000 0
 20 0.188 1 0.000 0.026 0.000 0
 20 0.188 1 0.000 0.026 0.000 0
 20 0.128 1 0.000 0.051 0.000 0
 20 0.205 1 0.000 0.077 0.000 0
 20 0.205 1 0.000 0.026 0.000 0
 20 0.077 1 0.000 0.103 0.000 0
 20 0.103 1 0.000 0.051 0.000 0
 20 0.154 1 0.000 0.128 0.000 0
 21 0.154 1 0.000 0.077 0.000 0
 21 0.103 1 0.000 0.077 0.000 0
 21 0.103 1 0.000 0.051 0.000 0
 21 0.103 1 0.000 0.103 0.000 0
 21 0.128 1 0.000 0.128 0.000 0
 21 0.128 1 0.000 0.128 0.000 0
 21 0.128 1 0.000 0.103 0.000 0
 21 0.128 1 0.000 0.128 0.000 0
 21 0.128 1 0.000 0.103 0.000 0
 21 0.103 1 0.026 0.077 0.000 0
 21 0.103 1 0.026 0.077 0.000 0
 21 0.103 1 0.026 0.077 0.000 0
 22 0.128 1 0.026 0.077 0.000 0
 22 0.128 1 0.026 0.051 0.000 0
 22 0.103 1 0.026 0.000 0.000 0
 22 0.103 1 0.026 -0.026 0.000 0
 22 0.154 1 0.026 -0.051 0.000 0
 22 0.154 1 0.026 -0.051 0.000 0
 22 0.128 1 0.026 -0.077 0.000 0
 22 0.145 1 0.026 -0.051 0.000 0
 22 0.145 1 0.000 -0.026 0.000 0
 22 0.103 1 0.000 -0.051 0.000 0
 22 0.111 1 0.000 -0.077 0.000 0
 22 0.128 1 0.000 -0.077 0.000 0
 23 0.128 1 0.000 -0.128 0.000 0
 23 0.103 1 0.000 -0.103 0.000 0
 23 0.154 1 0.000 -0.179 0.000 0
 23 0.325 1 0.000 -0.231 0.023 0
 23 0.385 1 0.000 -0.205 0.023 0
 23 0.385 1 0.000 -0.179 0.000 0
 23 0.248 1 0.026 -0.282 0.000 0
 23 0.111 1 0.026 -0.256 -0.023 0
 23 0.111 1 0.026 -0.231 -0.045 0
 23 0.128 1 0.026 -0.282 -0.045 0
 23 0.145 1 0.026 -0.256 -0.045 0
 23 0.145 1 0.026 -0.282 -0.045 0
 0 0.145 1 0.026 -0.282 -0.023 0
 0 0.120 1 0.000 -0.256 -0.023 0
 0 0.120 1 0.000 -0.256 -0.023 0
 0 0.154 1 0.000 -0.282 -0.023 0
 0 0.162 1 -0.053 -0.333 0.045 0
 0 0.128 1 -0.106 -0.410 0.045 0
 0 0.154 1 -0.132 -0.410 0.068 0
 0 0.154 1 -0.132 -0.462 0.068 0
 0 0.162 1 -0.132 -0.410 0.068 0
 0 0.162 1 -0.159 -0.436 0.091 0
 1 0.197 1 -0.212 -0.436 0.000 0
 1 0.197 1 -0.212 -0.359 -0.023 0
 1 0.154 1 -0.185 -0.359 -0.045 0
 1 0.154 1 -0.185 -0.333 -0.068 0
 1 0.154 1 -0.212 -0.282 -0.182 0
 1 0.154 1 -0.212 -0.333 -0.295 0
 1 0.179 1 -0.212 -0.308 -0.386 0
 1 0.179 1 -0.212 -0.179 -0.455 0
 1 0.214 1 -0.212 -0.179 -0.455 0
 1 0.256 1 -0.238 -0.179 -0.477 0
 1 0.256 1 -0.238 -0.128 -0.545 0
 1 0.214 1 -0.212 -0.205 -0.455 0
 2 0.231 1 -0.238 -0.205 -0.477 0
 2 0.248 1 -0.212 -0.179 -0.455 0
 2 0.248 1 -0.212 -0.154 -0.455 0
 2 0.239 1 -0.185 -0.103 -0.341 0
 2 0.291 1 -0.106 -0.103 -0.295 0
 2 0.291 1 -0.026 -0.077 -0.182 0
 2 0.291 1 0.026 -0.026 -0.114 0
 2 0.256 1 0.079 -0.026 0.000 1
 2 0.274 1 0.106 0.026 0.068 1
 2 0.256 1 0.106 0.026 0.045 1
 2 0.256 1 0.053 0.077 -0.045 1
 2 0.256 1 0.053 0.051 -0.023 1
 3 0.214 1 -0.053 0.026 0.000 1
 3 0.239 1 0.026 0.077 -0.023 1
 3 0.248 1 -0.106 0.128 0.000 1
 3 0.248 1 -0.185 0.103 0.045 1
 3 0.299 3 -0.265 0.000 -0.023 1
 3 0.299 1 -0.238 0.026 -0.068 1
 3 0.393 1 -0.212 0.051 0.000 1
 3 0.436 3 -0.026 0.000 0.023 1
 3 0.479 3 0.026 0.103 0.000 1
 3 0.453 1 0.106 0.103 -0.023 1
 4 0.376 1 -0.026 0.103 0.023 1
 4 0.376 1 -0.106 0.128 0.068 1
 4 0.299 1 -0.106 0.051 0.091 1
 4 0.385 1 -0.026 0.077 0.045 1
 4 0.402 1 0.106 0.154 -0.068 1
 4 0.410 1 0.185 0.256 -0.114 1
 4 0.410 1 0.159 0.179 -0.114 1
 4 0.402 1 0.132 0.308 -0.091 1
 4 0.479 1 -0.026 0.256 0.000 1
 4 0.479 1 -0.053 0.205 0.023 1
 4 0.479 1 -0.053 0.231 0.023 1
 5 0.402 1 0.106 0.256 -0.068 1
 5 0.436 1 0.159 0.256 -0.091 1
 5 0.436 1 0.079 0.308 -0.068 1
 5 0.402 1 0.053 0.256 -0.068 1
 5 0.402 1 0.106 0.282 0.000 1
 5 0.393 1 0.053 0.256 0.114 1
 5 0.393 1 0.000 0.436 0.068 1
 5 0.265 1 0.000 0.385 0.023 1
 5 0.248 1 0.000 0.410 -0.023 1
 5 0.265 1 0.000 0.513 -0.023 1
 5 0.299 1 -0.079 0.462 0.023 1
 5 0.308 1 -0.079 0.436 0.023 1
 6 0.376 1 0.106 0.385 0.159 1
 6 0.402 1 0.317 0.308 0.455 1
 6 0.402 3 0.370 0.359 0.545 1
 6 0.368 3 0.265 0.410 0.523 1
 6 0.590 1 0.317 0.077 0.432 1
 6 0.590 1 0.423 0.000 0.455 1
 6 0.402 1 0.450 0.205 0.455 1
 6 0.342 1 0.529 0.128 0.455 1
 6 0.316 1 0.529 0.128 0.432 1
 6 0.342 3 0.635 0.154 0.386 1
 6 0.342 3 0.556 0.179 0.432 1
 6 0.239 1 0.370 0.308 0.273 1
 7 0.239 1 0.238 0.256 -0.068 0
 7 0.239 1 0.185 0.179 -0.159 0
 7 0.188 1 0.159 0.154 -0.136 0
 7 0.128 4 0.106 0.103 -0.136 0
 7 0.188 1 0.053 0.128 -0.114 0
 7 0.188 1 0.026 0.026 -0.091 0
 7 0.154 1 0.000 0.026 -0.068 0
 7 0.137 1 0.000 -0.051 -0.045 0
 7 0.103 1 -0.026 -0.103 -0.045 0
 7 0.077 3 -0.026 -0.103 -0.045 0
 7 0.077 4 -0.026 -0.026 -0.023 0
 7 0.060 1 -0.026 0.077 -0.023 0
 8 0.085 1 -0.053 0.103 0.000 0
 8 0.085 1 -0.053 0.128 0.000 0
 8 0.060 3 -0.026 0.103 0.000 0
 8 0.051 1 -0.053 0.359 0.000 0
 8 0.077 1 -0.026 0.359 0.000 0
 8 0.077 3 -0.026 0.256 0.000 0
 8 0.051 4 -0.026 0.205 0.000 0
 8 0.077 1 -0.026 0.205 0.000 0
 8 0.077 1 -0.026 0.179 0.000 0
 8 0.077 1 -0.026 0.179 0.000 1
 8 0.077 1 -0.026 0.026 0.000 1
 9 0.145 6 -0.026 0.205 0.023 1
 9 0.145 4 0.000 0.231 0.023 1
 9 0.128 4 0.000 0.205 0.023 1
 9 0.137 4 0.000 0.231 0.023 0
 9 0.137 3 0.000 0.231 0.023 0
 9 0.120 1 0.000 0.205 0.023 0
 9 0.077 1 0.000 0.205 0.023 0
 9 0.085 6 0.000 0.128 0.023 0
 9 0.085 6 0.000 0.103 0.023 0
 9 0.034 6 0.000 0.051 0.023 0
 9 0.051 6 0.000 -0.026 0.023 0
 10 0.068 6 0.000 -0.026 0.000 0
 10 0.068 6 0.000 -0.051 0.000 0
 10 0.051 3 0.000 -0.051 0.000 0
 10 0.043 6 0.000 -0.077 0.000 0
 10 0.043 7 0.000 -0.154 0.000 0
 10 0.034 4 0.000 -0.179 0.000 0
 10 0.034 1 0.000 -0.205 0.000 0
 10 0.034 1 0.000 -0.231 0.000 0
 10 0.034 3 0.000 -0.231 0.000 0
 10 0.034 1 0.000 -0.256 0.000 0
 10 0.043 1 0.000 -0.308 0.000 0
 10 0.043 1 0.000 -0.282 0.000 0
 11 0.043 1 0.000 -0.359 0.000 0
 11 0.043 1 0.000 -0.359 -0.023 0
 11 0.043 1 0.000 -0.385 -0.023 0
 11 0.051 4 0.000 -0.385 -0.023 0
 11 0.068 1 0.000 -0.410 -0.023 0
 11 0.068 4 0.000 -0.359 -0.023 0
 11 0.051 3 0.000 -0.333 -0.023 0
 11 0.051 1 0.000 -0.308 -0.023 0
 11 0.068 1 0.000 -0.333 -0.023 0
 11 0.068 1 0.000 -0.359 -0.023 0
 11 0.051 1 0.000 -0.308 -0.023 0
 12 0.068 1 0.000 -0.308 -0.023 0
 12 0.068 1 0.000 -0.333 0.000 0
 12 0.060 1 0.000 -0.333 0.000 0
 12 0.077 3 0.000 -0.359 0.000 0
 12 0.077 1 0.000 -0.333 0.000 0
 12 0.068 1 0.000 -0.410 0.000 0
 12 0.068 3 0.000 -0.333 0.000 0
 12 0.068 4 0.000 -0.308 0.000 0
 12 0.068 3 0.000 -0.333 0.000 0
 12 0.051 1 0.000 -0.359 0.000 0
 12 0.068 3 0.000 -0.333 0.000 0
 12 0.077 1 0.000 -0.410 0.000 0
 13 0.077 3 0.000 -0.385 0.000 0
 13 0.077 4 0.000 -0.385 0.000 0
 13 0.068 3 0.000 -0.359 0.000 0
 13 0.068 1 0.000 -0.410 0.000 0
 13 0.077 1 0.000 -0.385 0.000 0
 13 0.077 1 0.000 -0.385 0.000 0
 13 0.077 1 0.000 -0.462 0.000 0
 13 0.077 1 0.000 -0.410 0.000 0
 13 0.077 1 0.000 -0.436 0.000 0
 13 0.085 1 0.000 -0.385 0.000 0
 13 0.103 3 -0.026 -0.385 0.000 0
 13 0.103 1 -0.026 -0.436 0.000 0
 14 0.085 1 -0.026 -0.385 0.000 0
 14 0.085 1 -0.026 -0.385 0.000 0
 14 0.077 1 -0.026 -0.333 0.000 0
 14 0.068 1 -0.026 -0.308 -0.023 0
 14 0.068 3 0.000 -0.282 -0.023 0
 14 0.068 1 0.000 -0.333 -0.023 0
 14 0.068 1 0.000 -0.282 -0.023 0
 14 0.068 1 0.000 -0.308 -0.023 0
 14 0.111 1 0.000 -0.256 -0.023 0
 14 0.111 1 0.026 -0.282 -0.023 0
 14 0.068 3 0.026 -0.282 -0.023 0
 14 0.085 3 0.026 -0.256 -0.023 0
 15 0.085 3 0.026 -0.282 -0.023 0
 15 0.051 1 0.026 -0.282 -0.023 0
 15 0.051 1 0.026 -0.256 0.000 0
 15 0.043 1 0.000 -0.231 0.000 0
 15 0.043 1 0.000 -0.231 0.000 0
 15 0.034 1 0.000 -0.179 0.000 0
 15 0.026 6 0.000 -0.256 0.000 0
 15 0.034 1 0.000 -0.179 0.000 0
 15 0.034 3 0.000 -0.231 0.000 0
 15 0.034 4 0.000 -0.205 0.000 0
 15 0.026 1 0.000 -0.179 0.000 0
 15 0.026 1 0.000 -0.205 0.000 0
 16 0.017 7 0.000 -0.154 0.000 0
 16 0.000 0 0.000 -0.179 0.000 0
 16 0.000 3 0.000 -0.179 0.000 0
 16 0.017 1 0.000 -0.128 0.000 0
 16 0.017 1 0.000 -0.128 0.000 0
 16 0.034 1 0.000 -0.154 0.000 0
 16 0.034 6 0.000 -0.077 0.000 0
 16 0.017 3 0.000 -0.051 0.000 0
 16 0.017 1 0.000 0.000 0.000 0
 16 0.043 1 0.000 0.000 0.000 0
 16 0.043 3 0.000 0.000 0.000 0
 16 0.034 7 0.000 0.077 0.000 0
 17 0.017 1 0.000 0.077 0.000 0
 17 0.051 3 0.000 0.128 0.000 0
 17 0.051 3 0.000 0.103 0.000 0
 17 0.034 4 0.000 0.103 0.000 0
 17 0.034 3 0.000 0.103 0.000 0
 17 0.043 4 0.000 0.179 0.000 0
 17 0.043 3 0.000 0.154 0.000 0
 17 0.034 4 0.000 0.179 0.000 0
 17 0.034 3 0.000 0.205 0.000 0
 17 0.034 4 0.000 0.256 0.000 0
 17 0.034 4 0.000 0.308 0.000 0
 17 0.043 3 -0.026 0.308 0.023 0