 12 0.060 7 -0.026 -0.231 -0.023 0
 12 0.051 9 -0.026 -0.231 0.000 0
 12 0.026 7 -0.026 -0.256 0.023 0
 12 0.017 9 -0.026 -0.256 0.045 0
 12 0.000 9 -0.026 -0.154 0.068 0
 12 0.000 9 0.000 -0.154 0.091 0
 12 0.000 9 0.000 -0.103 0.136 0
 12 0.017 7 0.000 -0.154 0.205 0
 12 0.017 9 0.000 -0.231 0.227 0
 12 0.000 9 0.000 -0.385 0.182 0
 12 0.000 7 0.000 -0.410 0.182 0
 12 0.017 9 0.000 -0.410 0.159 0
 13 0.043 7 0.000 -0.462 0.136 0
 13 0.043 7 0.000 -0.513 0.136 0
 13 0.034 7 0.000 -0.462 0.136 0
 13 0.026 9 0.000 -0.410 0.114 0
 13 0.026 7 0.000 -0.410 0.114 0
 13 0.000 7 0.000 -0.436 0.091 0
 13 0.017 9 0.000 -0.462 0.091 0
 13 0.017 9 0.000 -0.436 0.091 0
 13 0.026 7 0.000 -0.462 0.091 0
 13 0.026 7 0.000 -0.410 0.091 0
 13 0.026 7 0.000 -0.436 0.091 0
 13 0.051 7 0.000 -0.410 0.091 0
 14 0.051 4 0.000 -0.462 0.091 0
 14 0.060 3 0.000 -0.436 0.068 0
 14 0.077 4 0.000 -0.410 0.091 0
 14 0.077 4 0.000 -0.436 0.045 0
 14 0.068 6 -0.026 -0.487 0.068 0
 14 0.068 3 -0.026 -0.410 0.068 0
 14 0.068 7 -0.026 -0.359 0.045 0
 14 0.051 7 -0.026 -0.385 0.045 0
 14 0.060 7 -0.026 -0.308 0.045 0
 14 0.060 6 -0.026 -0.308 0.045 0
 14 0.051 7 -0.026 -0.308 0.023 0
 14 0.043 9 -0.026 -0.333 0.023 0
 15 0.026 10 -0.026 -0.205 0.023 0
 15 0.034 10 -0.026 -0.256 0.023 0
 15 0.060 4 -0.026 -0.308 0.045 0
 15 0.068 4 0.000 -0.256 0.000 0
 15 0.085 4 -0.026 -0.256 -0.023 0
 15 0.085 1 -0.026 -0.256 -0.068 0
 15 0.060 1 -0.026 -0.231 -0.091 0
 15 0.051 3 -0.026 -0.128 -0.091 0
 15 0.051 6 -0.026 -0.179 -0.091 0
 15 0.026 4 -0.026 -0.154 -0.091 0
 15 0.026 6 -0.026 -0.103 -0.091 0
 16 0.026 7 -0.026 -0.026 -0.091 0
 16 0.026 9 -0.026 0.000 -0.091 0
 16 0.026 9 0.000 0.000 -0.091 0
 16 0.060 7 0.000 0.026 -0.045 0
 16 0.060 7 0.026 0.051 -0.023 0
 16 0.051 6 0.026 0.051 0.045 0
 16 0.051 7 0.026 0.026 0.068 0
 16 0.051 9 0.026 0.077 0.068 0
 16 0.026 6 0.026 0.077 0.068 0
 16 0.026 9 0.026 0.128 0.068 0
 16 0.026 6 0.026 0.103 0.068 0
 16 0.026 7 0.026 0.205 0.091 0
 17 0.051 6 0.026 0.154 0.068 0
 17 0.051 7 0.026 0.154 0.068 0
 17 0.051 7 0.026 0.205 0.045 0
 17 0.051 7 0.026 0.256 0.045 0
 17 0.026 7 0.026 0.308 0.023 0
 17 0.026 9 0.026 0.282 0.023 0
 17 0.034 4 0.026 0.256 0.023 0
 17 0.034 4 0.026 0.179 0.023 0
 17 0.026 7 0.026 0.256 0.023 0
 17 0.026 9 0.026 0.256 0.023 0
 17 0.026 7 0.026 0.179 0.000 0
 17 0.051 4 0.000 0.154 0.000 0
 18 0.077 4 -0.026 0.128 0.000 0
 18 0.094 4 -0.026 0.128 0.000 0
 18 0.094 4 -0.026 0.077 0.000 0
 18 0.120 4 -0.026 0.154 -0.023 0
 18 0.120 6 -0.026 0.128 -0.045 0
 18 0.111 6 -0.026 0.154 -0.023 0
 18 0.103 6 -0.026 0.179 -0.023 0
 18 0.060 1 -0.026 0.128 0.000 0
 18 0.051 1 -0.026 0.154 0.000 0
 18 0.068 1 -0.026 0.205 0.000 0
 18 0.077 1 0.000 0.179 0.000 0
 19 0.077 1 0.000 0.128 0.000 0
 19 0.051 10 0.000 0.154 0.023 0
 19 0.051 1 0.000 0.128 0.023 0
 19 0.051 1 0.000 0.077 0.045 0
 19 0.051 0 0.000 0.051 0.068 0
 19 0.026 1 0.000 0.103 0.045 0
 19 0.051 1 0.000 0.103 0.045 0
 19 0.085 1 0.000 0.128 0.023 0
 19 0.085 1 0.000 0.128 0.000 0
 19 0.085 1 0.000 0.128 0.000 0
 19 0.077 1 0.000 0.128 0.000 0
 19 0.026 10 0.000 0.128 0.000 0
 20 0.026 10 0.000 0.154 -0.023 0
 20 0.043 10 0.026 0.154 -0.023 0
 20 0.043 10 0.026 0.128 -0.023 0
 20 0.068 1 0.026 0.103 -0.023 0
 20 0.077 1 0.026 0.103 -0.023 0
 20 0.068 1 0.026 0.128 -0.023 0
 20 0.068 1 0.026 0.077 -0.023 0
 20 0.060 1 0.026 0.128 0.000 0
 20 0.060 1 0.026 0.128 0.000 0
 20 0.051 1 0.026 0.103 0.000 0
 20 0.051 1 0.026 0.103 0.023 0
 20 0.068 1 0.026 0.154 0.000 0
 21 0.077 1 0.000 0.103 0.000 0
 21 0.085 1 0.000 0.103 0.000 0
 21 0.103 1 0.000 0.128 0.000 0
 21 0.103 1 0.000 0.128 0.023 0
 21 0.085 1 0.000 0.103 0.023 0
 21 0.085 1 0.000 0.103 0.000 0
 21 0.103 1 0.000 0.103 0.000 0
 21 0.111 1 0.000 0.051 0.000 0
 21 0.171 1 0.000 0.051 0.000 0
 21 0.188 1 0.000 0.051 -0.023 0
 21 0.188 1 0.000 0.051 0.023 0
 22 0.094 1 0.026 -0.026 0.023 0
 22 0.077 1 0.026 -0.077 0.023 0
 22 0.085 1 0.026 -0.026 0.023 0
 22 0.085 1 0.026 -0.051 0.000 0
 22 0.077 1 0.026 -0.077 -0.023 0
 22 0.051 1 0.026 -0.128 0.000 0
 22 0.043 1 0.026 -0.154 0.000 0
 22 0.068 1 0.026 -0.128 0.000 0
 22 0.068 1 0.026 -0.179 0.000 0
 22 0.068 1 0.026 -0.231 0.000 0
 22 0.077 1 0.026 -0.256 -0.023 0
 22 0.077 1 0.000 -0.256 0.000 0
 23 0.103 1 0.000 -0.231 0.000 0
 23 0.103 1 0.000 -0.231 0.000 0
 23 0.060 10 0.000 -0.308 0.000 0
 23 0.043 1 -0.026 -0.333 0.023 0
 23 0.043 1 -0.026 -0.308 0.023 0
 23 0.043 1 -0.026 -0.308 0.023 0
 23 0.051 1 -0.053 -0.359 0.000 0
 23 0.051 1 -0.053 -0.308 0.000 0
 23 0.051 1 -0.053 -0.333 0.000 0
 23 0.051 1 -0.079 -0.333 -0.023 0
 23 0.051 1 -0.079 -0.282 -0.045 0
 23 0.043 1 -0.106 -0.282 -0.068 0
 0 0.051 1 -0.106 -0.308 -0.068 0
 0 0.051 1 -0.132 -0.308 -0.091 0
 0 0.026 1 -0.159 -0.308 -0.114 0
 0 0.043 1 -0.185 -0.282 -0.273 0
 0 0.043 1 -0.212 -0.282 -0.341 0
 0 0.077 1 -0.212 -0.308 -0.386 0
 0 0.077 1 -0.238 -0.333 -0.477 0
 0 0.077 1 -0.238 -0.308 -0.523 0
 0 0.068 1 -0.212 -0.282 -0.500 0
 0 0.060 1 -0.238 -0.282 -0.523 0
 0 0.085 1 -0.238 -0.282 -0.523 0
 1 0.085 1 -0.265 -0.308 -0.500 0
 1 0.077 1 -0.265 -0.308 -0.477 0
 1 0.077 1 -0.238 -0.231 -0.409 0
 1 0.085 1 -0.212 -0.231 -0.182 0
 1 0.111 1 -0.185 -0.256 -0.114 0
 1 0.094 1 -0.185 -0.256 -0.023 0
 1 0.120 1 -0.185 -0.256 0.091 0
 1 0.120 1 -0.238 -0.282 0.182 0
 1 0.120 1 -0.265 -0.308 0.205 0
 1 0.137 1 -0.265 -0.256 0.295 0
 1 0.137 6 -0.238 -0.308 0.318 0
 1 0.103 1 -0.212 -0.256 0.295 0
 2 0.103 4 -0.185 -0.231 0.295 0
 2 0.120 7 -0.159 -0.231 0.227 0
 2 0.120 1 -0.185 -0.256 0.205 0
 2 0.094 1 -0.238 -0.256 0.273 0
 2 0.120 1 -0.265 -0.205 0.295 0
 2 0.128 1 -0.212 -0.154 0.250 0
 2 0.128 6 -0.106 -0.154 0.182 0
 2 0.128 7 -0.026 -0.179 0.091 0
 2 0.094 1 -0.026 -0.128 0.045 0
 2 0.077 1 -0.026 -0.051 0.045 0
 2 0.077 6 -0.079 -0.128 0.114 0
 2 0.051 7 -0.132 -0.103 0.136 0
 3 0.068 1 -0.185 -0.077 0.227 0
 3 0.068 1 -0.185 -0.077 0.205 0
 3 0.060 1 -0.132 -0.051 0.136 0
 3 0.060 1 -0.132 -0.026 0.114 0
 3 0.077 6 -0.265 0.000 0.227 0
 3 0.077 1 -0.423 0.000 0.318 0
 3 0.154 1 -0.556 0.026 0.477 0
 3 0.154 1 -0.529 0.103 0.477 0
 3 0.111 1 -0.529 0.051 0.477 0
 3 0.103 1 -0.503 0.077 0.432 0
 3 0.171 1 -0.503 0.128 0.455 0
 4 0.171 1 -0.397 0.128 0.386 0
 4 0.214 1 -0.291 0.179 0.295 0
 4 0.214 1 -0.344 0.205 0.341 0
 4 0.077 1 -0.317 0.256 0.341 0
 4 0.111 1 -0.212 0.205 0.250 0
 4 0.111 1 -0.106 0.231 0.159 0
 4 0.120 1 -0.026 0.231 0.091 0
 4 0.120 1 -0.026 0.231 0.068 0
 4 0.154 1 -0.053 0.282 0.068 0
 4 0.154 1 -0.053 0.205 0.023 0
 4 0.120 1 0.000 0.308 0.000 0
 5 0.120 1 -0.079 0.359 0.000 0
 5 0.120 1 -0.132 0.385 0.068 0
 5 0.179 3 0.053 0.359 -0.023 0
 5 0.179 1 0.079 0.385 -0.068 0
 5 0.282 1 0.159 0.436 -0.114 0
 5 0.282 4 0.185 0.410 -0.091 0
 5 0.188 4 0.185 0.436 -0.114 0
 5 0.188 1 0.185 0.436 -0.136 0
 5 0.231 1 0.291 0.487 -0.182 0
 5 0.231 1 0.317 0.513 -0.159 0
 5 0.111 1 0.291 0.513 -0.182 0
 6 0.128 1 0.238 0.462 -0.136 0
 6 0.128 1 0.132 0.538 -0.091 0
 6 0.171 1 0.000 0.513 -0.023 0
 6 0.188 3 0.079 0.538 -0.045 0
 6 0.188 3 0.053 0.538 -0.045 0
 6 0.154 1 -0.026 0.564 0.000 0
 6 0.154 1 -0.053 0.538 0.023 0
 6 0.154 1 -0.026 0.564 0.045 0
 6 0.188 1 -0.106 0.615 0.091 0
 6 0.188 1 -0.053 0.538 0.068 0
 6 0.188 1 0.026 0.590 0.000 0
 6 0.154 3 0.053 0.513 -0.023 0
 7 0.111 1 0.106 0.487 0.000 0
 7 0.111 1 0.106 0.487 -0.045 0
 7 0.128 1 0.026 0.538 0.000 0
 7 0.128 1 -0.053 0.487 0.068 0
 7 0.111 1 0.000 0.487 0.023 0
 7 0.205 4 0.079 0.487 -0.023 0
 7 0.111 3 0.053 0.487 -0.023 0
 7 0.154 1 0.053 0.462 -0.023 0
 7 0.154 1 0.000 0.359 0.000 0
 7 0.197 1 0.185 0.410 -0.091 0
 7 0.197 1 0.238 0.385 -0.114 0
 8 0.111 1 0.185 0.436 -0.114 0
 8 0.077 1 0.132 0.385 -0.045 0
 8 0.120 1 0.132 0.410 -0.045 0
 8 0.137 1 0.212 0.359 -0.114 0
 8 0.291 1 0.265 0.282 -0.136 0
 8 0.547 1 0.344 0.256 -0.273 0
 8 0.547 3 0.476 0.282 -0.432 0
 8 0.385 1 0.556 0.154 -0.614 0
 8 0.316 1 0.661 0.077 -0.795 0
 8 0.308 1 0.476 0.051 -0.750 0
 9 0.128 1 0.503 0.051 -0.818 0
 9 0.111 1 0.608 0.077 -0.886 0
 9 0.077 6 0.661 0.103 -0.977 0
 9 0.077 1 0.661 0.026 -1.000 0
 9 0.026 1 0.608 0.000 -0.955 0
 9 0.026 9 0.556 -0.077 -0.932 0
 9 0.017 1 0.423 -0.128 -0.795 0
 9 0.017 1 0.291 -0.128 -0.591 0
 9 0.034 1 0.212 -0.179 -0.409 0
 9 0.068 1 0.106 -0.103 -0.273 0
 9 0.103 1 0.053 -0.103 -0.091 0
 9 0.103 1 0.053 -0.179 -0.045 0
 10 0.085 3 0.026 -0.179 -0.023 0
 10 0.085 7 0.026 -0.231 0.000 0
 10 0.077 3 0.053 -0.231 0.000 0
 10 0.077 1 0.053 -0.282 -0.023 0
 10 0.051 1 0.053 -0.256 -0.023 0
 10 0.034 1 0.053 -0.231 0.000 0
 10 0.026 1 0.053 -0.256 -0.068 0
 10 0.060 1 0.053 -0.282 -0.068 0
 10 0.077 1 0.053 -0.179 -0.023 0
 10 0.077 1 0.053 -0.128 -0.091 0
 10 0.103 1 0.026 -0.179 -0.068 0
 10 0.103 1 0.026 -0.205 -0.114 0
 11 0.077 1 0.026 -0.205 -0.091 0
 11 0.103 1 0.000 -0.231 -0.068 0
 11 0.103 1 0.000 -0.256 -0.045 0
 11 0.103 1 0.000 -0.256 -0.045 0
 11 0.103 1 0.000 -0.179 -0.045 0
 11 0.120 7 0.000 -0.179 -0.023 0
 11 0.120 1 0.000 -0.231 0.000 0
 11 0.111 7 0.000 -0.179 0.000 0
 11 0.111 1 0.000 -0.256 0.000 0
 11 0.120 1 0.000 -0.256 0.000 0
 11 0.120 1 0.000 -0.256 0.023 0
 11 0.111 1 0.000 -0.282 0.023 0
 12 0.103 6 0.026 -0.282 0.023 0
 12 0.103 1 0.026 -0.256 0.023 0
 12 0.162 4 0.026 -0.282 0.045 0
 12 0.162 4 0.026 -0.333 0.045 0
 12 0.128 1 0.026 -0.359 0.045 0
 12 0.162 1 0.026 -0.308 0.023 0
 12 0.162 1 0.026 -0.333 0.023 0
 12 0.077 3 0.026 -0.410 0.000 0
 12 0.077 1 0.026 -0.462 0.000 0
 12 0.077 4 0.026 -0.385 0.000 0
 12 0.103 1 0.026 -0.410 -0.023 0
 13 0.103 6 0.000 -0.436 -0.023 0
 13 0.077 9 0.000 -0.462 -0.023 0
 13 0.043 6 0.000 -0.487 -0.045 0
 13 0.068 1 0.000 -0.538 -0.068 0
 13 0.068 9 0.000 -0.538 -0.068 0
 13 0.068 1 0.000 -0.513 -0.068 0
 13 0.094 1 0.000 -0.462 -0.068 0
 13 0.094 1 0.000 -0.462 -0.045 0
 13 0.085 1 0.000 -0.487 -0.045 0
 13 0.085 1 0.000 -0.436 -0.045 0
 13 0.085 1 0.000 -0.385 -0.023 0
 14 0.068 6 0.000 -0.385 -0.023 0
 14 0.085 1 0.000 -0.410 -0.023 0
 14 0.085 1 0.000 -0.436 -0.023 0
 14 0.085 1 0.000 -0.462 0.000 0
 14 0.051 7 0.000 -0.410 0.000 0
 14 0.051 1 0.000 -0.385 0.000 0
 14 0.051 3 0.000 -0.385 0.000 0
 14 0.051 1 0.000 -0.359 0.000 0
 14 0.026 3 0.026 -0.282 0.000 0
 14 0.026 7 0.026 -0.256 0.000 0
 14 0.026 7 0.000 -0.282 0.000 0
 15 0.026 0 0.000 -0.231 0.000 0
 15 0.051 4 0.000 -0.205 0.023 0
 15 0.051 4 0.000 -0.154 0.023 0
 15 0.051 6 0.000 -0.077 0.023 0
 15 0.051 7 0.000 -0.103 0.023 0
 15 0.051 7 0.000 -0.051 0.023 0
 15 0.051 1 0.026 -0.103 0.000 0
 15 0.051 7 0.026 -0.103 0.000 0
 15 0.026 7 0.000 -0.103 0.000 0
 15 0.026 10 0.000 -0.103 0.000 0
 15 0.000 10 0.026 -0.128 0.000 0
 15 0.026 10 0.026 -0.128 -0.023 0
 16 0.051 7 0.026 -0.077 -0.045 0
 16 0.051 7 0.026 -0.051 -0.045 0
 16 0.051 6 0.026 0.000 -0.045 0
 16 0.051 3 0.026 0.051 -0.045 0
 16 0.085 1 0.026 0.077 -0.045 0
 16 0.085 1 0.000 0.103 -0.023 0
 16 0.051 7 0.000 0.077 -0.023 0
 16 0.051 7 0.000 0.103 -0.023 0
 16 0.051 6 0.000 0.077 -0.023 0
 16 0.026 7 0.026 0.103 -0.045 0
 16 0.051 7 0.026 0.128 -0.023 0
 17 0.026 0 0.026 0.103 -0.023 0
 17 0.026 10 0.000 0.103 -0.023 0
 17 0.026 10 0.000 0.077 -0.023 0
 17 0.026 6 0.000 0.051 0.000 0
 17 0.026 7 0.000 0.128 0.000 0
 17 0.026 3 0.000 0.103 0.000 0
 17 0.009 9 0.000 0.128 0.000 0
 17 0.000 9 0.000 0.205 0.000 0
 17 0.000 10 0.000 0.205 0.000 0
 17 0.000 10 -0.026 0.256 0.045 0
 17 0.000 10 -0.026 0.256 0.045 0
 17 0.026 3 -0.026 0.282 0.045 0
 18 0.026 7 0.000 0.282 0.045 0
 18 0.026 9 0.000 0.256 0.045 0
 18 0.000 9 0.000 0.205 0.023 0
 18 0.000 7 0.000 0.231 0.023 0
 18 0.000 6 0.000 0.231 0.023 0
 18 0.000 4 0.000 0.179 0.000 0
 18 0.026 4 0.000 0.231 -0.023 0
 18 0.026 7 0.000 0.205 -0.023 0
 18 0.034 1 0.000 0.256 -0.045 0
 18 0.051 1 0.000 0.256 -0.068 0
 18 0.051 3 0.000 0.308 -0.114 0
 18 0.060 6 0.000 0.333 -0.136 0
 19 0.060 6 0.000 0.359 -0.136 0
 19 0.060 4 0.000 0.410 -0.159 0
 19 0.060 1 0.026 0.410 -0.182 0
 19 0.051 3 0.026 0.436 -0.182 0
 19 0.034 1 0.026 0.487 -0.159 0
 19 0.043 1 0.026 0.462 -0.136 0
 19 0.043 1 0.026 0.385 -0.136 0
 19 0.043 1 0.026 0.385 -0.136 0
 19 0.034 1 0.026 0.385 -0.114 0
 19 0.051 1 0.026 0.410 -0.091 0
 19 0.051 1 0.026 0.308 -0.068 0
 19 0.026 1 0.026 0.282 -0.068 0
 20 0.043 1 0.026 0.282 -0.045 0
 20 0.043 1 0.000 0.282 -0.023 0
 20 0.026 1 0.000 0.282 -0.023 0
 20 0.026 1 0.000 0.231 -0.023 0
 20 0.051 1 0.000 0.282 -0.023 0
 20 0.051 7 0.000 0.205 -0.023 0
 20 0.034 3 0.000 0.179 -0.023 0
 20 0.043 1 0.000 0.179 -0.045 0
 20 0.051 1 0.000 0.128 -0.023 0
 20 0.051 6 0.000 0.077 -0.023 0
 20 0.060 6 0.000 0.103 -0.023 0
 20 0.077 7 0.000 0.026 -0.023 0
 21 0.051 6 0.000 -0.026 -0.023 0
 21 0.051 7 0.000 0.000 -0.023 0
 21 0.051 1 0.000 -0.077 -0.023 0
 21 0.051 3 0.000 -0.179 -0.023 0
 21 0.068 1 0.000 -0.154 -0.023 0
 21 0.068 1 0.000 -0.179 -0.023 0
 21 0.051 3 0.000 -0.179 0.000 0
 21 0.085 1 0.000 -0.205 0.000 0
 21 0.085 1 0.026 -0.231 0.000 0
 21 0.051 1 0.026 -0.154 0.000 0
 21 0.043 1 0.026 -0.154 0.000 0
 22 0.051 1 0.026 -0.154 0.000 0
 22 0.051 1 0.026 -0.179 0.000 0
 22 0.034 1 0.026 -0.205 0.000 0
 22 0.051 1 0.026 -0.205 -0.023 0
 22 0.051 1 0.026 -0.256 -0.023 0
 22 0.077 1 0.053 -0.179 -0.023 0
 22 0.077 1 0.053 -0.179 -0.023 0
 22 0.077 1 0.053 -0.231 -0.023 0
 22 0.077 1 0.026 -0.231 -0.023 0
 22 0.077 1 0.026 -0.231 -0.023 0
 22 0.068 1 0.000 -0.282 -0.023 0
 22 0.051 6 0.000 -0.231 -0.023 0
 23 0.051 6 0.000 -0.231 0.000 0
 23 0.077 6 0.000 -0.231 0.000 0
 23 0.077 1 0.000 -0.256 0.045 0
 23 0.068 1 0.000 -0.205 0.045 0
 23 0.068 1 -0.053 -0.205 0.068 0
 23 0.051 3 -0.053 -0.205 0.091 0
 23 0.060 3 -0.053 -0.205 0.114 0
 23 0.077 1 -0.079 -0.231 0.136 0
 23 0.077 1 -0.079 -0.256 0.136 0
 23 0.085 1 -0.053 -0.308 0.136 0
 23 0.085 1 -0.053 -0.333 0.159 0
 0 0.085 1 -0.053 -0.333 0.136 0
 0 0.085 1 -0.053 -0.308 0.136 0
 0 0.077 1 -0.053 -0.359 0.114 0
 0 0.077 1 -0.079 -0.333 0.114 0
 0 0.077 1 -0.053 -0.333 0.091 0
 0 0.051 1 -0.053 -0.385 0.091 0
 0 0.060 1 -0.053 -0.410 0.091 0
 0 0.060 1 -0.053 -0.410 0.068 0
 0 0.051 1 -0.079 -0.385 0.091 0
 0 0.051 1 -0.079 -0.436 0.136 0
 0 0.051 1 -0.106 -0.410 0.136 0
 0 0.077 1 -0.106 -0.410 0.182 0
 1 0.077 1 -0.132 -0.410 0.182 0
 1 0.051 1 -0.132 -0.410 0.205 0
 1 0.051 1 -0.132 -0.385 0.227 0
 1 0.051 1 -0.212 -0.410 0.341 0
 1 0.077 1 -0.238 -0.410 0.386 0
 1 0.103 1 -0.317 -0.385 0.455 0
 1 0.103 1 -0.344 -0.436 0.545 0
 1 0.051 1 -0.344 -0.410 0.568 0
 1 0.051 1 -0.344 -0.385 0.545 0
 1 0.085 7 -0.291 -0.359 0.477 0
 1 0.068 9 -0.317 -0.333 0.455 0
 1 0.051 7 -0.317 -0.333 0.523 0
 2 0.051 1 -0.370 -0.282 0.523 0
 2 0.051 1 -0.370 -0.256 0.568 0
 2 0.051 1 -0.344 -0.256 0.523 0
 2 0.051 1 -0.370 -0.256 0.523 0
 2 0.043 1 -0.344 -0.256 0.477 0
 2 0.043 1 -0.344 -0.205 0.455 0
 2 0.034 1 -0.370 -0.205 0.455 0
 2 0.034 1 -0.397 -0.179 0.432 0
 2 0.051 1 -0.397 -0.154 0.477 0
 2 0.051 1 -0.291 -0.154 0.386 0
 2 0.077 1 -0.212 -0.154 0.250 0
 3 0.077 4 -0.106 -0.179 0.182 0
 3 0.060 1 -0.053 -0.128 0.091 0
 3 0.068 1 -0.053 -0.103 0.091 0
 3 0.068 3 -0.026 -0.077 0.023 0
 3 0.060 1 0.000 -0.051 0.000 0
 3 0.060 1 0.026 -0.051 -0.045 0
 3 0.111 1 0.079 0.000 -0.045 0
 3 0.128 1 0.132 0.026 -0.068 0
 3 0.128 1 0.159 0.051 -0.114 0
 3 0.128 4 0.106 0.077 -0.091 0
 3 0.128 7 0.053 0.103 -0.023 0
 4 0.231 7 -0.026 0.205 0.045 0
 4 0.231 6 0.026 0.179 0.000 0
 4 0.188 3 0.159 0.205 -0.159 0
 4 0.162 7 0.212 0.231 -0.182 0
 4 0.162 6 0.212 0.282 -0.182 0
 4 0.137 3 0.159 0.333 -0.114 0
 4 0.120 6 0.079 0.308 -0.068 0
 4 0.120 1 0.026 0.385 -0.023 0
 4 0.128 1 -0.053 0.410 0.045 0
 4 0.128 7 -0.132 0.410 0.136 0
 4 0.077 7 -0.212 0.436 0.182 0
 4 0.094 1 -0.291 0.436 0.250 0
 5 0.094 1 -0.370 0.487 0.341 0
 5 0.188 1 -0.397 0.487 0.409 0
 5 0.128 1 -0.370 0.513 0.409 0
 5 0.077 1 -0.317 0.513 0.341 0
 5 0.077 1 -0.212 0.513 0.227 0
 5 0.103 3 -0.106 0.564 0.136 0
 5 0.068 1 -0.106 0.590 0.114 0
 5 0.068 1 -0.053 0.615 0.091 0
 5 0.120 1 0.000 0.590 0.023 0
 5 0.120 3 0.132 0.641 -0.068 0
 5 0.103 6 0.238 0.590 -0.159 0
 6 0.103 1 0.212 0.538 -0.182 0
 6 0.111 7 0.185 0.564 -0.159 0
 6 0.137 4 0.159 0.590 -0.159 0
 6 0.137 1 0.106 0.615 -0.114 0
 6 0.188 6 0.106 0.590 -0.091 0
 6 0.188 1 0.132 0.564 -0.182 0
 6 0.179 1 0.159 0.590 -0.159 0
 6 0.154 1 0.106 0.564 -0.136 0
 6 0.111 1 0.053 0.564 -0.068 0
 6 0.128 1 -0.053 0.590 0.000 0
 6 0.154 6 -0.026 0.564 0.000 0
 6 0.154 6 0.079 0.590 -0.023 0
 7 0.145 1 0.079 0.564 -0.068 0
 7 0.077 1 0.053 0.513 -0.068 0
 7 0.162 6 0.079 0.513 -0.068 0
 7 0.162 7 0.132 0.538 -0.136 0
 7 0.188 7 0.132 0.538 -0.136 0
 7 0.188 7 0.185 0.513 -0.182 0
 7 0.154 1 0.238 0.487 -0.227 0
 7 0.111 6 0.265 0.462 -0.273 0
 7 0.111 9 0.265 0.487 -0.227 0
 7 0.077 1 0.185 0.410 -0.159 0
 7 0.077 3 0.053 0.436 -0.114 0
 8 0.111 1 0.000 0.385 -0.023 0
 8 0.154 7 0.026 0.308 0.000 0
 8 0.239 7 0.079 0.282 -0.045 0
 8 0.239 7 0.053 0.308 -0.045 0
 8 0.120 7 0.026 0.282 0.000 0
 8 0.077 7 0.000 0.308 -0.023 0
 8 0.077 9 0.000 0.333 0.000 0
 8 0.111 7 0.053 0.282 -0.023 0
 8 0.111 7 0.106 0.205 -0.091 0
 8 0.077 3 0.159 0.179 -0.182 0
 8 0.154 1 0.238 0.128 -0.250 0
 8 0.154 1 0.265 0.103 -0.341 0
 9 0.128 1 0.291 0.103 -0.386 0
 9 0.231 1 0.265 0.154 -0.386 0
 9 0.239 1 0.238 0.103 -0.364 0
 9 0.265 1 0.238 -0.026 -0.386 0
 9 0.265 1 0.238 0.000 -0.386 0
 9 0.205 1 0.238 -0.026 -0.409 0
 9 0.214 6 0.238 -0.051 -0.432 0
 9 0.214 1 0.238 -0.103 -0.455 0
 9 0.214 1 0.265 -0.103 -0.455 0
 9 0.103 1 0.238 -0.128 -0.432 0
 9 0.239 1 0.238 -0.179 -0.386 0
 10 0.239 1 0.212 -0.154 -0.409 0
 10 0.231 7 0.185 -0.154 -0.364 0
 10 0.248 1 0.185 -0.154 -0.318 0
 10 0.248 1 0.159 -0.205 -0.227 0
 10 0.171 1 0.132 -0.179 -0.205 0
 10 0.171 1 0.106 -0.231 -0.182 0
 10 0.128 7 0.079 -0.256 -0.136 0
 10 0.111 7 0.079 -0.256 -0.091 0
 10 0.120 6 0.079 -0.256 -0.068 0
 10 0.162 7 0.079 -0.256 -0.023 0
 10 0.162 3 0.079 -0.179 -0.023 0
 10 0.145 1 0.053 -0.231 0.091 0
 11 0.103 1 0.053 -0.231 0.091 0
 11 0.103 7 0.000 -0.282 0.091 0
 11 0.077 6 0.000 -0.256 0.068 0
 11 0.111 4 0.000 -0.205 0.068 0
 11 0.111 7 0.000 -0.205 0.068 0
 11 0.077 1 0.000 -0.256 0.068 0
 11 0.077 1 0.000 -0.282 0.045 0
 11 0.094 7 -0.026 -0.308 0.045 0
 11 0.103 7 -0.026 -0.385 0.023 0
 11 0.103 7 -0.026 -0.385 0.000 0
 11 0.085 7 -0.026 -0.333 -0.045 0
 11 0.085 1 -0.026 -0.308 -0.045 0
 12 0.085 1 0.000 -0.333 -0.045 0
 12 0.103 1 0.000 -0.385 -0.068 0
 12 0.103 1 0.000 -0.410 -0.045 0
 12 0.077 1 0.000 -0.410 -0.045 0
 12 0.077 1 0.000 -0.410 -0.068 0
 12 0.085 1 0.000 -0.462 -0.068 0
 12 0.085 1 0.000 -0.462 -0.068 0
 12 0.103 1 0.000 -0.436 -0.091 0
 12 0.103 1 0.000 -0.436 -0.068 0
 12 0.077 1 0.000 -0.538 -0.068 0
 12 0.077 1 0.000 -0.513 -0.068 0
 13 0.051 1 0.000 -0.487 -0.091 0
 13 0.051 1 0.000 -0.487 -0.068 0
 13 0.051 1 0.000 -0.487 -0.068 0
 13 0.051 7 0.026 -0.436 -0.068 0
 13 0.085 1 0.026 -0.487 -0.045 0
 13 0.085 6 0.026 -0.436 -0.068 0
 13 0.085 1 0.026 -0.385 -0.045 0
 13 0.085 4 0.026 -0.385 -0.023 0
 13 0.077 1 0.026 -0.359 -0.023 0
 13 0.068 9 0.026 -0.333 -0.023 0
 13 0.051 1 0.026 -0.359 -0.023 0
 13 0.051 1 0.026 -0.410 -0.023 0
 14 0.060 1 0.026 -0.333 -0.023 0
 14 0.060 1 0.026 -0.308 -0.023 0
 14 0.051 1 0.000 -0.308 -0.023 0
 14 0.051 1 0.000 -0.308 -0.023 0
 14 0.051 1 0.000 -0.282 0.000 0
 14 0.051 7 0.000 -0.256 -0.023 0
 14 0.051 1 0.000 -0.231 -0.023 0
 14 0.051 1 0.000 -0.231 -0.023 0
 14 0.051 6 0.000 -0.256 -0.023 0
 14 0.060 1 0.000 -0.179 -0.023 0
 14 0.068 7 0.000 -0.154 0.000 0
 15 0.068 4 0.000 -0.154 0.000 0
 15 0.060 1 0.000 -0.179 0.000 0
 15 0.043 7 0.000 -0.154 0.000 0
 15 0.026 10 0.000 -0.128 0.000 0
 15 0.043 6 0.000 -0.128 0.000 0
 15 0.043 7 0.000 -0.128 0.000 0
 15 0.026 7 0.000 -0.128 0.000 0
 15 0.034 6 0.000 -0.103 0.000 0
 15 0.034 7 0.000 -0.077 0.000 0
 15 0.051 7 0.000 -0.051 0.000 0
 15 0.060 7 0.000 -0.077 0.000 0
 15 0.060 1 0.000 0.000 0.000 0
 16 0.060 7 0.000 0.000 0.000 0
 16 0.051 7 0.000 0.051 0.000 0
 16 0.043 7 0.000 0.077 0.000 0
 16 0.051 7 0.000 0.051 0.000 0
 16 0.051 7 0.026 0.051 0.000 0
 16 0.077 4 0.026 0.103 -0.023 0
 16 0.085 1 0.026 0.128 -0.023 0
 16 0.085 1 0.026 0.154 -0.023 0
 16 0.085 4 0.026 0.205 -0.023 0
 16 0.043 3 0.026 0.179 -0.045 0
 16 0.051 1 0.026 0.179 -0.045 0
 16 0.060 3 0.026 0.154 -0.045 0
 17 0.060 6 0.026 0.154 -0.068 0
 17 0.060 7 0.053 0.154 -0.068 0
 17 0.060 7 0.053 0.179 -0.068 0
 17 0.051 9 0.026 0.205 -0.068 0
 17 0.060 1 0.026 0.231 -0.068 0
 17 0.077 1 0.026 0.205 -0.068 0
 17 0.085 3 0.026 0.282 -0.068 0
 17 0.085 1 0.026 0.282 -0.068 0
 17 0.068 1 0.026 0.256 -0.068 0
 17 0.034 7 0.026 0.308 -0.068 0
 17 0.026 7 0.026 0.282 -0.045 0
 17 0.026 7 0.026 0.282 -0.045 0
 18 0.034 7 0.000 0.256 -0.045 0
 18 0.051 7 0.000 0.231 -0.045 0
 18 0.068 7 0.000 0.282 -0.045 0
 18 0.068 1 0.000 0.282 -0.023 0
 18 0.051 1 0.000 0.256 -0.023 0
 18 0.051 3 0.000 0.231 -0.023 0
 18 0.034 1 0.000 0.205 -0.023 0
 18 0.043 1 0.000 0.231 -0.023 0
 18 0.060 0 0.000 0.231 -0.023 0
 18 0.060 1 0.000 0.282 -0.045 0
 18 0.051 1 0.000 0.256 -0.023 0
 19 0.051 1 0.026 0.308 -0.023 0
 19 0.051 4 0.000 0.282 -0.023 0
 19 0.060 1 0.026 0.205 -0.045 0
 19 0.060 1 0.026 0.128 -0.045 0
 19 0.051 1 0.026 0.103 -0.045 0
 19 0.043 9 0.026 0.128 -0.045 0
 19 0.043 7 0.026 0.103 -0.045 0
 19 0.026 10 0.026 0.103 -0.023 0
 19 0.026 10 0.026 0.103 -0.023 0
 19 0.026 10 0.026 0.103 -0.023 0
 19 0.051 10 0.026 0.103 -0.023 0
 19 0.051 10 0.000 0.051 -0.023 0
 20 0.026 10 0.026 0.077 -0.023 0
 20 0.026 7 0.000 0.103 0.000 0
 20 0.000 6 0.000 0.103 0.000 0
 20 0.026 7 0.000 0.051 -0.023 0
 20 0.051 7 0.000 0.077 -0.023 0
 20 0.051 9 0.000 0.077 0.000 0
 20 0.051 7 0.000 0.077 0.000 0
 20 0.034 10 0.000 0.077 0.000 0
 20 0.026 10 0.000 0.077 0.000 0
 20 0.000 10 0.000 0.000 0.000 0
 20 0.000 10 0.000 0.077 0.000 0
 20 0.026 7 0.000 0.077 -0.023 0
 21 0.026 6 0.000 0.051 -0.023 0
 21 0.026 7 0.000 0.051 -0.045 0
 21 0.026 7 0.000 0.103 -0.023 0
 21 0.051 7 0.000 0.103 0.000 0
 21 0.060 9 -0.026 0.128 0.000 0
 21 0.060 9 -0.026 0.077 -0.023 0
 21 0.060 7 0.000 0.051 0.000 0
 21 0.060 9 0.000 0.051 -0.023 0
 21 0.077 7 0.000 0.026 -0.023 0
 21 0.077 4 0.000 0.026 -0.023 0
 21 0.068 6 0.000 0.077 0.000 0
 21 0.068 4 0.000 0.026 0.000 0
 22 0.060 1 0.000 0.000 0.023 0
 22 0.085 1 0.000 -0.051 0.023 0
 22 0.085 1 0.026 0.051 -0.023 0
 22 0.077 1 0.053 0.026 -0.045 0
 22 0.077 1 0.053 -0.026 -0.045 0
 22 0.085 1 0.026 -0.026 -0.068 0
 22 0.094 1 0.026 0.000 -0.045 0
 22 0.077 6 0.026 -0.051 -0.068 0
 22 0.077 6 0.026 -0.051 -0.068 0
 22 0.068 6 0.026 -0.103 -0.068 0
 22 0.060 6 0.000 -0.128 -0.068 0