 6 0.265 1 0.132 0.385 -0.136 0
 6 0.410 1 0.106 0.385 -0.091 0
 6 0.410 1 0.026 0.436 0.000 0
 6 0.444 1 0.026 0.436 0.000 0
 6 0.444 3 0.026 0.487 -0.023 0
 6 0.256 1 0.053 0.513 -0.045 0
 6 0.291 1 0.053 0.513 -0.045 0
 6 0.291 1 0.000 0.513 0.000 0
 6 0.256 1 -0.026 0.487 -0.023 0
 6 0.214 3 -0.159 0.538 0.159 0
 6 0.376 1 -0.079 0.513 0.136 1
 6 0.376 1 -0.026 0.487 0.068 1
 7 0.385 1 0.026 0.487 0.000 1
 7 0.462 1 0.106 0.436 -0.091 1
 7 0.530 1 0.132 0.462 -0.114 1
 7 0.453 1 0.106 0.385 -0.068 1
 7 0.350 1 0.132 0.282 -0.136 1
 7 0.419 1 0.212 0.359 -0.159 1
 7 0.419 1 0.265 0.333 -0.227 1
 7 0.385 3 0.265 0.333 -0.205 1
 7 0.385 1 0.291 0.333 -0.295 1
 7 0.385 1 0.238 0.205 -0.227 1
 7 0.385 3 0.185 0.205 -0.205 1
 7 0.308 1 0.159 0.231 -0.182 1
 8 0.274 1 0.132 0.231 -0.136 1
 8 0.274 1 0.132 0.154 -0.159 1
 8 0.239 1 0.185 0.128 -0.227 1
 8 0.350 1 0.185 0.103 -0.205 0
 8 0.350 1 0.132 0.103 -0.182 0
 8 0.265 1 0.106 0.103 -0.136 0
 8 0.265 1 0.079 0.051 -0.068 0
 8 0.265 1 0.079 0.026 -0.068 0
 8 0.265 1 0.053 0.000 -0.091 0
 8 0.265 1 0.079 0.000 -0.068 0
 8 0.231 1 0.053 0.000 -0.091 0
 8 0.154 1 0.053 -0.051 -0.136 0
 9 0.188 1 0.053 -0.051 -0.136 0
 9 0.188 1 0.079 -0.128 -0.114 0
 9 0.120 1 0.079 -0.077 -0.068 0
 9 0.120 1 0.106 -0.051 0.000 0
 9 0.171 1 0.106 -0.154 0.068 0
 9 0.274 1 0.132 -0.154 0.091 0
 9 0.453 1 0.238 -0.179 0.182 0
 9 0.453 1 0.291 -0.205 0.364 0
 9 0.291 1 0.291 -0.154 0.455 0
 9 0.291 1 0.291 -0.154 0.500 0
 9 0.111 1 0.291 -0.154 0.568 0
 9 0.094 1 0.291 -0.128 0.591 0
 10 0.094 1 0.291 -0.128 0.568 0
 10 0.034 1 0.265 -0.128 0.568 0
 10 0.043 1 0.238 -0.154 0.500 0
 10 0.043 1 0.238 -0.128 0.432 0
 10 0.034 1 0.185 -0.154 0.386 0
 10 0.043 3 0.079 -0.128 0.318 0
 10 0.043 7 0.026 -0.154 0.159 0
 10 0.026 7 0.000 -0.128 0.091 0
 10 0.026 7 0.000 -0.179 0.068 0
 10 0.026 1 0.000 -0.154 0.068 0
 10 0.051 1 0.000 -0.154 0.068 0
 10 0.060 1 -0.026 -0.128 0.068 0
 11 0.060 1 -0.026 -0.154 0.045 0
 11 0.060 1 0.000 -0.154 0.068 0
 11 0.085 1 0.000 -0.154 0.068 0
 11 0.085 1 0.026 -0.077 0.068 0
 11 0.094 1 0.026 -0.128 0.068 0
 11 0.094 1 0.026 -0.128 0.045 0
 11 0.077 1 0.026 -0.103 0.045 0
 11 0.068 1 0.026 -0.128 0.045 0
 11 0.077 1 0.026 -0.154 0.023 0
 11 0.077 1 0.026 -0.154 0.023 0
 11 0.103 1 0.026 -0.179 0.023 0
 12 0.103 1 0.026 -0.179 0.023 0
 12 0.077 1 0.000 -0.205 0.000 0
 12 0.043 1 0.000 -0.231 0.000 0
 12 0.051 1 0.000 -0.256 0.000 0
 12 0.068 1 0.000 -0.256 0.000 0
 12 0.068 1 0.000 -0.231 0.000 0
 12 0.085 1 0.000 -0.282 0.000 0
 12 0.085 1 0.000 -0.308 0.000 0
 12 0.051 1 0.000 -0.308 0.000 0
 12 0.060 1 0.000 -0.282 0.000 0
 12 0.068 1 0.000 -0.333 0.000 0
 12 0.068 1 0.000 -0.308 0.000 0
 13 0.077 1 0.026 -0.282 0.000 0
 13 0.077 1 0.026 -0.333 0.000 0
 13 0.060 1 0.026 -0.308 -0.023 0
 13 0.060 1 0.026 -0.359 -0.023 0
 13 0.043 6 0.026 -0.308 -0.023 0
 13 0.043 1 0.026 -0.282 -0.023 0
 13 0.043 9 0.026 -0.308 -0.023 0
 13 0.026 1 0.026 -0.308 -0.023 0
 13 0.051 1 0.026 -0.256 -0.023 0
 13 0.051 1 0.026 -0.308 -0.023 0
 13 0.051 1 0.026 -0.308 -0.023 0
 13 0.051 1 0.000 -0.282 -0.023 0
 14 0.051 1 0.000 -0.231 -0.023 0
 14 0.034 1 0.000 -0.282 0.000 0
 14 0.034 1 0.000 -0.282 0.000 0
 14 0.051 1 0.000 -0.282 0.000 0
 14 0.051 1 0.000 -0.333 0.000 0
 14 0.043 1 0.000 -0.256 0.000 0
 14 0.026 6 0.000 -0.256 0.000 0
 14 0.026 7 0.000 -0.256 0.000 0
 14 0.000 9 0.000 -0.231 0.000 0
 14 0.026 7 0.000 -0.179 0.000 0
 14 0.026 3 0.000 -0.179 0.000 0
 14 0.017 6 0.000 -0.205 0.000 0
 15 0.000 7 0.000 -0.154 0.000 0
 15 0.000 9 0.000 -0.179 0.000 0
 15 0.000 4 0.000 -0.154 0.000 0
 15 0.000 9 0.000 -0.154 0.000 0
 15 0.026 9 0.000 -0.179 0.000 0
 15 0.026 6 0.000 -0.154 0.000 0
 15 0.026 6 0.000 -0.154 0.000 0
 15 0.026 9 0.000 -0.179 0.000 0
 15 0.026 9 0.000 -0.154 0.000 0
 15 0.000 7 0.000 -0.154 0.000 0
 15 0.000 1 0.000 -0.154 0.000 0
 15 0.051 1 0.000 -0.205 0.000 0
 16 0.051 1 0.000 -0.128 0.000 0
 16 0.043 1 0.000 -0.154 0.000 0
 16 0.051 1 0.000 -0.077 0.000 0
 16 0.068 1 -0.026 -0.026 0.000 0
 16 0.068 1 -0.026 -0.026 0.000 0
 16 0.051 1 -0.026 0.000 0.000 0
 16 0.026 1 -0.026 0.000 0.000 0
 16 0.026 1 -0.026 -0.026 0.000 0
 16 0.034 7 -0.026 -0.026 0.000 0
 16 0.034 6 -0.026 0.051 -0.023 0
 16 0.043 6 -0.026 0.026 0.000 0
 16 0.043 6 -0.026 0.051 0.000 0
 17 0.034 7 -0.026 0.103 0.000 0
 17 0.026 6 -0.026 0.103 0.000 0
 17 0.034 6 0.000 0.077 0.000 0
 17 0.060 6 0.000 0.128 0.000 0
 17 0.060 6 0.000 0.154 0.000 0
 17 0.060 1 -0.026 0.179 0.000 0
 17 0.060 4 -0.026 0.179 0.000 0
 17 0.060 3 -0.026 0.205 0.000 0
 17 0.068 4 -0.026 0.256 0.045 0
 17 0.094 4 -0.026 0.231 0.023 0
 17 0.103 1 -0.026 0.256 0.023 0
 17 0.137 3 -0.026 0.231 0.023 0
 18 0.137 4 -0.026 0.308 0.023 0
 18 0.103 1 -0.026 0.231 0.023 0
 18 0.103 4 -0.026 0.205 0.023 0
 18 0.154 4 -0.026 0.205 0.023 0
 18 0.128 3 0.000 0.205 0.023 0
 18 0.111 1 0.000 0.205 0.023 0
 18 0.154 7 0.000 0.231 0.023 0
 18 0.154 6 0.000 0.231 0.000 0
 18 0.103 1 0.000 0.128 0.000 0
 18 0.103 4 0.000 0.205 0.000 0
 18 0.103 1 0.000 0.205 0.000 0
 19 0.068 1 0.000 0.179 0.000 0
 19 0.128 3 0.000 0.205 0.000 0
 19 0.128 1 0.000 0.256 0.000 0
 19 0.128 3 0.000 0.231 0.000 0
 19 0.162 3 0.000 0.205 0.000 0
 19 0.162 6 0.000 0.231 0.000 0
 19 0.128 1 0.000 0.256 0.000 0
 19 0.120 3 0.000 0.205 0.000 0
 19 0.103 3 0.000 0.231 0.000 0
 19 0.128 1 0.000 0.282 0.000 0
 19 0.128 4 0.000 0.282 0.000 0
 19 0.154 4 0.000 0.282 0.000 0
 20 0.154 6 0.000 0.231 0.000 0
 20 0.094 6 0.000 0.256 0.000 0
 20 0.094 4 0.000 0.308 0.000 0
 20 0.060 4 0.000 0.256 0.000 0
 20 0.077 6 0.000 0.256 0.000 0
 20 0.077 4 0.000 0.282 0.000 0
 20 0.103 4 0.000 0.282 0.000 0
 20 0.103 1 0.000 0.308 0.000 0
 20 0.085 1 0.000 0.359 0.000 0
 20 0.085 3 0.000 0.333 0.000 0
 20 0.077 4 0.000 0.282 0.000 0
 20 0.077 1 0.000 0.308 0.000 0
 21 0.085 4 0.000 0.256 0.000 0
 21 0.085 3 0.000 0.256 0.000 0
 21 0.051 1 0.000 0.205 0.000 0
 21 0.060 4 0.000 0.205 0.000 0
 21 0.077 4 0.000 0.154 0.000 0
 21 0.085 4 0.000 0.128 0.000 0
 21 0.085 6 0.000 0.154 0.000 0
 21 0.051 6 0.000 0.077 0.000 0
 21 0.051 3 0.000 0.051 0.000 0
 21 0.051 4 0.000 0.026 0.000 0
 21 0.051 4 0.000 -0.026 0.000 0
 21 0.051 6 0.000 -0.026 0.000 0
 22 0.034 3 0.000 -0.051 0.000 0
 22 0.051 4 0.000 -0.103 0.000 0
 22 0.068 4 0.000 -0.103 0.000 0
 22 0.077 1 0.000 -0.154 0.000 0
 22 0.077 3 0.000 -0.179 0.000 0
 22 0.051 1 0.000 -0.205 -0.023 0
 22 0.085 4 0.000 -0.231 -0.023 0
 22 0.085 3 0.000 -0.308 -0.023 0
 22 0.068 1 0.000 -0.308 -0.023 0
 22 0.077 6 0.000 -0.282 0.000 0
 22 0.103 4 0.000 -0.333 0.000 0
 22 0.103 3 0.000 -0.308 0.000 0
 23 0.094 6 0.000 -0.359 0.000 0
 23 0.103 6 0.000 -0.282 0.000 0
 23 0.120 6 0.000 -0.308 0.000 0
 23 0.120 4 -0.026 -0.256 0.000 0
 23 0.111 1 -0.026 -0.282 0.023 0
 23 0.111 1 -0.026 -0.308 0.045 0
 23 0.103 3 -0.026 -0.308 0.045 0
 23 0.103 4 -0.053 -0.308 0.045 0
 23 0.103 3 -0.053 -0.282 0.023 0
 23 0.103 1 -0.053 -0.256 0.023 0
 23 0.145 6 -0.053 -0.282 0.023 0
 23 0.145 3 -0.079 -0.282 0.023 0
 0 0.111 4 -0.079 -0.308 0.023 0
 0 0.111 1 -0.106 -0.282 0.023 0
 0 0.154 1 -0.079 -0.308 0.023 0
 0 0.154 1 -0.079 -0.256 0.023 0
 0 0.154 1 -0.106 -0.256 -0.023 0
 0 0.154 1 -0.132 -0.282 -0.023 0
 0 0.231 4 -0.132 -0.231 -0.068 0
 0 0.231 1 -0.159 -0.231 -0.205 0
 0 0.214 1 -0.185 -0.256 -0.295 0
 0 0.214 1 -0.212 -0.231 -0.318 0
 0 0.171 1 -0.238 -0.256 -0.477 0
 1 0.120 1 -0.265 -0.231 -0.545 0
 1 0.120 1 -0.265 -0.256 -0.614 0
 1 0.214 3 -0.265 -0.256 -0.614 0
 1 0.214 1 -0.291 -0.282 -0.614 0
 1 0.214 1 -0.291 -0.256 -0.568 0
 1 0.214 1 -0.265 -0.205 -0.568 0
 1 0.214 3 -0.238 -0.205 -0.523 0
 1 0.222 3 -0.212 -0.179 -0.364 0
 1 0.222 1 -0.159 -0.205 -0.318 0
 1 0.231 3 -0.159 -0.154 -0.250 0
 1 0.231 1 -0.079 -0.154 -0.114 0
 1 0.222 1 -0.053 -0.154 -0.068 0
 2 0.188 1 -0.079 -0.103 0.045 0
 2 0.265 1 -0.106 -0.103 0.091 0
 2 0.265 1 -0.079 -0.051 0.091 0
 2 0.231 1 -0.053 -0.051 0.068 0
 2 0.222 1 -0.053 0.000 0.091 0
 2 0.214 1 -0.106 0.026 0.136 0
 2 0.188 1 -0.132 0.026 0.136 0
 2 0.239 1 -0.185 0.026 0.250 0
 2 0.316 3 -0.159 0.051 0.205 0
 2 0.342 3 -0.212 0.077 0.250 0
 2 0.342 3 -0.185 0.103 0.273 0
 2 0.342 1 -0.132 0.077 0.227 0
 3 0.342 1 -0.106 0.128 0.205 0
 3 0.308 1 -0.079 0.179 0.182 0
 3 0.308 4 -0.026 0.179 0.114 0
 3 0.308 4 -0.053 0.205 0.136 0
 3 0.308 1 0.000 0.154 0.091 0
 3 0.342 1 0.026 0.179 0.045 0
 3 0.342 3 0.106 0.179 -0.068 0
 3 0.308 3 0.132 0.231 -0.091 0
 3 0.188 1 0.106 0.205 -0.068 0
 3 0.188 1 0.053 0.256 -0.045 0
 3 0.239 1 0.000 0.282 0.000 0
 3 0.248 1 -0.079 0.282 0.091 0
 4 0.248 1 -0.106 0.308 0.114 0
 4 0.376 1 -0.159 0.308 0.227 0
 4 0.376 3 -0.079 0.308 0.136 0
 4 0.385 1 -0.026 0.282 0.045 0
 4 0.385 1 0.000 0.256 0.045 0
 4 0.342 1 -0.079 0.308 0.159 0
 4 0.342 1 -0.159 0.308 0.182 0
 4 0.385 1 -0.079 0.308 0.159 0
 4 0.385 1 -0.106 0.282 0.182 0
 4 0.308 3 -0.106 0.282 0.136 0
 4 0.239 1 -0.053 0.308 0.068 0
 4 0.265 1 0.000 0.333 0.000 0
 5 0.265 1 -0.053 0.333 0.000 0
 5 0.274 1 -0.079 0.359 0.045 0
 5 0.308 4 -0.053 0.359 0.068 0
 5 0.308 1 -0.053 0.385 0.068 0
 5 0.342 1 -0.079 0.410 0.068 0
 5 0.342 3 -0.026 0.385 0.068 0
 5 0.427 4 -0.026 0.385 0.023 0
 5 0.427 1 0.026 0.436 -0.023 0
 5 0.376 1 0.053 0.436 -0.023 0
 5 0.325 1 0.026 0.462 -0.023 0
 5 0.282 1 0.000 0.436 0.045 0
 5 0.316 4 0.079 0.410 -0.068 0
 6 0.350 1 0.000 0.410 0.000 0
 6 0.350 1 -0.079 0.436 0.045 0
 6 0.342 1 -0.159 0.410 0.136 0
 6 0.342 1 -0.132 0.487 0.114 0
 6 0.265 3 -0.106 0.462 0.091 0
 6 0.291 3 -0.079 0.487 0.068 0
 6 0.291 3 -0.106 0.513 0.091 0
 6 0.342 1 -0.106 0.513 0.114 0
 6 0.342 1 -0.026 0.538 0.091 0
 6 0.385 4 0.000 0.590 0.023 0
 6 0.385 1 -0.053 0.513 0.114 0
 6 0.427 1 0.000 0.487 0.068 0
 7 0.427 1 0.000 0.513 0.068 0
 7 0.342 1 0.079 0.487 -0.045 0
 7 0.342 1 0.106 0.513 -0.091 0
 7 0.342 1 0.079 0.436 -0.045 0
 7 0.342 1 0.053 0.487 -0.045 0
 7 0.308 1 0.132 0.513 -0.114 0
 7 0.342 1 0.132 0.462 -0.114 0
 7 0.342 1 0.106 0.462 -0.159 0
 7 0.342 1 0.000 0.436 -0.023 0
 7 0.342 1 0.053 0.487 -0.068 0
 7 0.231 1 0.053 0.513 -0.136 0
 8 0.239 1 0.026 0.436 -0.068 0
 8 0.239 1 0.000 0.462 0.000 0
 8 0.231 1 -0.026 0.436 0.023 0
 8 0.274 1 0.000 0.385 -0.045 0
 8 0.274 1 0.000 0.385 -0.023 0
 8 0.265 1 -0.053 0.359 0.023 0
 8 0.265 1 0.000 0.282 -0.023 0
 8 0.265 1 -0.026 0.282 0.023 0
 8 0.342 1 0.053 0.282 -0.068 0
 8 0.342 1 0.026 0.205 -0.045 0
 8 0.368 1 0.026 0.231 0.000 0
 8 0.368 1 0.079 0.231 -0.045 0
 9 0.333 1 0.106 0.179 -0.114 0
 9 0.274 1 0.159 0.205 -0.114 0
 9 0.308 3 0.132 0.154 -0.068 0
 9 0.308 1 0.106 0.179 -0.068 0
 9 0.265 1 0.106 0.154 -0.091 0
 9 0.231 1 0.106 0.103 -0.091 0
 9 0.256 1 0.132 0.103 -0.091 0
 9 0.256 1 0.132 0.128 -0.136 0
 9 0.231 1 0.159 0.077 -0.136 0
 9 0.265 1 0.132 0.051 -0.114 0
 9 0.376 3 0.132 0.000 -0.114 0
 9 0.376 1 0.132 0.103 -0.045 0
 10 0.316 1 0.106 0.000 -0.114 0
 10 0.308 1 0.132 0.051 -0.136 0
 10 0.214 1 0.159 0.026 -0.136 0
 10 0.239 1 0.185 0.000 -0.136 0
 10 0.239 1 0.159 -0.051 -0.159 0
 10 0.325 1 0.185 -0.026 -0.205 0
 10 0.325 1 0.159 -0.051 -0.159 0
 10 0.239 1 0.132 -0.103 -0.182 0
 10 0.231 1 0.185 -0.051 -0.205 0
 10 0.265 1 0.159 -0.128 -0.227 0
 10 0.265 1 0.132 -0.154 -0.250 0
 10 0.179 3 0.132 -0.179 -0.205 0
 11 0.154 1 0.132 -0.179 -0.182 0
 11 0.145 1 0.106 -0.205 -0.182 0
 11 0.145 1 0.079 -0.231 -0.182 0
 11 0.145 1 0.079 -0.308 -0.136 0
 11 0.145 1 0.079 -0.308 -0.136 0
 11 0.188 3 0.079 -0.308 -0.114 0
 11 0.188 1 0.079 -0.385 -0.091 0
 11 0.179 4 0.053 -0.385 -0.114 0
 11 0.179 1 0.053 -0.436 -0.091 0
 11 0.179 4 0.053 -0.410 -0.091 0
 11 0.111 1 0.053 -0.462 -0.091 0
 11 0.111 3 0.026 -0.462 -0.091 0
 12 0.111 3 0.026 -0.462 -0.068 0
 12 0.137 3 0.026 -0.462 -0.045 0
 12 0.222 1 0.026 -0.487 -0.068 0
 12 0.222 1 0.000 -0.436 -0.045 0
 12 0.214 1 0.000 -0.410 -0.045 0
 12 0.188 3 0.000 -0.436 -0.045 0
 12 0.188 4 0.000 -0.385 -0.023 0
 12 0.188 6 0.026 -0.410 -0.023 0
 12 0.188 6 0.026 -0.385 -0.023 0
 12 0.188 6 0.026 -0.385 -0.045 0
 12 0.188 4 0.026 -0.359 -0.045 0
 12 0.188 4 0.026 -0.410 -0.045 0
 13 0.154 3 0.026 -0.359 -0.045 0
 13 0.154 1 0.026 -0.359 -0.023 0
 13 0.188 3 0.026 -0.308 -0.023 0
 13 0.188 3 0.026 -0.308 0.000 0
 13 0.145 1 0.026 -0.385 0.000 0
 13 0.179 1 0.026 -0.359 0.023 0
 13 0.179 4 0.000 -0.333 0.023 0
 13 0.179 1 0.000 -0.333 0.045 0
 13 0.179 4 0.026 -0.359 0.091 0
 13 0.214 1 0.026 -0.385 0.114 0
 13 0.265 1 0.026 -0.385 0.114 0
 13 0.265 1 0.026 -0.436 0.136 0
 14 0.248 3 0.026 -0.410 0.182 0
 14 0.248 3 0.026 -0.436 0.205 0
 14 0.325 3 0.026 -0.410 0.227 0
 14 0.333 1 0.026 -0.436 0.273 0
 14 0.333 6 0.026 -0.385 0.273 0
 14 0.282 4 0.026 -0.410 0.318 0
 14 0.265 1 0.053 -0.436 0.318 0
 14 0.308 1 0.026 -0.436 0.318 0
 14 0.350 1 0.026 -0.410 0.318 0
 14 0.350 1 0.026 -0.385 0.341 0
 14 0.427 4 0.026 -0.308 0.341 0
 15 0.427 1 0.053 -0.359 0.295 0
 15 0.385 1 0.053 -0.308 0.273 0
 15 0.291 1 0.053 -0.333 0.205 0
 15 0.291 3 0.079 -0.359 0.182 0
 15 0.291 3 0.106 -0.205 0.205 0
 15 0.291 6 0.106 -0.231 0.182 0
 15 0.291 6 0.106 -0.231 0.205 0
 15 0.291 1 0.106 -0.154 0.136 0
 15 0.256 1 0.106 -0.077 -0.045 0
 15 0.265 1 0.132 -0.051 -0.114 0
 15 0.265 1 0.132 -0.026 -0.159 0
 15 0.291 1 0.106 0.026 -0.159 0
 16 0.291 3 0.106 0.000 -0.136 0
 16 0.239 4 0.106 0.077 -0.091 0
 16 0.239 1 0.079 0.077 -0.068 0
 16 0.188 6 0.053 0.128 -0.091 0
 16 0.197 1 0.079 0.128 -0.091 0
 16 0.205 1 0.053 0.103 -0.114 0
 16 0.205 3 0.053 0.179 -0.045 0
 16 0.128 3 0.053 0.205 0.136 0
 16 0.145 1 0.026 0.205 0.182 0
 16 0.145 1 0.026 0.205 0.227 0
 16 0.128 1 0.026 0.205 0.227 0
 16 0.111 1 0.026 0.256 0.227 0
 17 0.128 1 0.026 0.231 0.205 0
 17 0.128 3 0.026 0.256 0.182 0
 17 0.128 1 0.026 0.333 0.159 0
 17 0.128 1 0.000 0.256 0.136 0
 17 0.120 3 0.000 0.282 0.114 0
 17 0.120 1 0.000 0.308 0.091 0
 17 0.137 3 0.000 0.308 0.091 0
 17 0.137 1 0.000 0.282 0.091 0
 17 0.128 1 0.000 0.333 0.091 0
 17 0.128 1 0.000 0.359 0.091 0
 17 0.137 1 0.000 0.359 0.068 0
 17 0.137 3 0.026 0.436 0.068 0
 18 0.077 1 0.026 0.385 0.068 0
 18 0.103 1 0.026 0.333 0.068 0
 18 0.103 1 0.026 0.359 0.068 0
 18 0.103 1 0.026 0.333 0.068 0
 18 0.077 1 0.026 0.410 0.091 0
 18 0.077 1 0.026 0.333 0.068 0
 18 0.077 3 0.026 0.359 0.068 0
 18 0.077 4 0.026 0.385 0.045 0
 18 0.077 1 0.026 0.359 0.045 0
 18 0.077 1 0.026 0.308 0.045 0
 18 0.077 3 0.000 0.282 0.045 0
 19 0.051 1 0.000 0.308 0.023 0
 19 0.051 4 0.000 0.308 0.023 0
 19 0.051 1 0.000 0.256 0.023 0
 19 0.051 6 0.000 0.256 0.045 0
 19 0.051 6 0.000 0.256 0.023 0
 19 0.051 1 0.000 0.308 0.023 0
 19 0.051 6 0.000 0.205 0.023 0
 19 0.051 6 0.000 0.205 0.023 0
 19 0.051 6 0.000 0.179 0.023 0
 19 0.051 3 0.000 0.154 0.023 0
 19 0.051 1 0.000 0.128 0.023 0
 19 0.043 1 0.000 0.051 0.023 0
 20 0.043 1 0.000 0.077 0.023 0
 20 0.051 1 0.000 0.154 0.023 0
 20 0.051 3 0.000 0.051 0.000 0
 20 0.034 3 0.000 0.077 0.000 0
 20 0.034 6 0.000 0.051 0.000 0
 20 0.034 4 0.000 0.051 0.000 0
 20 0.034 6 0.000 0.051 0.000 0
 20 0.034 7 0.000 0.026 0.000 0
 20 0.026 6 0.000 0.051 0.000 0
 20 0.026 6 0.000 0.077 0.000 0
 20 0.034 1 0.000 0.128 0.000 0
 21 0.043 4 0.000 0.103 0.000 0
 21 0.043 6 0.000 0.154 0.000 0
 21 0.034 6 0.000 0.128 0.000 0
 21 0.026 6 0.000 0.179 0.000 0
 21 0.000 6 0.000 0.154 0.000 0
 21 0.000 6 0.000 0.103 0.000 0
 21 0.026 6 0.000 0.128 -0.023 0
 21 0.026 6 0.000 0.128 -0.023 0
 21 0.026 6 0.000 0.154 -0.023 0
 21 0.043 6 0.026 0.179 -0.023 0
 21 0.043 1 0.026 0.154 -0.023 0
 21 0.043 6 0.026 0.179 -0.023 0
 22 0.026 6 0.026 0.205 -0.023 0
 22 0.043 7 0.026 0.128 -0.023 0
 22 0.043 6 0.000 0.179 -0.023 0
 22 0.034 6 0.000 0.154 -0.023 0
 22 0.051 6 0.000 0.128 -0.023 0
 22 0.051 6 0.000 0.128 0.000 0
 22 0.051 6 0.000 0.077 0.000 0
 22 0.051 6 0.000 0.077 0.000 0
 22 0.051 7 -0.026 0.077 0.000 0
 22 0.051 6 -0.026 0.051 0.000 0
 22 0.026 4 -0.026 0.000 0.000 0
 22 0.051 6 -0.026 0.026 0.023 0
 23 0.051 6 -0.026 -0.051 0.023 0
 23 0.043 7 -0.026 -0.051 0.023 0
 23 0.051 1 -0.026 -0.103 0.023 0
 23 0.051 6 -0.026 -0.103 0.023 0
 23 0.051 1 -0.026 -0.128 0.023 0
 23 0.051 6 -0.026 -0.128 0.023 0
 23 0.051 4 -0.053 -0.205 0.045 0
 23 0.051 3 -0.053 -0.231 0.045 0
 23 0.051 3 -0.079 -0.282 0.045 0
 23 0.060 3 -0.106 -0.231 0.045 0
 23 0.094 6 -0.106 -0.282 0.000 0
 23 0.094 6 -0.132 -0.308 -0.023 0
 0 0.077 3 -0.132 -0.282 -0.045 0
 0 0.077 1 -0.159 -0.333 -0.091 0
 0 0.077 3 -0.185 -0.282 -0.136 0
 0 0.077 4 -0.212 -0.282 -0.227 0
 0 0.077 1 -0.238 -0.308 -0.295 0
 0 0.111 3 -0.212 -0.308 -0.386 0
 0 0.111 3 -0.238 -0.308 -0.477 0
 0 0.111 3 -0.238 -0.333 -0.545 0
 0 0.103 1 -0.238 -0.333 -0.568 0
 0 0.103 1 -0.265 -0.333 -0.568 0
 0 0.103 1 -0.238 -0.385 -0.568 0
 0 0.103 3 -0.238 -0.385 -0.545 0
 1 0.077 1 -0.238 -0.308 -0.500 0
 1 0.111 1 -0.238 -0.359 -0.432 0
 1 0.120 1 -0.238 -0.333 -0.318 0
 1 0.120 1 -0.238 -0.308 -0.227 0
 1 0.111 1 -0.265 -0.282 -0.114 0
 1 0.111 1 -0.265 -0.231 0.000 0
 1 0.111 1 -0.265 -0.231 0.091 0
 1 0.137 1 -0.212 -0.231 0.136 0
 1 0.154 3 -0.106 -0.308 0.068 0
 1 0.154 3 -0.079 -0.231 0.045 0
 1 0.077 1 -0.053 -0.231 0.023 0
 1 0.077 1 -0.026 -0.231 0.023 0
 2 0.077 1 0.000 -0.154 0.023 0
 2 0.154 3 0.053 -0.179 -0.023 0
 2 0.188 1 0.106 -0.154 -0.045 0
 2 0.188 4 0.159 -0.128 -0.159 0
 2 0.188 6 0.212 -0.103 -0.205 0
 2 0.137 4 0.265 -0.103 -0.227 0
 2 0.128 4 0.212 -0.077 -0.250 0
 2 0.154 1 0.159 -0.077 -0.159 0
 2 0.154 4 0.132 -0.051 -0.114 0
 2 0.154 1 0.079 -0.026 -0.068 0
 2 0.154 1 0.026 0.051 -0.045 0
 2 0.154 1 0.000 0.000 0.000 0
 3 0.154 1 -0.106 0.051 0.091 0
 3 0.154 1 -0.079 0.051 0.068 0
 3 0.188 3 -0.053 0.077 0.068 0
 3 0.299 3 0.000 0.077 0.023 0
 3 0.342 3 0.000 0.051 -0.023 0
 3 0.342 3 0.000 0.077 -0.023 0
 3 0.154 1 -0.159 0.128 0.091 0
 3 0.145 1 -0.238 0.179 0.205 0
 3 0.188 1 -0.159 0.154 0.159 0
 3 0.265 3 0.000 0.205 0.000 0
 3 0.265 1 0.106 0.205 -0.136 0
 4 0.265 1 0.185 0.231 -0.205 0
 4 0.265 1 0.132 0.205 -0.182 0
 4 0.265 1 0.079 0.179 -0.114 0
 4 0.265 1 0.000 0.282 -0.045 0
 4 0.265 1 -0.026 0.256 0.000 0
 4 0.265 1 0.000 0.333 0.000 0
 4 0.265 1 0.132 0.282 -0.114 0
 4 0.265 1 0.212 0.359 -0.227 0
 4 0.265 1 0.185 0.410 -0.205 0
 4 0.265 1 0.079 0.385 -0.068 0
 4 0.265 1 0.000 0.462 0.000 0
 4 0.265 1 0.000 0.538 0.000 0
 5 0.265 3 -0.212 0.590 0.273 0
 5 0.265 1 -0.238 0.615 0.341 0
 5 0.265 1 -0.265 0.641 0.364 0
 5 0.222 1 -0.317 0.667 0.409 0
 6 0.231 1 -0.238 0.718 0.341 0
 6 0.274 1 -0.185 0.718 0.273 0
 6 0.299 1 -0.185 0.667 0.250 0
 6 0.299 3 -0.212 0.718 0.295 0
 6 0.265 1 -0.185 0.769 0.273 0
 6 0.316 1 -0.212 0.718 0.318 0
 6 0.325 3 -0.238 0.718 0.318 0
 6 0.325 4 -0.053 0.718 0.091 0
 6 0.265 4 -0.026 0.718 0.000 0
 6 0.308 4 0.079 0.769 -0.091 0
 6 0.308 1 0.132 0.692 -0.114 0
 6 0.239 1 0.026 0.744 -0.023 0
 7 0.282 1 0.000 0.692 0.045 0
 7 0.282 3 -0.026 0.744 0.068 0
 7 0.265 1 0.000 0.692 0.045 0
 7 0.291 3 0.000 0.667 0.045 0
 7 0.291 1 0.026 0.692 -0.023 0
 7 0.265 3 0.079 0.590 -0.045 0
 7 0.231 3 0.106 0.513 -0.091 0
 7 0.308 4 0.106 0.513 -0.068 0
 7 0.308 1 -0.026 0.487 0.023 0
 7 0.291 4 -0.079 0.436 0.068 0
 7 0.214 3 -0.053 0.410 0.045 0
 7 0.333 1 -0.026 0.436 0.000 0
 8 0.333 1 0.000 0.410 0.000 0
 8 0.256 3 0.000 0.462 -0.045 0
 8 0.256 3 -0.026 0.436 -0.023 0
 8 0.368 1 -0.079 0.410 0.068 0
 8 0.368 1 -0.079 0.410 0.068 0
 8 0.265 4 -0.053 0.410 0.045 0
 8 0.188 1 -0.026 0.359 0.000 0
 8 0.214 1 0.079 0.359 -0.068 0
 8 0.214 3 0.159 0.308 -0.182 0
 8 0.239 1 0.185 0.308 -0.227 0
 8 0.239 1 0.132 0.282 -0.205 0
 8 0.128 3 0.132 0.231 -0.227 0
 9 0.179 1 0.185 0.205 -0.250 0
 9 0.188 4 0.212 0.179 -0.295 0
 9 0.188 4 0.291 0.154 -0.409 0
 9 0.171 1 0.291 0.154 -0.386 0
 9 0.111 4 0.265 0.128 -0.341 0
 9 0.188 3 0.238 0.128 -0.295 0
 9 0.188 1 0.159 0.077 -0.250 0
 9 0.239 3 0.106 0.051 -0.182 0
 9 0.239 1 0.053 0.051 -0.091 0
 9 0.214 1 0.026 0.000 -0.045 0
 9 0.188 1 0.053 -0.026 -0.023 0
 9 0.171 3 0.000 -0.026 0.000 0
 10 0.179 1 -0.026 -0.051 0.045 0
 10 0.188 1 -0.026 -0.103 0.068 0
 10 0.188 4 -0.053 -0.103 0.068 0
 10 0.188 1 -0.053 -0.128 0.045 0
 10 0.154 3 -0.053 -0.205 0.023 0
 10 0.137 1 -0.026 -0.231 0.023 0
 10 0.145 1 0.000 -0.256 0.000 0
 10 0.179 1 0.053 -0.256 -0.045 0
 10 0.179 1 0.079 -0.256 -0.091 0
 10 0.137 1 0.053 -0.333 -0.091 0
 10 0.154 1 0.053 -0.333 -0.068 0
 10 0.154 1 0.053 -0.333 -0.068 0
 11 0.145 1 0.053 -0.359 -0.045 0
 11 0.145 3 0.053 -0.359 -0.045 0
 11 0.205 1 0.053 -0.385 -0.068 0
 11 0.205 1 0.053 -0.410 -0.045 0
 11 0.154 3 0.053 -0.410 -0.045 0
 11 0.154 3 0.053 -0.436 -0.045 0
 11 0.145 3 0.026 -0.436 -0.045 0
 11 0.154 1 0.026 -0.513 -0.023 0
 11 0.197 1 0.026 -0.513 -0.023 0
 11 0.197 1 0.026 -0.538 -0.023 0
 11 0.145 4 0.026 -0.513 -0.023 0
 11 0.145 1 0.000 -0.538 -0.023 0
 12 0.179 1 0.000 -0.564 -0.023 0
 12 0.197 1 0.026 -0.590 0.000 0
 12 0.197 1 0.026 -0.590 0.000 0
 12 0.179 1 0.026 -0.513 0.000 0
 12 0.162 1 0.026 -0.513 0.000 0
 12 0.137 1 0.026 -0.487 0.000 0
 12 0.171 3 0.026 -0.462 0.000 0
 12 0.171 6 0.026 -0.538 0.000 0
 12 0.154 1 0.053 -0.436 0.023 0
 12 0.154 3 0.079 -0.410 0.045 0
 12 0.179 1 0.079 -0.436 0.068 0
 13 0.188 1 0.079 -0.410 0.068 0
 13 0.188 1 0.053 -0.436 0.091 0
 13 0.145 3 0.053 -0.436 0.114 0
 13 0.171 1 0.053 -0.436 0.114 0
 13 0.179 1 0.053 -0.436 0.114 0
 13 0.179 1 0.053 -0.436 0.091 0
 13 0.154 4 0.053 -0.410 0.114 0
 13 0.128 1 0.053 -0.333 0.091 0
 13 0.128 3 0.026 -0.308 0.068 0
 13 0.111 1 0.000 -0.256 0.045 0
 13 0.094 1 0.000 -0.282 0.023 0
 13 0.128 1 0.000 -0.256 0.023 0
 14 0.128 3 0.000 -0.231 0.023 0
 14 0.154 1 0.000 -0.282 0.068 0
 14 0.222 6 0.000 -0.282 0.182 0
 14 0.222 1 0.000 -0.333 0.250 0
 14 0.214 1 0.026 -0.308 0.318 0
 14 0.188 1 0.026 -0.282 0.318 0
 14 0.188 1 0.026 -0.282 0.364 0
 14 0.154 1 0.026 -0.282 0.386 0
 14 0.154 1 0.026 -0.359 0.409 0
 14 0.154 1 0.053 -0.333 0.432 0
 14 0.188 1 0.053 -0.333 0.432 0
 14 0.239 1 0.053 -0.308 0.432 0
 15 0.239 1 0.053 -0.282 0.386 0
 15 0.222 1 0.053 -0.256 0.273 0
 15 0.188 1 0.053 -0.282 0.205 0
 15 0.214 1 0.026 -0.308 0.182 0
 15 0.214 4 0.026 -0.205 0.159 0
 15 0.248 1 0.026 -0.205 0.159 0
 15 0.248 3 0.026 -0.231 0.136 0
 15 0.188 1 0.026 -0.256 0.114 0
 15 0.188 3 0.000 -0.282 0.114 0
 15 0.154 1 0.000 -0.256 0.114 0
 15 0.188 4 0.000 -0.205 0.091 0
 15 0.188 6 0.000 -0.205 0.068 0
 16 0.154 1 0.000 -0.128 0.068 0
 16 0.154 1 0.000 -0.128 0.091 0
 16 0.154 1 0.000 -0.077 0.068 0
 16 0.154 1 0.000 -0.051 0.068 0
 16 0.197 1 0.000 -0.026 0.045 0
 16 0.197 3 0.000 -0.026 0.045 0
 16 0.188 1 0.000 0.051 0.068 0
 16 0.162 1 0.000 0.154 0.045 0
 16 0.154 4 0.000 0.154 0.045 0
 16 0.154 1 0.000 0.154 0.045 0
 16 0.162 1 0.000 0.179 0.045 0
 16 0.162 3 0.000 0.205 0.068 0
 17 0.154 1 0.000 0.256 0.045 0
 17 0.145 6 0.026 0.308 0.045 0
 17 0.145 1 0.026 0.333 0.045 0
 17 0.120 1 0.026 0.282 0.045 0
 17 0.120 3 0.026 0.282 0.045 0
 17 0.137 3 0.026 0.359 0.023 0
 17 0.137 1 0.026 0.410 0.023 0
 17 0.145 1 0.026 0.410 0.045 0
 17 0.145 1 0.026 0.359 0.045 0
 17 0.145 1 0.026 0.308 0.045 0
 17 0.154 1 0.026 0.333 0.023 0
 17 0.154 4 0.026 0.282 0.023 0
 18 0.154 1 0.000 0.359 0.045 0
 18 0.154 6 0.000 0.385 0.045 0
 18 0.145 6 0.000 0.333 0.045 0
 18 0.120 6 0.000 0.385 0.045 0
 18 0.120 1 0.026 0.359 0.045 0
 18 0.111 1 0.026 0.385 0.045 0
 18 0.145 1 0.026 0.333 0.023 0
 18 0.154 4 0.026 0.308 0.023 0
 18 0.154 1 0.026 0.359 0.023 0
 18 0.162 1 0.026 0.282 0.023 0
 18 0.145 1 0.026 0.282 0.023 0
 19 0.120 1 0.026 0.231 0.000 0
 19 0.137 1 0.026 0.256 0.000 0
 19 0.137 1 0.026 0.256 0.000 0
 19 0.145 3 0.026 0.256 0.000 0
 19 0.145 1 0.000 0.282 0.000 0
 19 0.111 1 0.000 0.231 0.000 0
 19 0.145 1 0.000 0.231 0.000 0
 19 0.145 3 0.000 0.179 0.000 0
 19 0.128 4 0.000 0.205 0.000 0
 19 0.171 1 0.000 0.205 0.000 0
 19 0.171 1 0.000 0.205 0.000 0
 19 0.120 4 0.000 0.231 0.000 0
 20 0.120 1 0.000 0.154 0.000 0
 20 0.094 4 0.000 0.103 0.000 0
 20 0.077 1 0.000 0.154 0.000 0
 20 0.051 1 0.000 0.077 0.000 0
 20 0.111 4 0.000 0.103 0.000 0
 20 0.111 1 0.000 0.077 0.000 0
 20 0.103 1 0.000 0.077 0.000 0
 20 0.103 3 0.000 0.077 0.000 0
 20 0.068 4 0.000 0.077 0.000 0
 20 0.068 6 0.000 0.128 0.000 0
 20 0.060 7 0.000 0.077 0.023 0
 20 0.060 6 0.000 0.103 0.023 0
 21 0.026 4 0.000 0.077 0.023 0
 21 0.026 7 0.000 0.077 0.023 0
 21 0.026 7 0.000 0.051 0.023 0
 21 0.060 4 0.000 0.000 0.023 0
 21 0.060 1 0.000 -0.026 0.023 0
 21 0.051 7 0.000 0.000 0.023 0
 21 0.051 6 0.000 0.026 0.023 0
 21 0.051 4 0.000 0.026 0.023 0
 21 0.051 6 0.000 0.051 0.023 0
 21 0.051 6 0.000 0.000 0.000 0
 21 0.026 7 0.000 0.000 0.000 0
 21 0.026 4 0.000 0.051 0.000 0
 22 0.051 6 0.000 0.077 0.000 0
 22 0.051 7 0.000 0.026 0.000 0
 22 0.051 1 0.000 -0.026 0.000 0
 22 0.026 6 0.000 -0.026 0.000 0
 22 0.026 7 0.000 -0.077 0.000 0
 22 0.043 6 0.000 -0.103 0.000 0
 22 0.043 6 0.000 -0.103 0.000 0
 22 0.077 6 0.000 -0.154 0.000 0
 22 0.077 7 0.000 -0.179 0.000 0
 22 0.077 6 0.000 -0.128 0.000 0
 22 0.051 6 0.000 -0.154 0.000 0
 22 0.051 6 0.000 -0.128 0.000 0
 23 0.051 7 0.000 -0.179 0.000 0
 23 0.051 6 0.000 -0.154 0.000 0
 23 0.077 1 -0.026 -0.077 0.000 0
 23 0.077 3 -0.026 -0.077 0.000 0
 23 0.077 4 -0.026 -0.128 0.000 0
 23 0.077 6 -0.026 -0.154 0.000 0
 23 0.051 1 -0.053 -0.205 0.000 0
 23 0.051 1 -0.053 -0.231 0.000 0
 23 0.060 3 -0.079 -0.231 0.000 0
 23 0.068 1 -0.106 -0.231 -0.045 0
 23 0.103 1 -0.132 -0.256 -0.091 0
 23 0.111 1 -0.132 -0.282 -0.159 0
 0 0.154 1 -0.132 -0.308 -0.159 0
 0 0.154 1 -0.106 -0.308 -0.159 0
 0 0.128 1 -0.132 -0.308 -0.182 0
 0 0.111 1 -0.159 -0.308 -0.227 0
 0 0.094 4 -0.159 -0.308 -0.250 0
 0 0.077 3 -0.159 -0.333 -0.295 0
 0 0.103 1 -0.185 -0.333 -0.364 0
 0 0.120 1 -0.132 -0.385 -0.386 0
 0 0.120 3 -0.106 -0.436 -0.318 0
 0 0.103 1 -0.079 -0.436 -0.273 0
 0 0.120 1 -0.079 -0.487 -0.205 0
 0 0.137 1 -0.106 -0.462 -0.250 0
 1 0.137 4 -0.106 -0.513 -0.250 0
 1 0.111 1 -0.132 -0.538 -0.250 0
 1 0.111 1 -0.132 -0.513 -0.364 0
 1 0.137 1 -0.185 -0.513 -0.364 0
 1 0.137 4 -0.185 -0.487 -0.318 0
 1 0.128 1 -0.132 -0.487 -0.250 0
 1 0.128 3 -0.212 -0.436 -0.227 0
 1 0.137 1 -0.238 -0.385 -0.205 0
 1 0.188 1 -0.212 -0.410 -0.227 0
 1 0.188 1 -0.212 -0.436 -0.227 0
 1 0.188 1 -0.185 -0.359 -0.182 0
 2 0.188 4 -0.238 -0.308 -0.159 0
 2 0.128 3 -0.185 -0.231 -0.114 0
 2 0.154 1 -0.185 -0.231 0.068 0
 2 0.154 1 -0.132 -0.154 0.114 0
 2 0.154 1 -0.106 -0.154 0.114 0
 2 0.197 1 -0.185 -0.128 0.136 0
 2 0.197 3 -0.106 -0.077 0.159 0
 2 0.188 1 -0.132 -0.026 0.159 0
 2 0.291 3 -0.132 0.026 0.227 0
 2 0.291 1 -0.079 0.000 0.136 0
 2 0.282 4 -0.053 0.051 0.091 0
 2 0.205 3 -0.053 0.077 0.091 0
 3 0.179 1 -0.106 0.077 0.159 0
 3 0.162 3 -0.106 0.077 0.136 0
 3 0.197 1 -0.079 0.077 0.114 0
 3 0.214 4 -0.079 0.154 0.114 0
 3 0.214 4 -0.026 0.128 0.091 0
 3 0.265 3 -0.053 0.205 0.091 0
 3 0.291 3 0.000 0.154 0.045 0
 3 0.265 3 -0.053 0.154 0.023 1
 3 0.265 1 -0.079 0.231 0.114 1
 3 0.222 1 -0.053 0.282 0.068 1
 3 0.188 3 -0.026 0.282 0.091 1
 3 0.214 1 0.000 0.256 0.045 1
 4 0.214 4 0.000 0.256 0.068 1
 4 0.239 1 -0.053 0.282 0.091 1
 4 0.239 3 0.026 0.282 0.023 1
 4 0.239 6 0.079 0.333 -0.023 1
 4 0.214 1 0.132 0.359 -0.114 1
 4 0.214 6 0.106 0.333 -0.114 1
 4 0.214 1 0.106 0.333 -0.091 1
 4 0.154 1 0.053 0.359 -0.045 1
 4 0.171 3 -0.026 0.436 0.091 1
 4 0.188 4 -0.026 0.410 0.045 1
 4 0.188 3 -0.079 0.410 0.091 1
 4 0.231 3 -0.079 0.487 0.091 1
 5 0.265 1 0.000 0.513 0.023 0
 5 0.265 4 -0.026 0.538 0.045 0
 5 0.231 4 -0.053 0.487 0.045 0
 5 0.154 1 -0.079 0.590 0.068 0
 5 0.188 1 -0.053 0.564 0.091 0
 5 0.188 6 0.000 0.590 0.000 0
 5 0.214 4 0.026 0.615 -0.045 0
 5 0.214 3 0.026 0.641 -0.091 0
 5 0.171 1 -0.026 0.590 0.023 0
 5 0.376 1 0.053 0.538 -0.068 0
 5 0.376 1 0.212 0.538 -0.227 0
 5 0.265 1 0.265 0.615 -0.295 0
 6 0.299 1 0.291 0.564 -0.318 0
 6 0.299 1 0.344 0.564 -0.341 0
 6 0.231 1 0.397 0.641 -0.205 0
 6 0.299 1 0.476 0.615 0.182 0
 6 0.299 1 0.476 0.641 0.273 0
 6 0.154 1 0.503 0.615 0.341 0
 6 0.154 1 0.503 0.564 0.295 0
 6 0.154 1 0.582 0.564 0.205 0
 6 0.137 1 0.582 0.590 0.182 0
 6 0.103 1 0.423 0.641 0.364 0
 6 0.103 1 0.317 0.538 0.500 0
 6 0.128 1 0.238 0.564 0.545 0
 7 0.128 1 0.159 0.462 0.636 0
 7 0.111 1 0.079 0.410 0.568 0
 7 0.128 1 0.000 0.410 0.136 0
 7 0.128 1 -0.026 0.487 0.114 0
 7 0.103 1 -0.026 0.538 0.045 0
 7 0.077 1 -0.026 0.538 0.068 0
 7 0.103 3 -0.026 0.487 0.045 0
 7 0.103 4 -0.026 0.487 0.068 0
 7 0.094 1 0.000 0.513 0.023 0
 7 0.068 1 0.000 0.513 0.000 0
 7 0.077 1 0.000 0.410 0.000 0
 8 0.094 1 0.000 0.410 -0.068 0
 8 0.094 1 0.000 0.385 -0.114 0
 8 0.094 1 0.000 0.333 -0.068 0
 8 0.077 1 0.000 0.359 -0.114 0
 8 0.077 1 -0.053 0.256 -0.114 0
 8 0.051 1 -0.026 0.231 -0.114 0
 8 0.051 1 -0.026 0.231 -0.114 0
 8 0.120 1 -0.079 0.308 -0.136 0
 8 0.060 1 -0.106 0.179 -0.273 0
 8 0.060 1 -0.106 0.128 -0.273 0
 8 0.051 1 -0.159 0.128 -0.318 0
 8 0.154 4 -0.185 0.000 -0.409 0
 9 0.154 4 -0.159 0.051 -0.341 0
 9 0.103 4 -0.132 0.154 -0.341 0
 9 0.154 1 -0.106 0.179 -0.250 0
 9 0.154 6 -0.079 0.051 -0.205 0
 9 0.111 1 -0.053 -0.051 -0.159 0
 9 0.128 1 -0.053 -0.128 -0.114 0
 9 0.179 1 0.026 -0.179 -0.023 0
 9 0.205 1 0.053 -0.154 0.114 0
 9 0.205 1 0.079 -0.256 0.159 0
 9 0.179 1 0.159 -0.231 0.045 0
 9 0.179 4 0.212 -0.256 0.273 0
 9 0.171 1 0.185 -0.205 0.273 0
 10 0.171 1 0.159 -0.256 0.295 0
 10 0.162 6 0.132 -0.282 0.227 0
 10 0.111 6 0.132 -0.256 0.182 0
 10 0.103 3 0.106 -0.154 0.114 0
 10 0.154 1 0.106 -0.128 0.136 0
 10 0.154 1 0.079 -0.103 0.091 0
 10 0.103 4 0.079 -0.205 0.114 0
 10 0.137 1 0.079 -0.128 0.091 0
 10 0.162 1 0.053 -0.103 0.295 1
 10 0.162 1 0.026 0.000 0.227 1
 10 0.094 1 0.053 0.000 0.182 1
 10 0.094 6 0.053 0.000 0.136 1
 11 0.128 6 0.079 -0.051 0.068 1
 11 0.128 3 0.079 -0.179 0.091 1
 11 0.128 6 0.079 -0.154 0.159 1
 11 0.128 6 0.079 -0.256 0.068 1
 11 0.128 4 0.079 -0.256 0.045 1
 11 0.128 6 0.079 -0.333 0.000 1
 11 0.120 3 0.079 -0.359 -0.023 1
 11 0.060 1 0.079 -0.333 -0.023 1
 11 0.026 1 0.079 -0.359 -0.045 1
 11 0.120 6 0.026 -0.385 -0.045 1
 11 0.120 1 0.026 -0.462 -0.045 1
 12 0.051 4 0.000 -0.615 -0.023 1
 12 0.051 4 0.000 -0.615 0.000 1
 12 0.026 6 0.000 -0.615 -0.023 1
 12 0.026 4 0.000 -0.641 0.023 1
 12 0.026 1 -0.026 -0.667 0.000 1
 12 0.051 1 -0.026 -0.667 0.000 1
 12 0.137 3 -0.026 -0.821 0.023 1
 12 0.137 3 0.000 -0.897 0.023 1
 12 0.128 1 0.000 -0.897 0.045 1
 12 0.128 1 0.000 -0.872 0.068 1
 12 0.137 1 0.000 -0.872 0.045 1
 13 0.137 1 0.000 -0.846 0.045 1
 13 0.120 3 0.000 -0.872 0.045 1
 13 0.094 4 0.026 -0.795 0.045 1
 13 0.094 1 0.026 -0.667 0.023 1
 13 0.120 3 0.026 -0.564 0.045 1
 13 0.120 1 0.053 -0.538 0.045 1
 13 0.077 3 0.053 -0.564 0.023 1
 13 0.060 1 0.053 -0.615 0.000 1
 13 0.085 1 0.053 -0.667 -0.023 1
 13 0.085 1 0.053 -0.718 -0.023 1
 13 0.128 1 0.026 -0.692 -0.023 1
 13 0.128 1 0.026 -0.667 -0.023 1
 14 0.154 3 0.026 -0.667 -0.023 1
 14 0.256 1 0.026 -0.769 0.000 1
 14 0.256 1 0.026 -0.769 0.000 1
 14 0.256 1 0.053 -0.769 0.000 1
 14 0.256 1 0.026 -0.795 -0.023 1
 14 0.154 1 0.026 -0.821 -0.045 1
 14 0.179 1 0.026 -0.718 -0.023 1
 14 0.179 1 0.026 -0.692 -0.023 1
 14 0.103 1 0.026 -0.590 -0.045 1
 14 0.051 1 0.079 -0.538 -0.045 1
 14 0.043 1 0.079 -0.538 -0.045 1
 15 0.026 4 0.079 -0.462 -0.045 1
 15 0.051 1 0.053 -0.282 -0.045 1
 15 0.128 1 0.053 -0.205 -0.045 0
 15 0.128 1 0.026 -0.308 -0.045 0
 15 0.120 1 0.000 -0.333 -0.045 0
 15 0.103 1 0.000 -0.308 -0.023 0
 15 0.120 3 0.000 -0.231 -0.023 0
 15 0.145 1 0.000 -0.205 -0.023 0
 15 0.145 1 0.000 -0.103 0.000 0
 15 0.094 1 -0.026 -0.077 0.000 0
 15 0.077 1 -0.026 -0.077 0.000 0
 15 0.094 1 -0.026 -0.051 0.000 0
 16 0.094 1 -0.026 0.000 0.000 0
 16 0.060 1 0.000 0.154 0.000 0
 16 0.060 1 0.000 0.205 0.000 0
 16 0.051 1 0.026 0.256 0.000 0
 16 0.068 1 0.026 0.308 0.000 0
 16 0.068 1 0.026 0.385 0.000 0
 16 0.060 6 0.026 0.410 0.000 0
 16 0.026 6 0.026 0.462 0.000 0
 16 0.026 6 0.026 0.410 0.000 0
 16 0.026 6 0.026 0.385 0.000 0
 16 0.026 6 0.000 0.410 0.000 0
 16 0.034 6 0.000 0.359 0.000 0
 17 0.043 4 0.000 0.282 0.000 0
 17 0.043 1 0.000 0.231 0.000 0
 17 0.026 7 0.000 0.308 0.000 0
 17 0.000 7 0.000 0.308 0.000 0
 17 0.000 7 0.000 0.282 0.000 0
 17 0.000 0 0.000 0.308 0.000 0
 17 0.000 7 0.000 0.436 0.000 0
 17 0.000 7 0.000 0.436 0.000 0
 17 0.017 6 -0.026 0.513 0.000 0
 17 0.017 6 0.000 0.513 0.000 0
 17 0.034 1 0.000 0.590 0.000 0
 17 0.034 1 -0.026 0.615 0.000 0
 18 0.034 4 0.000 0.564 0.000 0
 18 0.017 7 0.000 0.538 -0.023 0
 18 0.017 7 -0.026 0.513 -0.023 0
 18 0.034 6 -0.026 0.487 -0.023 0
 18 0.051 7 -0.026 0.462 -0.023 0
 18 0.051 1 -0.026 0.436 -0.023 0
 18 0.051 4 -0.026 0.410 -0.023 0
 18 0.077 4 0.000 0.436 -0.023 0
 18 0.077 3 0.000 0.436 -0.023 0
 18 0.077 1 0.000 0.410 -0.023 0
 18 0.077 1 0.000 0.385 -0.023 0
 18 0.077 4 -0.026 0.359 0.000 0
 19 0.060 1 -0.026 0.410 0.023 0
 19 0.077 1 0.000 0.359 0.023 0
 19 0.077 1 0.000 0.410 0.000 0
 19 0.077 1 0.000 0.410 0.000 0
 19 0.026 6 0.000 0.410 0.000 0
 19 0.026 6 0.000 0.333 0.000 0
 19 0.017 6 0.000 0.333 0.000 0
 19 0.026 4 0.000 0.333 0.000 0
 19 0.026 1 0.000 0.308 0.000 0
 19 0.043 1 0.000 0.282 0.000 0
 19 0.043 1 0.000 0.179 -0.023 0
 19 0.051 1 0.000 0.154 -0.023 0
 20 0.051 1 0.000 0.103 -0.023 0
 20 0.026 1 0.026 0.077 0.000 0
 20 0.026 1 0.026 0.077 0.000 0
 20 0.026 1 0.026 0.077 0.000 0
 20 0.026 1 0.000 0.103 -0.023 0
 20 0.026 4 0.000 0.103 -0.023 0
 20 0.026 7 0.000 0.051 -0.023 0
 20 0.017 9 0.000 -0.026 -0.023 0
 20 0.017 1 0.000 0.026 -0.023 0
 20 0.017 6 0.000 -0.051 -0.023 0
 20 0.026 3 0.000 -0.077 -0.023 0
 20 0.051 1 0.000 -0.128 -0.023 0
 21 0.051 3 -0.026 -0.128 -0.023 0
 21 0.051 3 -0.026 -0.154 -0.023 0
 21 0.043 1 -0.026 -0.154 -0.023 0
 21 0.043 7 0.000 -0.154 0.023 0
 21 0.000 0 0.000 -0.154 0.023 0
 21 0.026 4 0.000 -0.179 0.023 0
 21 0.026 1 0.000 -0.179 0.023 0
 21 0.026 1 0.000 -0.154 0.023 0
 21 0.017 1 0.000 -0.128 0.023 0
 21 0.017 1 0.000 -0.026 0.023 0
 21 0.017 10 0.026 -0.077 0.023 0
 22 0.017 10 0.026 -0.026 0.023 0
 22 0.009 7 0.026 0.000 0.023 0
 22 0.026 6 0.026 0.026 0.023 0
 22 0.026 1 0.026 0.000 0.000 0
 22 0.043 1 0.026 0.000 -0.023 0
 22 0.043 3 0.026 0.026 -0.023 0
 22 0.017 1 0.026 0.026 -0.023 0
 22 0.034 1 0.000 0.051 0.000 0
 22 0.034 1 0.000 -0.026 -0.023 0
 22 0.017 1 0.000 0.026 0.000 0
 22 0.017 4 -0.026 0.026 -0.023 0
 22 0.017 3 -0.026 0.051 -0.023 0
 23 0.000 7 -0.026 0.026 -0.023 0
 23 0.017 4 -0.026 0.026 -0.023 0
 23 0.034 1 -0.026 0.026 0.000 0
 23 0.034 1 -0.026 -0.026 0.023 0
 23 0.034 1 -0.026 -0.026 0.023 0
 23 0.026 1 -0.053 -0.026 0.023 0
 23 0.026 1 -0.026 -0.051 0.000 0
 23 0.026 1 -0.026 -0.051 0.023 0
 23 0.000 1 -0.053 -0.103 0.000 0
 23 0.000 1 -0.053 -0.154 0.023 0
 23 0.043 1 -0.053 -0.128 0.023 0
 23 0.043 3 -0.053 -0.128 0.023 0
 0 0.026 4 -0.053 -0.205 0.023 0
 0 0.051 1 -0.053 -0.282 0.023 0
 0 0.051 1 -0.079 -0.256 0.023 0
 0 0.043 1 -0.079 -0.282 0.023 0
 0 0.051 1 -0.053 -0.333 0.045 0
 0 0.051 1 -0.079 -0.333 0.045 0
 0 0.043 1 -0.132 -0.333 0.068 0
 0 0.043 1 -0.106 -0.333 0.091 0
 0 0.043 1 -0.132 -0.333 0.114 0
 0 0.034 1 -0.159 -0.359 0.114 0
 0 0.051 1 -0.212 -0.359 0.136 0
 0 0.051 1 -0.212 -0.385 0.068 0
 1 0.051 1 -0.212 -0.385 0.000 0
 1 0.043 1 -0.185 -0.410 -0.091 0
 1 0.043 1 -0.185 -0.410 -0.045 0
 1 0.043 1 -0.185 -0.462 -0.068 0
 1 0.034 1 -0.185 -0.462 -0.068 0
 1 0.034 4 -0.159 -0.487 -0.045 0
 1 0.051 1 -0.212 -0.487 -0.136 0
 1 0.051 1 -0.212 -0.564 -0.477 0
 1 0.051 1 -0.185 -0.564 -0.500 0
 1 0.043 1 -0.132 -0.538 -0.614 0
 1 0.043 1 -0.132 -0.590 -0.477 0
 1 0.051 1 -0.212 -0.538 -0.523 0
 2 0.085 1 -0.291 -0.513 -0.432 0
 2 0.085 1 -0.291 -0.513 -0.477 0
 2 0.085 1 -0.291 -0.487 -0.477 0
 2 0.103 1 -0.423 -0.538 -0.250 0
 2 0.103 4 -0.397 -0.538 -0.273 0
 2 0.120 1 -0.291 -0.513 -0.227 0
 2 0.120 1 -0.212 -0.487 0.023 0
 2 0.077 1 -0.185 -0.436 0.000 0
 2 0.077 1 -0.185 -0.436 0.114 0
 2 0.077 1 -0.265 -0.385 0.068 0
 2 0.094 1 -0.265 -0.333 0.273 0
 2 0.094 1 -0.291 -0.359 0.364 0
 3 0.077 1 -0.317 -0.308 0.409 1
 3 0.077 1 -0.317 -0.256 0.386 1
 3 0.077 4 -0.185 -0.205 0.205 1
 3 0.094 1 -0.185 -0.205 0.182 1
 3 0.103 3 -0.238 -0.154 0.227 1
 3 0.103 1 -0.212 -0.179 0.227 1
 3 0.103 1 -0.185 -0.077 0.227 1
 3 0.103 1 -0.185 -0.077 0.182 1
 3 0.111 1 -0.159 -0.103 0.205 1
 3 0.111 1 -0.185 -0.026 0.182 1
 3 0.111 1 -0.132 0.000 0.136 1
 4 0.111 1 -0.106 0.000 0.114 1
 4 0.111 1 -0.132 0.051 0.159 1
 4 0.060 1 -0.106 0.051 0.091 1
 4 0.060 1 -0.106 0.154 0.091 1
 4 0.103 1 -0.132 0.205 0.114 1
 4 0.103 1 -0.159 0.231 0.159 1
 4 0.077 1 -0.159 0.256 0.182 1
 4 0.077 7 -0.079 0.231 0.136 1
 4 0.043 0 0.026 0.308 0.023 1
 4 0.077 1 0.185 0.282 -0.114 1
 4 0.077 3 0.291 0.282 -0.205 1
 4 0.077 6 0.317 0.385 -0.273 1
 5 0.077 6 0.344 0.385 -0.295 1
 5 0.043 1 0.265 0.359 -0.205 1
 5 0.120 1 0.132 0.410 -0.091 1
 5 0.120 1 0.106 0.462 -0.068 1
 5 0.103 1 0.106 0.462 -0.091 1
 5 0.128 1 0.132 0.462 -0.091 1
 5 0.154 3 0.185 0.436 -0.091 1
 5 0.154 1 0.238 0.487 -0.136 1
 5 0.120 1 0.265 0.564 -0.273 1
 5 0.120 4 0.291 0.513 -0.273 1
 5 0.188 1 0.344 0.564 -0.295 1
 5 0.188 4 0.317 0.590 -0.318 1