 7 0.120 1 0.265 0.154 0.205 0
 7 0.120 1 0.265 0.128 0.409 0
 7 0.094 1 0.291 0.103 0.409 0
 7 0.154 1 0.238 0.128 0.477 0
 7 0.154 1 0.185 0.154 0.568 1
 7 0.111 1 0.159 0.103 0.591 1
 7 0.077 1 0.132 0.103 0.477 1
 7 0.120 1 0.132 0.128 0.432 1
 7 0.137 1 0.106 0.154 0.386 1
 7 0.179 1 0.106 0.154 0.341 1
 7 0.179 1 0.106 0.103 0.250 1
 7 0.103 1 0.079 0.077 0.227 1
 8 0.103 1 0.053 0.103 0.091 1
 8 0.103 1 0.000 0.026 0.114 1
 8 0.103 1 0.000 0.026 0.136 1
 8 0.103 1 0.000 -0.077 0.091 1
 8 0.077 1 0.000 -0.077 0.068 1
 8 0.103 1 0.000 -0.128 0.068 1
 8 0.103 4 0.000 -0.103 0.068 1
 8 0.077 1 0.000 -0.128 0.068 1
 8 0.077 1 0.000 -0.128 0.068 1
 8 0.051 1 0.000 -0.154 0.045 1
 8 0.162 1 0.026 -0.205 0.045 1
 8 0.214 4 0.026 -0.231 0.000 1
 9 0.231 3 0.079 -0.231 -0.023 1
 9 0.256 1 0.079 -0.179 0.000 1
 9 0.256 3 0.079 -0.205 0.000 1
 9 0.214 3 0.053 -0.231 -0.023 1
 9 0.171 3 0.079 -0.179 -0.023 1
 9 0.162 1 0.079 -0.154 -0.023 1
 9 0.154 1 0.079 -0.179 -0.023 1
 9 0.085 1 0.079 -0.205 -0.023 1
 9 0.051 1 0.079 -0.205 -0.023 1
 9 0.051 1 0.053 -0.154 -0.023 1
 9 0.077 1 0.079 -0.179 0.023 1
 10 0.077 1 0.053 -0.179 0.023 1
 10 0.051 1 0.053 -0.282 0.000 1
 10 0.051 1 0.053 -0.282 0.000 1
 10 0.043 1 0.053 -0.410 0.000 1
 10 0.051 3 0.026 -0.487 0.000 1
 10 0.077 1 0.026 -0.436 0.000 1
 10 0.077 1 0.026 -0.410 0.000 1
 10 0.051 1 0.026 -0.385 0.000 1
 10 0.051 4 0.026 -0.359 0.000 1
 10 0.051 1 0.026 -0.282 0.000 1
 11 0.051 1 0.000 -0.026 0.000 0
 11 0.051 3 0.000 -0.103 0.000 0
 11 0.051 4 0.000 0.154 0.000 0
 11 0.051 3 0.000 0.359 0.000 0
 11 0.051 6 0.000 0.359 0.000 0
 11 0.051 3 0.000 0.308 -0.023 0
 11 0.051 1 0.000 0.308 -0.023 0
 11 0.051 1 0.000 0.333 -0.023 0
 11 0.026 1 0.000 0.333 -0.023 0
 11 0.128 1 0.000 0.282 -0.023 0
 12 0.128 1 0.000 0.436 -0.023 0
 12 0.179 1 0.000 0.436 -0.023 0
 12 0.179 1 0.000 0.564 -0.023 0
 12 0.068 1 0.000 0.590 -0.023 0
 12 0.077 1 0.026 0.615 -0.023 0
 12 0.077 1 0.026 0.590 -0.023 0
 12 0.051 1 0.026 0.590 0.000 0
 12 0.043 1 0.026 0.590 0.000 0
 12 0.077 1 0.026 0.538 0.000 0
 12 0.077 1 0.026 0.564 0.000 0
 12 0.051 1 0.026 0.564 0.000 0
 12 0.043 1 0.026 0.564 0.000 0
 13 0.060 1 0.026 0.205 0.000 0
 13 0.060 1 0.026 0.256 -0.023 0
 13 0.051 3 0.026 0.282 -0.023 0
 13 0.026 1 0.000 0.000 -0.023 0
 13 0.034 1 0.000 -0.231 -0.023 0
 13 0.034 1 0.000 -0.231 -0.023 0
 13 0.034 1 0.000 -0.256 -0.023 0
 13 0.043 1 0.000 -0.256 -0.023 0
 13 0.077 1 0.000 -0.308 -0.023 0
 13 0.077 1 0.000 -0.282 -0.023 0
 13 0.077 1 0.000 -0.205 -0.023 0
 13 0.077 1 0.000 -0.231 -0.023 0
 14 0.060 1 0.000 -0.256 0.000 0
 14 0.060 1 0.000 -0.256 0.000 0
 14 0.051 1 0.000 -0.282 0.000 0
 14 0.068 1 0.000 -0.282 0.000 0
 14 0.068 1 0.000 -0.256 0.000 0
 14 0.051 1 0.000 -0.231 0.000 0
 14 0.034 1 0.000 -0.256 0.000 0
 14 0.026 1 0.000 -0.231 0.000 0
 14 0.051 1 0.000 -0.205 0.000 0
 14 0.051 3 0.000 -0.282 0.023 0
 14 0.043 1 0.000 -0.256 0.023 0
 15 0.043 3 0.000 -0.256 0.000 0
 15 0.051 3 0.000 -0.205 0.023 0
 15 0.051 3 0.000 -0.128 0.023 0
 15 0.051 1 0.000 -0.128 0.023 0
 15 0.051 3 0.000 -0.128 0.023 0
 15 0.026 1 0.000 -0.128 0.023 0
 15 0.026 1 0.000 -0.077 0.023 0
 15 0.051 4 0.000 -0.103 0.023 0
 15 0.051 1 0.000 -0.077 0.023 0
 15 0.060 1 0.000 -0.077 0.000 0
 15 0.060 1 0.000 -0.077 0.000 0
 15 0.051 1 0.000 -0.103 0.023 0
 16 0.051 3 0.000 -0.026 0.000 0
 16 0.051 3 0.000 -0.026 0.000 0
 16 0.077 3 0.000 0.000 -0.023 0
 16 0.077 3 0.000 0.000 -0.023 0
 16 0.077 4 0.000 -0.026 -0.023 0
 16 0.077 1 0.000 -0.051 -0.023 0
 16 0.085 4 0.000 -0.051 -0.023 0
 16 0.085 4 0.000 -0.051 -0.023 0
 16 0.077 1 0.000 -0.051 -0.023 0
 16 0.060 4 0.000 0.051 -0.023 0
 16 0.060 1 0.000 0.051 -0.023 0
 16 0.043 4 0.000 0.077 -0.023 0
 17 0.034 4 0.000 0.051 -0.023 0
 17 0.043 1 0.000 0.077 0.000 0
 17 0.043 4 0.000 0.103 0.000 0
 17 0.043 1 0.000 0.077 0.000 0
 17 0.026 1 0.000 0.103 0.000 0
 17 0.034 1 0.000 0.128 0.000 0
 17 0.034 1 0.000 0.179 0.000 0
 17 0.017 1 0.000 0.205 0.000 0
 17 0.017 1 0.000 0.205 0.000 0
 17 0.017 1 0.000 0.205 0.000 0
 17 0.034 1 0.000 0.231 0.000 0
 17 0.034 1 0.000 0.179 0.000 0
 18 0.034 1 0.000 0.205 0.000 0
 18 0.017 1 0.000 0.205 0.000 0
 18 0.017 1 0.000 0.205 0.000 0
 18 0.017 1 0.000 0.231 0.000 0
 18 0.017 1 0.000 0.205 0.000 0
 18 0.026 1 0.000 0.256 0.000 0
 18 0.034 1 0.000 0.256 0.000 0
 18 0.034 1 0.000 0.256 0.000 0
 18 0.043 1 0.000 0.231 0.000 0
 18 0.051 1 0.000 0.256 0.000 0
 18 0.051 1 0.000 0.282 0.000 0
 18 0.051 1 0.000 0.282 0.000 0
 19 0.060 1 0.000 0.256 0.000 0
 19 0.060 1 0.000 0.308 0.000 0
 19 0.051 1 0.000 0.308 0.000 0
 19 0.051 1 0.000 0.282 0.000 0
 19 0.051 1 0.000 0.231 0.000 0
 19 0.051 1 0.000 0.231 0.000 0
 19 0.051 1 0.000 0.179 0.000 0
 19 0.051 1 0.000 0.231 0.000 0
 19 0.051 1 0.000 0.205 0.000 0
 19 0.043 1 0.000 0.179 0.000 0
 19 0.017 1 0.000 0.154 0.000 0
 19 0.017 1 0.000 0.128 0.000 0
 20 0.017 1 0.000 0.154 0.000 0
 20 0.017 1 0.000 0.154 0.000 0
 20 0.017 1 0.000 0.128 0.000 0
 20 0.017 1 0.000 0.154 0.000 0
 20 0.034 1 0.000 0.128 0.000 0
 20 0.034 1 0.000 0.128 0.000 0
 20 0.034 1 0.000 0.077 0.000 0
 20 0.043 1 0.000 0.077 0.000 0
 20 0.043 1 0.000 0.051 0.000 0
 20 0.043 1 0.000 0.000 0.000 0
 20 0.043 1 0.000 -0.026 0.000 0
 21 0.034 1 0.000 -0.051 0.000 0
 21 0.034 1 0.000 -0.103 0.000 0
 21 0.034 1 0.000 -0.077 0.000 0
 21 0.051 1 0.000 -0.077 0.000 0
 21 0.077 1 0.000 -0.051 0.000 0
 21 0.077 1 0.000 -0.128 0.000 0
 21 0.077 1 0.000 -0.103 0.000 0
 21 0.077 1 0.000 -0.128 0.000 0
 21 0.077 1 0.000 -0.128 0.000 0
 21 0.077 1 0.000 -0.128 0.000 0
 21 0.077 1 0.000 -0.128 0.000 0
 21 0.077 1 0.000 -0.128 -0.023 0
 22 0.077 1 0.000 -0.205 -0.023 0
 22 0.051 1 0.000 -0.231 -0.023 0
 22 0.043 1 0.000 -0.231 -0.023 0
 22 0.043 1 0.000 -0.205 -0.023 0
 22 0.043 1 0.000 -0.231 -0.023 0
 22 0.051 1 0.000 -0.256 -0.023 0
 22 0.051 1 0.000 -0.179 -0.023 0
 22 0.043 1 0.000 -0.231 -0.023 0
 22 0.043 1 0.000 -0.231 -0.023 0
 22 0.043 1 0.000 -0.256 -0.023 0
 22 0.060 1 0.000 -0.256 0.000 0
 22 0.077 1 0.000 -0.282 0.000 0
 23 0.094 1 0.000 -0.308 0.000 0
 23 0.094 1 0.000 -0.308 0.000 0
 23 0.077 1 0.000 -0.359 0.000 0
 23 0.103 1 0.000 -0.333 0.000 0
 23 0.103 1 0.000 -0.333 0.000 0
 23 0.094 1 0.000 -0.333 0.000 0
 23 0.094 1 0.000 -0.333 0.000 0
 23 0.077 1 0.000 -0.333 0.023 0
 23 0.077 1 -0.026 -0.308 0.023 0
 23 0.077 1 -0.026 -0.308 0.023 0
 23 0.111 1 -0.026 -0.359 0.023 0
 0 0.111 1 -0.026 -0.308 0.023 0
 0 0.068 1 -0.026 -0.359 0.023 0
 0 0.068 1 -0.026 -0.282 0.023 0
 0 0.077 1 -0.026 -0.333 0.045 0
 0 0.077 1 -0.026 -0.359 0.045 0
 0 0.077 1 -0.053 -0.333 0.045 0
 0 0.068 1 -0.053 -0.385 0.045 0
 0 0.060 1 -0.053 -0.385 0.045 0
 0 0.077 3 -0.026 -0.359 0.023 0
 0 0.077 1 -0.053 -0.308 0.023 0
 0 0.077 1 -0.053 -0.308 0.045 0
 1 0.077 1 -0.053 -0.308 0.045 0
 1 0.103 1 -0.053 -0.282 0.023 0
 1 0.103 1 -0.079 -0.308 0.045 0
 1 0.051 1 -0.079 -0.308 0.000 0
 1 0.051 3 -0.106 -0.333 -0.023 0
 1 0.051 1 -0.106 -0.282 -0.045 0
 1 0.051 6 -0.106 -0.282 -0.091 0
 1 0.060 1 -0.106 -0.256 -0.091 0
 1 0.060 1 -0.106 -0.231 -0.114 0
 1 0.051 1 -0.079 -0.231 -0.068 0
 1 0.077 1 -0.079 -0.205 -0.136 0
 1 0.077 1 -0.106 -0.205 -0.114 0
 2 0.077 1 -0.106 -0.231 -0.114 0
 2 0.051 1 -0.106 -0.179 -0.159 0
 2 0.043 1 -0.132 -0.231 -0.182 0
 2 0.043 1 -0.159 -0.231 -0.318 0
 2 0.051 1 -0.159 -0.179 -0.341 0
 2 0.051 1 -0.212 -0.179 -0.500 0
 2 0.017 1 -0.265 -0.205 -0.523 0
 2 0.009 6 -0.291 -0.128 -0.477 0
 2 0.034 1 -0.291 -0.154 -0.500 0
 2 0.043 1 -0.291 -0.128 -0.455 0
 2 0.043 3 -0.291 -0.128 -0.432 0
 2 0.051 1 -0.291 -0.077 -0.386 0
 3 0.051 1 -0.291 -0.103 -0.341 0
 3 0.051 1 -0.238 -0.051 -0.295 0
 3 0.051 4 -0.212 0.026 -0.114 0
 3 0.034 1 -0.212 0.026 -0.045 0
 3 0.043 1 -0.185 0.077 0.182 0
 3 0.060 1 -0.132 0.077 0.227 0
 3 0.077 1 -0.106 0.051 0.205 0
 3 0.077 3 -0.132 0.026 0.250 0
 3 0.077 3 -0.079 0.026 0.205 0
 3 0.077 3 -0.079 0.026 0.136 0
 3 0.077 3 -0.079 0.103 0.136 0
 3 0.077 1 -0.053 0.179 0.136 0
 4 0.094 4 -0.079 0.179 0.114 0
 4 0.094 1 -0.079 0.205 0.114 0
 4 0.051 1 -0.053 0.256 0.091 0
 4 0.051 3 -0.053 0.256 0.091 0
 4 0.077 1 -0.053 0.282 0.068 0
 4 0.077 1 -0.079 0.359 0.091 0
 4 0.060 3 -0.106 0.333 0.091 0
 4 0.060 4 -0.159 0.333 0.136 0
 4 0.051 1 -0.159 0.359 0.227 0
 4 0.103 3 -0.106 0.436 0.159 0
 4 0.103 1 -0.132 0.436 0.136 0
 5 0.137 1 -0.159 0.462 0.227 0
 5 0.137 1 -0.106 0.513 0.136 0
 5 0.128 4 -0.159 0.487 0.159 0
 5 0.060 1 -0.238 0.513 0.250 0
 5 0.060 1 -0.291 0.462 0.273 0
 5 0.043 1 -0.265 0.462 0.273 0
 5 0.094 3 -0.159 0.462 0.182 0
 5 0.094 1 -0.159 0.487 0.182 0
 5 0.137 1 -0.079 0.564 0.068 0
 5 0.205 4 -0.026 0.564 0.000 0
 5 0.205 1 0.106 0.538 -0.091 0
 5 0.162 1 0.185 0.462 -0.205 0
 6 0.239 1 0.238 0.487 -0.182 0
 6 0.282 1 0.370 0.487 -0.318 0
 6 0.282 1 0.529 0.487 -0.477 0
 6 0.265 1 0.608 0.487 -0.568 0
 6 0.265 1 0.635 0.487 -0.614 0
 6 0.231 1 0.608 0.436 -0.614 0
 6 0.222 1 0.608 0.487 -0.614 0
 6 0.188 1 0.556 0.513 -0.568 0
 6 0.188 1 0.450 0.538 -0.455 0
 6 0.145 1 0.344 0.462 -0.364 0
 6 0.145 1 0.291 0.436 -0.318 0
 6 0.154 1 0.185 0.436 -0.273 0
 7 0.154 1 0.132 0.333 -0.136 0
 7 0.154 1 0.106 0.333 0.000 0
 7 0.179 1 0.106 0.359 0.250 0
 7 0.179 1 0.079 0.333 0.364 0
 7 0.137 1 0.053 0.308 0.409 0
 7 0.128 1 0.026 0.333 0.364 0
 7 0.103 1 0.000 0.333 0.295 0
 7 0.103 1 -0.026 0.282 0.136 0
 7 0.077 1 -0.079 0.308 0.091 0
 7 0.077 1 -0.132 0.308 0.068 0
 7 0.077 1 -0.185 0.333 0.159 0
 7 0.077 1 -0.291 0.282 0.205 0
 8 0.051 1 -0.450 0.333 0.273 0
 8 0.111 1 -0.503 0.308 0.114 0
 8 0.145 1 -0.476 0.308 0.045 0
 8 0.145 1 -0.423 0.308 -0.023 0
 8 0.120 1 -0.344 0.282 -0.045 0
 8 0.120 1 -0.317 0.205 0.000 0
 8 0.145 1 -0.238 0.205 0.136 0
 8 0.145 6 -0.159 0.128 0.136 0
 8 0.120 6 -0.106 0.128 0.114 0
 8 0.103 3 -0.026 0.128 0.023 0
 8 0.103 7 0.053 0.077 -0.045 0
 9 0.111 1 0.185 0.077 -0.205 0
 9 0.111 1 0.212 0.026 -0.273 0
 9 0.103 1 0.212 -0.051 -0.295 0
 9 0.103 1 0.185 -0.051 -0.273 0
 9 0.111 1 0.159 -0.026 -0.250 0
 9 0.154 1 0.185 -0.051 -0.250 0
 9 0.179 1 0.159 -0.051 -0.250 0
 9 0.188 1 0.159 -0.103 -0.205 0
 9 0.188 1 0.159 -0.128 -0.182 0
 9 0.154 1 0.185 -0.154 -0.182 0
 9 0.154 1 0.185 -0.128 -0.182 0
 9 0.094 1 0.185 -0.179 -0.182 0
 10 0.137 1 0.185 -0.256 -0.159 0
 10 0.137 1 0.159 -0.308 -0.136 0
 10 0.094 4 0.159 -0.359 -0.114 0
 10 0.120 1 0.132 -0.462 -0.091 0
 10 0.120 1 0.132 -0.410 -0.045 0
 10 0.137 1 0.159 -0.385 0.136 0
 10 0.154 1 0.159 -0.410 0.364 0
 10 0.154 1 0.185 -0.410 0.523 0
 10 0.060 1 0.185 -0.410 0.614 0
 10 0.060 1 0.185 -0.410 0.659 0
 10 0.051 1 0.185 -0.385 0.682 0
 11 0.077 4 0.185 -0.359 0.682 0
 11 0.094 3 0.185 -0.333 0.682 0
 11 0.128 1 0.159 -0.333 0.682 0
 11 0.128 1 0.159 -0.282 0.705 0
 11 0.077 4 0.132 -0.308 0.682 0
 11 0.077 1 0.079 -0.333 0.523 0
 11 0.094 1 0.053 -0.436 0.295 0
 11 0.094 3 0.026 -0.436 0.159 0
 11 0.085 1 0.000 -0.487 0.068 0
 11 0.103 1 0.000 -0.462 0.023 0
 11 0.103 1 0.000 -0.513 0.000 0
 11 0.103 1 0.026 -0.436 0.000 0
 12 0.068 4 0.026 -0.410 0.000 0
 12 0.051 1 0.026 -0.385 0.023 0
 12 0.077 3 0.026 -0.333 0.023 0
 12 0.077 1 0.026 -0.256 0.023 0
 12 0.068 3 0.026 -0.231 0.023 0
 12 0.068 1 0.026 -0.256 0.023 0
 12 0.068 1 0.026 -0.256 0.023 0
 12 0.051 1 0.026 -0.256 0.023 0
 12 0.051 1 0.026 -0.282 0.023 0
 12 0.034 1 0.026 -0.333 0.023 0
 12 0.026 3 0.026 -0.308 0.000 0
 12 0.034 6 0.026 -0.308 0.000 0
 13 0.034 1 0.026 -0.308 -0.023 0
 13 0.034 1 0.026 -0.308 -0.023 0
 13 0.034 1 0.026 -0.359 -0.023 0
 13 0.034 1 0.026 -0.359 -0.023 0
 13 0.017 1 0.026 -0.333 -0.023 0
 13 0.017 7 0.026 -0.282 -0.023 0
 13 0.017 7 0.026 -0.282 -0.023 0
 13 0.017 6 0.026 -0.256 -0.023 0
 13 0.026 1 0.026 -0.308 -0.023 0
 13 0.026 3 0.000 -0.256 0.000 0
 13 0.051 1 0.000 -0.282 0.000 0
 13 0.051 4 0.000 -0.282 0.000 0
 14 0.051 4 0.000 -0.282 0.000 0
 14 0.043 1 0.000 -0.282 0.000 0
 14 0.026 1 0.000 -0.256 0.000 0
 14 0.017 4 0.000 -0.359 0.000 0
 14 0.034 6 0.000 -0.333 0.000 0
 14 0.034 1 0.000 -0.333 0.000 0
 14 0.026 3 0.000 -0.308 0.000 0
 14 0.026 6 0.000 -0.308 0.000 0
 14 0.017 1 0.026 -0.256 0.000 0
 14 0.009 7 0.026 -0.231 0.000 0
 14 0.017 7 0.026 -0.231 0.000 0
 15 0.017 7 0.026 -0.205 0.000 0
 15 0.026 7 0.026 -0.205 0.000 0
 15 0.026 7 0.026 -0.179 0.000 0
 15 0.026 1 0.026 -0.154 0.000 0
 15 0.017 1 0.026 -0.179 0.000 0
 15 0.017 1 0.026 -0.154 -0.023 0
 15 0.017 1 0.026 -0.128 -0.023 0
 15 0.017 1 0.026 -0.128 -0.023 0
 15 0.017 9 0.000 -0.077 -0.023 0
 15 0.009 10 0.000 -0.077 0.000 0
 15 0.000 9 0.000 -0.026 0.000 0
 15 0.009 10 0.000 -0.051 0.000 0
 16 0.009 0 0.000 0.000 0.000 0
 16 0.000 0 0.000 0.000 -0.023 0
 16 0.000 0 0.000 0.000 -0.023 0
 16 0.000 0 0.000 0.051 -0.023 0
 16 0.000 0 0.000 0.051 0.000 0
 16 0.000 0 0.000 0.077 0.000 0
 16 0.000 0 0.000 0.051 0.000 0
 16 0.000 0 0.000 0.077 0.000 0
 16 0.000 0 0.026 0.128 -0.023 0
 16 0.000 0 0.026 0.154 -0.023 0
 16 0.000 0 0.026 0.128 -0.023 0
 16 0.000 0 0.026 0.179 -0.023 0
 17 0.000 4 0.026 0.205 0.000 0
 17 0.000 7 0.000 0.205 0.000 0
 17 0.000 3 0.000 0.256 0.000 0
 17 0.009 3 0.000 0.308 0.000 0
 17 0.009 1 0.000 0.256 0.023 0
 17 0.009 6 0.000 0.256 0.023 0
 17 0.000 7 0.000 0.308 0.023 0
 17 0.009 6 -0.026 0.308 0.023 0
 17 0.009 9 -0.026 0.282 0.023 0
 17 0.000 7 -0.026 0.308 0.000 0
 17 0.009 9 -0.026 0.308 0.000 0
 17 0.017 9 -0.026 0.308 0.000 0
 18 0.026 7 0.000 0.333 0.000 0
 18 0.034 7 0.000 0.333 0.000 0
 18 0.043 7 0.000 0.333 0.000 0
 18 0.043 6 0.000 0.333 -0.023 0
 18 0.043 4 0.000 0.359 -0.023 0
 18 0.043 7 0.000 0.359 -0.023 0
 18 0.043 7 0.000 0.359 -0.023 0
 18 0.043 7 0.000 0.282 -0.023 0
 18 0.043 7 0.000 0.282 0.023 0
 18 0.051 7 0.000 0.282 0.023 0
 18 0.051 7 0.000 0.231 0.023 0
 18 0.051 7 0.000 0.256 0.023 0
 19 0.051 7 0.000 0.256 0.000 0
 19 0.051 7 0.000 0.205 0.000 0
 19 0.051 7 0.000 0.154 0.000 0
 19 0.034 9 0.000 0.179 0.000 0
 19 0.017 9 0.000 0.179 0.000 0
 19 0.017 6 0.000 0.128 0.000 0
 19 0.017 6 0.000 0.128 0.000 0
 19 0.017 9 0.000 0.128 -0.023 0
 19 0.017 7 0.000 0.103 -0.023 0
 19 0.017 7 0.000 0.154 -0.023 0
 19 0.017 7 0.000 0.103 -0.023 0
 20 0.017 6 0.000 0.103 -0.023 0
 20 0.017 4 0.000 0.051 -0.023 0
 20 0.034 6 0.000 0.051 -0.023 0
 20 0.034 4 0.000 0.077 -0.023 0
 20 0.034 1 0.000 0.026 -0.023 0
 20 0.051 1 0.000 0.026 -0.023 0
 20 0.051 1 0.000 0.000 -0.023 0
 20 0.034 1 0.000 0.051 -0.023 0
 20 0.051 1 0.000 0.000 -0.023 0
 20 0.051 1 0.000 0.026 -0.023 0
 20 0.051 1 0.000 0.000 -0.023 0
 20 0.051 1 0.000 0.000 0.000 0
 21 0.051 1 0.000 0.000 0.000 0
 21 0.051 1 0.000 0.000 0.000 0
 21 0.043 1 0.000 0.026 0.000 0
 21 0.051 1 0.000 0.051 0.000 0
 21 0.068 1 0.000 0.051 0.000 0
 21 0.068 1 0.000 0.051 0.000 0
 21 0.068 1 0.000 0.077 0.000 0
 21 0.068 1 0.000 0.051 0.000 0
 21 0.051 1 0.000 0.000 0.000 0
 21 0.060 1 0.000 -0.051 0.000 0
 21 0.077 1 0.000 -0.026 0.000 0
 21 0.077 1 0.026 -0.051 0.000 0
 22 0.077 1 0.026 0.000 0.000 0
 22 0.077 1 0.026 -0.026 0.000 0
 22 0.077 1 0.026 -0.077 0.000 0
 22 0.077 1 0.026 -0.077 0.000 0
 22 0.077 1 0.026 -0.103 0.000 0
 22 0.068 1 0.026 -0.103 0.000 0
 22 0.077 1 0.026 -0.128 0.000 0
 22 0.077 1 0.026 -0.128 0.000 0
 22 0.077 1 0.026 -0.103 0.000 0
 22 0.077 1 0.026 -0.128 0.000 0
 22 0.068 1 0.000 -0.205 0.000 0
 23 0.077 1 0.000 -0.231 0.000 0
 23 0.077 1 0.000 -0.256 0.000 0
 23 0.077 1 0.000 -0.256 0.000 0
 23 0.103 1 0.000 -0.256 0.000 0
 23 0.103 1 0.000 -0.308 0.000 0
 23 0.094 1 -0.026 -0.282 0.000 0
 23 0.077 1 -0.026 -0.308 0.000 0
 23 0.068 1 -0.026 -0.282 0.000 0
 23 0.051 1 -0.026 -0.282 0.000 0
 23 0.051 4 -0.026 -0.282 0.000 0
 23 0.051 1 -0.053 -0.359 0.023 0
 23 0.077 1 -0.053 -0.359 0.023 0
 0 0.128 1 -0.053 -0.436 0.023 0
 0 0.128 1 -0.053 -0.410 0.045 0
 0 0.077 1 -0.079 -0.359 0.045 0
 0 0.077 1 -0.106 -0.385 0.045 0
 0 0.077 1 -0.079 -0.359 0.045 0
 0 0.077 1 -0.079 -0.308 0.023 0
 0 0.103 1 -0.106 -0.333 0.000 0
 0 0.103 1 -0.132 -0.333 -0.045 0
 0 0.085 1 -0.159 -0.359 -0.205 0
 0 0.085 1 -0.185 -0.359 -0.318 0
 0 0.103 1 -0.212 -0.308 -0.477 0
 0 0.103 1 -0.238 -0.308 -0.500 0
 1 0.077 1 -0.238 -0.308 -0.591 0
 1 0.077 1 -0.238 -0.308 -0.614 0
 1 0.077 1 -0.238 -0.308 -0.636 0
 1 0.077 1 -0.265 -0.308 -0.614 0
 1 0.103 1 -0.291 -0.282 -0.568 0
 1 0.120 1 -0.265 -0.308 -0.545 0
 1 0.120 1 -0.238 -0.308 -0.500 0
 1 0.077 1 -0.238 -0.333 -0.295 0
 1 0.060 1 -0.238 -0.333 -0.182 0
 1 0.060 1 -0.238 -0.282 0.045 0
 1 0.026 6 -0.291 -0.282 0.136 0
 1 0.043 1 -0.370 -0.231 0.318 0
 2 0.043 1 -0.344 -0.231 0.341 0
 2 0.043 1 -0.317 -0.256 0.364 0
 2 0.043 1 -0.291 -0.231 0.341 0
 2 0.043 1 -0.265 -0.231 0.318 0
 2 0.043 1 -0.265 -0.256 0.318 0
 2 0.043 1 -0.265 -0.231 0.318 0
 2 0.043 1 -0.238 -0.231 0.273 0
 2 0.043 1 -0.185 -0.231 0.250 0
 2 0.043 1 -0.159 -0.179 0.182 0
 2 0.043 1 -0.079 -0.179 0.114 0
 7 0.111 1 -0.026 0.769 -0.023 0
 7 0.103 3 0.000 0.795 -0.045 0
 7 0.026 1 0.053 0.846 -0.023 0
 7 0.026 1 0.000 0.872 0.023 0
 7 0.026 4 -0.053 0.846 -0.023 0
 7 0.026 6 -0.079 0.897 0.045 0
 7 0.026 7 -0.079 0.949 0.136 0
 8 0.077 6 -0.079 0.949 0.114 0
 8 0.077 9 -0.079 1.000 0.136 0
 8 0.026 6 -0.106 0.949 0.114 0
 8 0.171 7 -0.106 0.231 0.114 0
 8 0.103 7 -0.159 0.154 0.159 0
 8 0.026 9 -0.106 0.179 0.159 0
 8 0.077 1 -0.079 0.128 0.136 0
 8 0.103 3 0.000 0.154 0.045 0
 8 0.111 4 0.053 0.077 -0.045 0
 8 0.111 1 0.106 0.077 -0.114 0
 8 0.077 7 0.106 0.103 -0.159 0
 8 0.077 1 0.132 0.205 -0.159 0
 9 0.077 1 0.132 0.179 -0.205 0
 9 0.077 7 0.132 0.205 -0.182 0
 9 0.077 1 0.132 0.128 -0.182 0
 9 0.111 1 0.132 0.154 -0.182 0
 9 0.111 1 0.106 0.179 -0.182 0
 9 0.111 3 0.106 0.154 -0.182 0
 9 0.111 1 0.079 0.103 -0.159 0
 9 0.111 6 0.079 0.051 -0.114 0
 9 0.154 3 0.053 0.103 -0.068 0
 9 0.154 1 0.053 0.000 -0.045 0
 9 0.154 3 0.026 -0.051 -0.023 0
 10 0.154 4 0.026 -0.026 0.000 0
 10 0.214 3 0.026 -0.051 0.000 0
 10 0.214 3 0.026 0.000 0.000 0
 10 0.214 4 0.053 0.026 -0.023 0
 10 0.214 3 0.053 -0.077 -0.023 0
 10 0.214 4 0.053 -0.154 -0.023 0
 10 0.188 3 0.079 -0.179 -0.023 0
 10 0.205 4 0.053 -0.128 -0.023 0
 10 0.282 3 0.053 -0.103 -0.023 0
 10 0.291 3 0.053 -0.103 0.000 0
 10 0.265 1 0.079 -0.179 0.000 0
 10 0.154 3 0.079 -0.179 0.023 0
 11 0.179 4 0.079 -0.179 0.023 0
 11 0.179 4 0.079 -0.205 0.045 0
 11 0.128 1 0.053 -0.179 0.091 0
 11 0.188 1 0.053 -0.231 0.114 0
 11 0.188 1 0.079 -0.179 0.136 0
 11 0.094 3 0.053 -0.179 0.159 0
 11 0.128 4 0.053 -0.205 0.182 0
 11 0.137 1 0.053 -0.179 0.182 0
 11 0.137 1 0.053 -0.282 0.182 0
 11 0.128 6 0.026 -0.256 0.182 0
 11 0.060 6 0.053 -0.205 0.205 0
 11 0.051 6 0.053 -0.308 0.227 0
 12 0.060 6 0.053 -0.410 0.250 0
 12 0.060 1 0.053 -0.462 0.227 0
 12 0.060 3 0.053 -0.462 0.205 0
 12 0.026 9 0.026 -0.359 0.227 0
 12 0.026 1 0.026 -0.359 0.227 0
 12 0.034 1 0.026 -0.333 0.227 0
 12 0.060 1 0.053 -0.410 0.250 0
 12 0.060 4 0.053 -0.436 0.250 0
 12 0.051 6 0.053 -0.462 0.273 0
 12 0.051 6 0.026 -0.410 0.227 0
 12 0.085 4 0.026 -0.462 0.205 0
 12 0.154 1 0.000 -0.513 0.159 0
 13 0.162 1 0.000 -0.462 0.159 0
 13 0.162 3 0.000 -0.487 0.159 0
 13 0.128 3 0.000 -0.487 0.114 0
 13 0.111 1 0.000 -0.487 0.114 0
 13 0.077 6 0.026 -0.538 0.091 0
 13 0.077 4 0.000 -0.513 0.068 0
 13 0.077 1 0.000 -0.538 0.068 0
 13 0.068 6 0.000 -0.462 0.068 0
 13 0.034 7 0.000 -0.462 0.068 0
 13 0.034 9 0.000 -0.513 0.091 0
 13 0.034 1 0.026 -0.410 0.114 0
 13 0.068 6 0.026 -0.385 0.114 0
 14 0.068 10 0.026 -0.333 0.114 0
 14 0.026 10 0.026 -0.308 0.114 0
 14 0.034 6 0.026 -0.333 0.114 0
 14 0.034 6 0.000 -0.333 0.114 0
 14 0.026 7 0.000 -0.282 0.136 0
 14 0.034 7 0.000 -0.256 0.114 0
 14 0.034 6 0.000 -0.308 0.091 0
 14 0.077 3 0.000 -0.231 0.091 0
 14 0.077 1 0.000 -0.231 0.068 0
 14 0.060 1 0.000 -0.231 0.045 0
 14 0.051 1 0.000 -0.179 0.045 0
 15 0.051 1 0.000 -0.231 0.068 0
 15 0.051 1 0.000 -0.205 0.068 0
 15 0.051 1 0.000 -0.231 0.045 0
 15 0.060 1 0.000 -0.282 0.045 0
 15 0.060 1 0.000 -0.256 0.023 0
 15 0.043 1 0.000 -0.205 0.045 0
 15 0.043 1 0.000 -0.179 0.045 0
 15 0.026 1 0.000 -0.179 0.045 0
 15 0.026 1 0.026 -0.103 0.045 0
 15 0.026 1 0.026 -0.103 0.045 0
 15 0.026 1 0.026 -0.103 0.045 0
 15 0.000 1 0.026 -0.026 0.023 0
 16 0.000 1 0.026 -0.026 0.045 0
 16 0.000 1 0.026 -0.026 0.045 0
 16 0.000 1 0.026 0.026 0.045 0
 16 0.000 1 0.026 0.051 0.045 0
 16 0.000 1 0.026 0.026 0.023 0
 16 0.017 1 0.026 0.026 0.000 0
 16 0.026 6 0.026 0.103 0.023 0
 16 0.026 6 -0.026 0.051 0.045 0
 16 0.060 3 0.000 0.051 0.023 0
 16 0.085 1 0.000 0.128 0.045 0
 16 0.094 1 0.000 0.128 0.045 0
 16 0.094 1 0.000 0.154 0.023 0
 17 0.094 1 0.000 0.179 0.023 0
 17 0.077 1 0.000 0.308 0.023 0
 17 0.094 1 0.000 0.308 0.023 0
 17 0.094 1 0.000 0.359 0.023 0
 17 0.077 1 0.000 0.308 0.045 0
 17 0.068 1 0.026 0.333 0.023 0
 17 0.068 1 0.053 0.359 0.000 0
 17 0.060 1 0.026 0.333 0.023 0
 17 0.060 1 0.026 0.359 0.000 0
 17 0.068 1 0.026 0.308 0.000 0
 17 0.068 1 0.026 0.333 0.000 0
 17 0.060 1 0.026 0.308 0.000 0
 18 0.051 1 0.026 0.308 0.000 0
 18 0.051 1 0.053 0.308 0.000 0
 18 0.051 1 0.053 0.308 -0.023 0
 18 0.051 1 0.053 0.308 -0.023 0
 18 0.051 1 0.026 0.359 -0.023 0
 18 0.077 1 0.026 0.333 -0.023 0
 18 0.085 1 0.026 0.359 -0.023 0
 18 0.085 1 0.026 0.359 -0.023 0
 18 0.043 1 0.026 0.359 -0.023 0
 18 0.034 1 0.026 0.333 -0.023 0
 18 0.034 1 0.026 0.308 -0.023 0
 19 0.034 1 0.026 0.308 -0.023 0
 19 0.051 1 0.000 0.231 -0.023 0
 19 0.077 1 0.000 0.205 0.000 0
 19 0.077 1 0.000 0.231 0.000 0
 19 0.051 1 0.000 0.205 0.000 0
 19 0.051 1 0.000 0.179 0.000 0
 19 0.051 1 0.000 0.179 0.000 0
 19 0.051 1 0.000 0.154 0.000 0
 19 0.051 1 0.000 0.103 0.000 0
 19 0.051 1 0.000 0.179 0.000 0
 19 0.034 1 0.000 0.128 0.000 0
 19 0.034 1 0.026 0.179 0.000 0
 20 0.026 1 0.026 0.154 0.000 0
 20 0.026 1 0.026 0.128 0.000 0
 20 0.026 1 0.026 0.154 0.000 0
 20 0.026 10 0.026 0.128 0.000 0
 20 0.009 10 0.026 0.103 0.000 0
 20 0.000 10 0.026 0.128 0.000 0
 20 0.009 10 0.026 0.077 0.000 0
 20 0.009 3 0.026 0.103 0.000 0
 20 0.017 4 0.026 0.051 0.000 0
 20 0.026 1 0.026 0.051 0.000 0
 20 0.034 3 0.000 0.077 0.000 0
 21 0.043 4 -0.026 0.000 0.000 0
 21 0.051 1 -0.026 0.000 0.000 0
 21 0.051 1 -0.026 0.051 0.000 0
 21 0.051 1 -0.026 0.000 0.000 0
 21 0.051 1 -0.026 0.026 0.000 0
 21 0.060 1 -0.026 0.026 0.000 0
 21 0.068 1 -0.026 0.051 0.000 0
 21 0.094 1 -0.026 0.000 0.000 0
 21 0.094 1 -0.026 0.026 0.000 0
 21 0.077 1 -0.026 -0.051 0.000 0
 21 0.077 1 -0.026 -0.051 0.000 0
 21 0.077 1 0.000 -0.103 0.000 0
 22 0.051 1 0.000 -0.154 0.000 0
 22 0.051 1 0.000 -0.179 0.000 0
 22 0.051 1 0.000 -0.205 0.000 0
 22 0.051 1 0.000 -0.179 0.000 0
 22 0.051 1 0.000 -0.179 0.000 0
 22 0.051 1 0.026 -0.205 0.000 0
 22 0.051 1 0.026 -0.205 0.000 0
 22 0.034 6 0.026 -0.231 0.000 0
 22 0.000 6 0.026 -0.256 0.000 0
 22 0.000 6 0.026 -0.179 -0.023 0
 22 0.017 6 0.026 -0.256 -0.023 0
 22 0.017 1 0.026 -0.231 -0.023 0
 23 0.017 7 0.026 -0.256 -0.023 0
 23 0.000 9 0.000 -0.256 -0.023 0
 23 0.026 6 0.000 -0.282 0.000 0
 23 0.026 9 0.000 -0.308 0.000 0
 23 0.026 7 -0.053 -0.333 0.000 0
 23 0.026 7 -0.053 -0.385 0.000 0
 23 0.026 1 -0.079 -0.359 0.023 0
 23 0.043 1 -0.079 -0.333 0.023 0
 23 0.051 1 -0.106 -0.359 0.068 0
 23 0.051 1 -0.106 -0.385 0.023 0
 23 0.051 1 -0.132 -0.359 0.000 0
 0 0.051 1 -0.159 -0.333 0.000 0
 0 0.034 1 -0.159 -0.333 -0.091 0
 0 0.051 1 -0.185 -0.308 -0.159 0
 0 0.051 1 -0.212 -0.333 -0.295 0
 0 0.051 1 -0.212 -0.333 -0.364 0
 0 0.068 1 -0.212 -0.333 -0.409 0
 0 0.068 1 -0.212 -0.333 -0.477 0
 0 0.051 1 -0.238 -0.308 -0.523 0
 0 0.077 1 -0.238 -0.308 -0.591 0
 0 0.077 1 -0.265 -0.359 -0.591 0
 0 0.094 1 -0.238 -0.308 -0.568 0
 0 0.094 1 -0.238 -0.308 -0.568 0
 1 0.077 1 -0.212 -0.308 -0.455 0
 1 0.085 1 -0.212 -0.333 -0.409 0
 1 0.085 1 -0.212 -0.308 -0.250 0
 1 0.051 4 -0.212 -0.308 -0.136 0
 1 0.034 1 -0.212 -0.308 -0.068 0
 1 0.051 1 -0.212 -0.308 -0.023 0
 1 0.051 1 -0.212 -0.308 0.068 0
 1 0.051 1 -0.212 -0.308 0.159 0
 1 0.051 1 -0.185 -0.256 0.227 0
 1 0.051 1 -0.212 -0.256 0.273 0
 1 0.094 1 -0.212 -0.231 0.273 0
 1 0.137 1 -0.212 -0.205 0.273 0
 2 0.137 1 -0.212 -0.179 0.273 0
 2 0.077 1 -0.238 -0.256 0.318 0
 2 0.094 1 -0.265 -0.231 0.318 0
 2 0.103 1 -0.265 -0.205 0.295 0
 2 0.103 4 -0.212 -0.205 0.318 0
 2 0.051 1 -0.159 -0.179 0.273 0
 2 0.051 1 -0.159 -0.205 0.250 0
 2 0.094 1 -0.212 -0.179 0.273 0
 2 0.094 1 -0.212 -0.128 0.273 0
 2 0.077 6 -0.159 -0.103 0.250 0
 2 0.103 1 -0.185 -0.128 0.273 0
 3 0.137 1 -0.159 -0.077 0.250 0
 3 0.137 3 0.000 -0.026 0.091 0
 3 0.103 1 0.106 -0.026 0.045 0
 3 0.103 1 0.079 0.026 0.023 0
 3 0.103 1 0.000 0.026 0.068 0
 3 0.103 1 0.000 0.051 0.045 0
 3 0.103 1 0.000 0.077 0.000 0
 3 0.068 1 -0.079 0.026 0.068 0
 3 0.060 1 -0.132 0.051 0.114 0
 3 0.128 1 -0.106 0.128 0.114 0
 3 0.128 1 0.000 0.128 0.023 0
 3 0.085 1 0.026 0.128 0.000 1
 4 0.060 1 -0.079 0.154 0.068 1
 4 0.094 1 -0.238 0.231 0.182 1
 4 0.094 1 -0.265 0.282 0.250 1
 4 0.094 1 -0.291 0.256 0.227 1
 4 0.094 1 -0.317 0.333 0.273 1
 4 0.128 1 -0.238 0.308 0.273 1
 4 0.128 1 0.000 0.359 0.045 1
 4 0.128 4 0.212 0.385 -0.114 1
 4 0.103 7 0.212 0.359 -0.136 1
 4 0.103 1 0.079 0.359 -0.068 1
 4 0.060 1 0.026 0.436 0.000 1
 4 0.060 1 0.026 0.410 0.023 1
 5 0.060 1 0.132 0.385 -0.068 0
 5 0.060 1 0.159 0.410 -0.114 0
 5 0.051 1 0.185 0.462 -0.159 0
 5 0.051 3 0.132 0.513 -0.114 0
 5 0.051 1 -0.026 0.513 0.000 0
 5 0.077 1 -0.185 0.513 0.136 0
 5 0.077 1 -0.317 0.538 0.227 0
 5 0.051 1 -0.344 0.538 0.250 0
 5 0.077 1 -0.238 0.487 0.182 0
 5 0.077 1 -0.132 0.538 0.114 0
 5 0.179 1 -0.053 0.564 0.023 0
 5 0.350 1 0.106 0.538 -0.136 0
 6 0.368 3 0.265 0.538 -0.273 0
 6 0.368 1 0.397 0.513 -0.364 0
 6 0.342 1 0.503 0.513 -0.523 0
 6 0.274 1 0.661 0.436 -0.727 0
 6 0.256 1 0.767 0.436 -0.818 0
 6 0.154 1 0.820 0.385 -0.795 0
 6 0.154 7 0.820 0.436 -0.773 0
 6 0.154 4 0.767 0.385 -0.591 0
 6 0.111 7 0.688 0.436 -0.614 0
 6 0.085 7 0.635 0.462 -0.523 0
 6 0.085 7 0.476 0.538 -0.409 0
 6 0.077 6 0.344 0.564 -0.227 0
 7 0.077 1 0.265 0.564 -0.045 0
 7 0.128 4 0.212 0.513 0.136 0
 7 0.128 1 0.159 0.487 0.341 0
 7 0.103 7 0.106 0.462 0.455 0
 7 0.077 7 0.026 0.462 0.386 0
 7 0.077 1 -0.026 0.513 0.364 0
 7 0.034 7 -0.106 0.462 0.045 0
 7 0.051 3 -0.185 0.462 -0.045 0
 7 0.051 1 -0.291 0.385 0.023 0
 7 0.060 1 -0.317 0.385 0.114 0
 7 0.103 1 -0.291 0.410 0.045 0
 7 0.103 1 -0.238 0.410 -0.091 0
 8 0.103 1 -0.185 0.385 -0.227 0
 8 0.068 1 -0.159 0.385 -0.364 0
 8 0.051 7 -0.106 0.462 -0.432 0
 8 0.060 1 -0.079 0.410 -0.409 0
 8 0.060 6 -0.053 0.462 -0.386 0
 8 0.060 6 0.026 0.513 -0.205 0
 8 0.077 6 0.106 0.513 -0.045 0
 8 0.077 1 0.212 0.385 -0.114 0
 8 0.077 1 0.238 0.308 -0.182 0
 8 0.068 6 0.212 0.128 -0.159 0
 9 0.077 1 0.159 0.051 -0.136 0
 9 0.103 1 0.079 0.051 -0.091 0
 9 0.111 1 0.079 0.077 -0.045 0
 9 0.145 1 0.026 0.077 -0.023 0
 9 0.145 1 0.026 0.051 -0.023 0
 9 0.111 1 0.026 0.051 -0.023 0
 9 0.111 1 0.026 -0.026 -0.023 0
 9 0.111 1 0.026 -0.026 -0.023 0
 9 0.111 1 0.000 -0.026 -0.023 0
 9 0.103 1 0.026 -0.026 -0.023 0
 9 0.154 1 0.026 -0.051 0.000 0
 9 0.154 1 0.026 -0.103 0.023 0
 10 0.111 1 0.053 -0.154 0.023 0
 10 0.111 1 0.026 -0.179 0.023 0
 10 0.111 1 0.026 -0.154 0.045 0
 10 0.111 1 0.026 -0.205 0.045 0
 10 0.077 1 0.053 -0.103 0.045 0
 10 0.077 1 0.053 -0.154 0.068 0
 10 0.077 1 0.053 -0.282 0.091 0
 10 0.077 1 0.053 -0.308 0.159 0
 10 0.060 1 0.053 -0.256 0.227 0
 10 0.034 7 0.053 -0.231 0.227 0
 10 0.094 7 0.053 -0.154 0.250 0
 11 0.094 6 0.053 -0.154 0.250 0
 11 0.068 7 0.053 -0.231 0.273 0
 11 0.077 1 0.053 -0.282 0.250 0
 11 0.103 3 0.053 -0.231 0.273 0
 11 0.103 1 0.026 -0.231 0.295 0
 11 0.077 1 0.026 -0.256 0.295 0
 11 0.077 1 0.026 -0.282 0.295 0
 11 0.077 1 0.026 -0.282 0.250 0
 11 0.077 1 0.026 -0.308 0.205 0
 11 0.077 1 0.026 -0.359 0.205 0
 11 0.077 1 0.026 -0.410 0.205 0
 11 0.026 1 0.026 -0.385 0.227 0
 12 0.043 1 0.026 -0.410 0.227 0
 12 0.043 1 0.026 -0.359 0.227 0
 12 0.026 6 0.026 -0.385 0.227 0
 12 0.043 6 0.026 -0.385 0.227 0
 12 0.051 7 0.026 -0.436 0.205 0
 12 0.051 7 0.026 -0.462 0.205 0
 12 0.051 7 0.053 -0.436 0.182 0
 12 0.043 7 0.026 -0.462 0.159 0
 12 0.077 7 0.026 -0.436 0.136 0
 12 0.077 7 0.026 -0.462 0.114 0
 12 0.043 1 0.026 -0.436 0.091 0
 13 0.060 7 0.026 -0.385 0.068 0
 13 0.060 4 0.026 -0.385 0.068 0
 13 0.077 7 0.026 -0.385 0.023 0
 13 0.077 6 0.026 -0.462 -0.045 0
 13 0.077 6 0.026 -0.462 -0.045 0
 13 0.068 1 0.026 -0.487 -0.091 0
 13 0.068 1 0.000 -0.462 -0.114 0
 13 0.068 1 0.000 -0.436 -0.136 0
 13 0.077 6 0.000 -0.462 -0.159 0
 13 0.077 1 0.000 -0.410 -0.205 0
 13 0.077 1 0.000 -0.385 -0.205 0
 13 0.034 1 0.000 -0.410 -0.227 0
 14 0.034 1 0.000 -0.333 -0.227 0
 14 0.034 7 0.000 -0.359 -0.227 0
 14 0.077 1 0.000 -0.410 -0.182 0
 14 0.077 6 0.000 -0.410 -0.182 0
 14 0.077 1 0.000 -0.359 -0.159 0
 14 0.077 1 0.000 -0.333 -0.159 0
 14 0.060 1 0.000 -0.359 -0.136 0
 14 0.077 1 0.000 -0.308 -0.114 0
 14 0.103 1 0.000 -0.308 -0.045 0
 14 0.111 1 0.000 -0.282 -0.045 0
 14 0.111 6 0.000 -0.308 -0.023 0
 14 0.077 6 0.000 -0.282 -0.023 0
 15 0.077 1 0.000 -0.256 0.023 0
 15 0.077 4 0.000 -0.231 0.023 0
 15 0.077 1 0.000 -0.231 0.023 0
 15 0.077 1 0.000 -0.231 0.023 0
 15 0.077 1 0.000 -0.179 0.045 0
 15 0.077 7 0.000 -0.179 0.045 0
 15 0.034 10 0.000 -0.154 0.045 0
 15 0.034 7 0.000 -0.077 0.023 0
 15 0.034 7 0.000 -0.103 0.023 0
 15 0.034 9 0.000 0.000 0.045 0
 15 0.077 9 0.000 0.000 0.045 0
 15 0.077 1 0.000 -0.051 0.045 0
 16 0.043 6 0.000 -0.051 0.068 0
 16 0.043 4 0.000 0.000 0.091 0
 16 0.043 4 0.026 0.051 0.091 0
 16 0.026 4 0.026 0.000 0.091 0
 16 0.034 3 0.026 0.026 0.091 0
 16 0.051 3 0.026 0.026 0.091 0
 16 0.051 4 0.000 0.103 0.091 0
 16 0.026 7 0.000 0.103 0.091 0
 16 0.026 6 0.000 0.179 0.068 0
 16 0.051 4 0.000 0.179 0.091 0
 16 0.060 6 0.026 0.179 0.068 0
 16 0.060 4 0.026 0.205 0.068 0
 17 0.034 7 0.026 0.179 0.045 0
 17 0.034 6 0.000 0.231 0.068 0
 17 0.034 7 0.000 0.308 0.091 0
 17 0.077 1 0.000 0.333 0.091 0
 17 0.077 6 0.000 0.333 0.091 0
 17 0.085 6 0.026 0.359 0.091 0
 17 0.085 4 0.026 0.333 0.091 0
 17 0.077 4 0.026 0.359 0.068 0
 17 0.077 4 0.026 0.308 0.068 0
 17 0.077 4 0.000 0.333 0.045 0
 17 0.077 4 0.000 0.359 0.023 0
 17 0.060 4 0.000 0.333 0.045 0
 18 0.068 4 0.026 0.359 0.023 0
 18 0.068 4 0.000 0.333 0.000 0
 18 0.051 4 0.000 0.359 0.000 0
 18 0.026 9 0.000 0.333 0.000 0
 18 0.000 9 0.000 0.333 0.000 0
 18 0.000 9 0.000 0.282 0.000 0
 18 0.026 9 0.000 0.256 0.023 0
 18 0.026 9 0.000 0.179 0.023 0
 18 0.000 9 0.000 0.256 0.045 0
 18 0.000 9 0.000 0.231 0.045 0
 18 0.000 9 0.000 0.256 0.000 0
 19 0.000 9 -0.026 0.256 0.000 0
 19 0.000 9 0.026 0.282 0.023 0
 19 0.000 9 0.026 0.231 0.023 0
 19 0.000 9 0.026 0.205 0.023 0
 19 0.017 9 0.026 0.256 0.023 0
 19 0.017 9 0.026 0.205 0.023 0
 19 0.017 9 0.026 0.205 0.023 0
 19 0.026 6 0.026 0.256 0.023 0
 19 0.043 3 0.026 0.231 0.023 0
 19 0.043 1 0.026 0.231 0.023 0
 19 0.034 3 0.026 0.231 0.068 0
 19 0.077 4 0.026 0.231 0.068 0
 20 0.077 1 0.000 0.231 0.045 0
 20 0.077 1 0.000 0.205 0.068 0
 20 0.077 1 0.000 0.205 0.068 0
 20 0.068 1 0.000 0.205 0.091 0
 20 0.077 1 0.000 0.205 0.091 0
 20 0.077 1 0.000 0.205 0.091 0
 20 0.077 1 0.000 0.231 0.068 0
 20 0.077 1 0.000 0.231 0.068 0
 20 0.103 1 0.026 0.179 0.068 0
 20 0.111 1 0.026 0.179 0.045 0
 20 0.111 1 0.026 0.179 0.045 0
 21 0.103 1 0.026 0.205 0.045 0
 21 0.103 1 0.026 0.154 0.023 0
 21 0.103 1 0.026 0.103 0.023 0
 21 0.077 1 0.026 0.128 0.000 0
 21 0.077 1 0.026 0.128 0.000 0
 21 0.077 1 0.026 0.128 0.000 0
 21 0.077 1 0.026 0.077 -0.023 0
 21 0.077 1 0.026 0.000 -0.023 0
 21 0.085 1 0.000 0.026 -0.023 0
 21 0.085 1 0.000 0.026 -0.023 0
 21 0.103 1 0.000 -0.026 -0.023 0
 21 0.103 1 0.000 0.000 -0.023 0
 22 0.085 1 0.000 -0.077 -0.023 0
 22 0.103 1 0.000 -0.051 -0.023 0
 22 0.103 1 0.000 -0.051 -0.023 0
 22 0.077 1 0.000 -0.051 -0.023 0
 22 0.077 1 0.000 -0.077 -0.023 0
 22 0.077 6 0.000 -0.128 0.000 0
 22 0.077 1 0.000 -0.128 0.000 0
 22 0.060 1 0.000 -0.154 0.000 0
 22 0.060 1 0.000 -0.179 0.000 0
 22 0.060 1 0.000 -0.205 0.000 0
 22 0.051 1 0.000 -0.231 0.000 0
 22 0.051 1 0.000 -0.308 0.000 0
 23 0.068 1 0.000 -0.359 0.000 0
 23 0.068 1 0.000 -0.282 0.000 0
 23 0.068 1 0.000 -0.333 0.000 0
 23 0.051 1 0.000 -0.385 0.000 0
 23 0.051 1 0.000 -0.385 0.023 0
 23 0.051 1 -0.026 -0.359 0.023 0
 23 0.051 1 -0.026 -0.333 0.023 0
 23 0.077 7 -0.026 -0.410 0.023 0
 23 0.077 1 -0.026 -0.410 0.023 0
 23 0.060 6 -0.053 -0.333 0.045 0
 23 0.077 3 -0.053 -0.359 0.023 0
 23 0.103 1 -0.053 -0.282 0.023 0
 0 0.103 4 -0.053 -0.359 0.000 0
 0 0.103 3 -0.079 -0.385 0.023 0
 0 0.077 1 -0.079 -0.385 0.023 0
 0 0.077 6 -0.106 -0.385 -0.023 0
 0 0.094 1 -0.079 -0.333 -0.045 0
 0 0.094 1 -0.106 -0.359 -0.068 0
 0 0.077 1 -0.106 -0.333 -0.136 0
 0 0.094 1 -0.132 -0.333 -0.159 0
 0 0.094 1 -0.132 -0.282 -0.227 0
 0 0.077 1 -0.159 -0.282 -0.295 0
 0 0.085 1 -0.185 -0.231 -0.409 0
 0 0.094 1 -0.238 -0.205 -0.523 0
 1 0.120 1 -0.265 -0.231 -0.591 0
 1 0.120 1 -0.265 -0.231 -0.591 0
 1 0.077 1 -0.238 -0.179 -0.568 0
 1 0.085 1 -0.265 -0.231 -0.523 0
 1 0.162 1 -0.238 -0.205 -0.500 0
 1 0.162 1 -0.238 -0.231 -0.432 0
 1 0.077 1 -0.238 -0.205 -0.364 0
 1 0.077 1 -0.212 -0.231 -0.295 0
 1 0.077 1 -0.212 -0.256 -0.227 0
 1 0.085 1 -0.212 -0.231 -0.045 0
 1 0.128 1 -0.185 -0.256 0.114 0
 2 0.145 1 -0.159 -0.205 0.182 0
 2 0.145 1 -0.212 -0.205 0.250 0
 2 0.137 1 -0.212 -0.205 0.250 0
 2 0.137 4 -0.185 -0.179 0.227 0
 2 0.145 1 -0.212 -0.179 0.273 0
 2 0.145 7 -0.238 -0.179 0.295 0
 2 0.137 1 -0.238 -0.154 0.295 0
 2 0.145 3 -0.212 -0.128 0.273 0
 2 0.145 6 -0.185 -0.103 0.295 0
 2 0.188 1 -0.159 -0.128 0.182 0
 2 0.188 1 -0.159 -0.154 0.227 0
 2 0.188 1 -0.132 -0.103 0.227 0
 3 0.188 1 -0.079 -0.051 0.159 0
 3 0.188 1 -0.106 -0.051 0.159 0
 3 0.214 1 -0.106 -0.051 0.182 0
 3 0.214 1 -0.106 -0.026 0.136 0
 3 0.171 1 -0.079 0.000 0.136 0
 3 0.214 1 -0.106 0.051 0.136 0
 3 0.214 1 -0.159 0.103 0.159 0
 3 0.188 1 -0.185 0.154 0.182 0
 3 0.188 1 -0.212 0.128 0.250 0
 3 0.154 1 -0.185 0.179 0.182 0
 3 0.137 1 -0.185 0.179 0.159 0
 3 0.128 6 -0.185 0.154 0.182 0
 4 0.128 1 -0.212 0.231 0.227 0
 4 0.145 6 -0.185 0.205 0.159 0
 4 0.145 6 -0.159 0.205 0.159 0
 4 0.128 1 -0.159 0.256 0.136 0
 4 0.103 6 -0.159 0.256 0.136 0
 4 0.103 1 -0.132 0.256 0.114 0
 4 0.103 1 -0.132 0.256 0.114 0
 4 0.103 1 -0.132 0.231 0.136 0
 4 0.103 1 -0.159 0.308 0.159 0
 4 0.077 1 -0.132 0.359 0.136 0
 4 0.103 1 -0.026 0.333 0.045 0
 4 0.103 1 0.106 0.308 -0.091 0
 5 0.103 1 0.159 0.385 -0.114 0
 5 0.103 1 0.185 0.410 -0.159 0
 5 0.103 1 0.185 0.487 -0.136 0
 5 0.077 1 0.159 0.462 -0.114 0
 5 0.077 1 0.106 0.462 -0.068 1
 5 0.034 1 0.053 0.436 -0.045 1
 5 0.034 1 0.053 0.462 -0.045 1
 5 0.034 6 0.106 0.538 -0.091 1
 5 0.034 1 0.079 0.513 -0.068 1
 5 0.034 1 -0.106 0.513 0.068 1
 5 0.034 1 -0.265 0.590 0.227 1
 5 0.103 1 -0.317 0.564 0.295 1
 6 0.103 1 -0.317 0.590 0.341 1
 6 0.077 1 -0.265 0.615 0.273 1
 6 0.051 1 -0.132 0.615 0.159 1
 6 0.034 1 -0.132 0.590 0.159 1
 6 0.043 1 -0.132 0.590 0.136 1
 6 0.051 1 -0.159 0.615 0.136 1
 6 0.068 1 -0.212 0.615 0.159 1
 6 0.068 1 -0.212 0.564 0.182 1
 6 0.051 4 -0.053 0.564 0.068 1
 6 0.051 1 0.079 0.590 -0.045 1
 6 0.051 1 0.026 0.590 -0.045 0
 6 0.051 1 -0.026 0.513 0.000 0
 7 0.094 3 -0.026 0.538 0.023 0
 7 0.094 1 0.000 0.487 0.000 0
 7 0.060 1 0.106 0.487 -0.068 0
 7 0.077 1 0.265 0.487 -0.136 0
 7 0.077 1 0.370 0.462 -0.250 0
 7 0.077 4 0.423 0.462 -0.295 0
 7 0.068 1 0.450 0.410 -0.341 0
 7 0.094 1 0.344 0.410 -0.318 0
 7 0.128 3 0.317 0.410 -0.386 0
 7 0.128 1 0.397 0.410 -0.432 0
 7 0.103 1 0.450 0.359 -0.500 0
 8 0.103 1 0.397 0.359 -0.500 0
 8 0.162 1 0.370 0.308 -0.591 0
 8 0.162 3 0.397 0.256 -0.682 0
 8 0.162 3 0.397 0.282 -0.659 0
 8 0.154 1 0.370 0.256 -0.591 0
 8 0.188 1 0.397 0.282 -0.500 0
 8 0.188 1 0.397 0.179 -0.318 0
 8 0.162 1 0.450 0.179 -0.318 0
 8 0.171 1 0.423 0.205 -0.205 0
 8 0.197 1 0.370 0.154 -0.136 0
 8 0.197 1 0.344 0.077 -0.136 0
 8 0.197 1 0.344 0.051 -0.159 0
 9 0.231 1 0.291 -0.051 -0.023 0
 9 0.231 1 0.185 -0.077 0.068 0
 9 0.154 1 0.106 -0.077 0.068 0
 9 0.154 1 0.079 -0.103 0.045 0
 9 0.154 1 0.026 -0.051 -0.023 0
 9 0.188 1 0.000 -0.128 -0.182 0
 9 0.188 1 -0.026 -0.128 -0.159 0
 9 0.154 1 -0.026 -0.103 -0.159 0
 9 0.111 1 0.000 -0.128 -0.182 0
 9 0.111 1 0.000 -0.154 -0.159 0
 9 0.111 1 0.000 -0.205 -0.114 0
 9 0.094 1 0.000 -0.231 -0.091 0
 10 0.094 1 0.026 -0.205 -0.068 0
 10 0.103 1 0.026 -0.205 -0.045 0
 10 0.103 1 0.053 -0.154 -0.023 0
 10 0.128 1 0.053 -0.179 0.000 0
 10 0.128 1 0.053 -0.231 0.000 0
 10 0.077 1 0.053 -0.179 0.000 0
 10 0.060 1 0.053 -0.205 0.000 0
 10 0.068 1 0.053 -0.256 0.000 0
 10 0.077 1 0.053 -0.231 0.000 0
 10 0.077 1 0.053 -0.154 0.000 0
 10 0.094 1 0.053 -0.154 0.000 0
 10 0.094 1 0.053 -0.128 0.000 0
 11 0.068 1 0.053 -0.154 0.000 0
 11 0.077 1 0.053 -0.179 0.000 0
 11 0.077 1 0.053 -0.154 0.023 0
 11 0.077 4 0.053 -0.205 0.023 0
 11 0.094 1 0.053 -0.179 0.023 0
 11 0.103 6 0.053 -0.205 0.023 0
 11 0.103 1 0.026 -0.256 0.045 0
 11 0.154 1 0.026 -0.256 0.023 0
 11 0.154 1 0.026 -0.282 0.023 0
 11 0.077 1 0.026 -0.256 0.045 0
 11 0.077 1 0.026 -0.256 0.045 0
 12 0.111 1 0.026 -0.282 0.068 0
 12 0.111 10 0.026 -0.282 0.091 0
 12 0.077 1 0.026 -0.385 0.091 0
 12 0.077 1 0.026 -0.359 0.114 0
 12 0.077 1 0.026 -0.385 0.159 0
 12 0.077 4 0.026 -0.385 0.182 0
 12 0.077 6 0.026 -0.385 0.182 0
 12 0.077 1 0.026 -0.410 0.250 0
 12 0.077 7 0.026 -0.410 0.250 0
 12 0.128 1 0.026 -0.487 0.250 0
 12 0.128 1 0.026 -0.410 0.250 0
 13 0.111 1 0.026 -0.487 0.227 0
 13 0.085 1 0.000 -0.436 0.205 0
 13 0.077 1 0.000 -0.385 0.182 0
 13 0.128 1 0.000 -0.462 0.159 0
 13 0.128 1 0.000 -0.462 0.114 0
 13 0.111 1 0.026 -0.487 0.114 0
 13 0.077 1 0.026 -0.487 0.114 0
 13 0.077 4 0.026 -0.487 0.068 0
 13 0.077 1 0.026 -0.487 0.068 0
 13 0.111 1 0.026 -0.462 0.023 0
 13 0.111 7 0.026 -0.436 0.023 0
 13 0.077 6 0.026 -0.410 0.045 0
 14 0.077 1 0.026 -0.385 0.023 0
 14 0.077 1 0.026 -0.410 0.023 0
 14 0.111 7 0.026 -0.333 0.023 0
 14 0.111 1 0.026 -0.359 -0.023 0
 14 0.188 1 0.000 -0.359 -0.068 0
 14 0.188 1 0.000 -0.359 -0.091 0
 14 0.077 3 0.000 -0.333 -0.091 0
 14 0.077 1 0.000 -0.282 -0.091 0
 14 0.077 9 0.000 -0.282 -0.068 0
 14 0.077 7 0.000 -0.282 -0.068 0
 14 0.077 7 0.000 -0.282 -0.091 0
 14 0.103 4 0.000 -0.179 -0.068 0
 15 0.103 9 0.000 -0.231 -0.045 0
 15 0.103 1 0.000 -0.231 -0.045 0
 15 0.103 1 0.000 -0.179 -0.023 0
 15 0.077 1 0.000 -0.154 0.023 0
 15 0.111 1 0.000 -0.154 0.000 0
 15 0.120 1 0.000 -0.103 0.000 0
 15 0.120 3 0.026 -0.077 -0.023 0
 15 0.077 3 0.026 -0.051 0.000 0
 15 0.077 6 0.026 -0.077 0.000 0
 15 0.137 1 0.026 -0.026 0.023 0
 15 0.137 1 0.026 0.000 0.023 0
 16 0.085 1 0.026 0.000 0.000 0
 16 0.085 7 0.026 0.051 0.023 0
 16 0.085 9 0.026 0.051 0.045 0
 16 0.103 1 0.026 0.077 0.023 0
 16 0.103 1 0.026 0.128 0.045 0
 16 0.154 3 0.026 0.154 0.045 0
 16 0.154 1 0.000 0.179 0.068 0
 16 0.111 1 0.000 0.154 0.045 0
 16 0.077 4 0.000 0.205 0.045 0
 16 0.094 4 0.000 0.282 0.023 0
 16 0.111 1 0.000 0.256 0.045 0
 17 0.111 1 0.000 0.256 0.045 0
 17 0.077 6 0.000 0.308 0.045 0
 17 0.077 3 0.026 0.282 0.045 0
 17 0.077 1 0.026 0.333 0.068 0
 17 0.077 3 0.026 0.308 0.068 0
 17 0.103 4 0.026 0.359 0.068 0
 17 0.103 6 0.026 0.359 0.068 0
 17 0.128 1 0.026 0.333 0.091 0
 17 0.128 6 0.026 0.333 0.091 0
 17 0.120 4 0.026 0.359 0.091 0
 17 0.120 6 0.026 0.359 0.068 0
 17 0.128 4 0.026 0.359 0.068 0
 18 0.128 4 0.026 0.385 0.023 0
 18 0.128 3 0.000 0.333 0.045 0
 18 0.103 4 0.000 0.308 0.045 0
 18 0.060 7 0.000 0.282 0.068 0
 18 0.060 6 0.000 0.282 0.068 0
 18 0.060 4 0.000 0.308 0.068 0
 18 0.051 3 0.000 0.256 0.045 0
 18 0.051 3 0.000 0.256 0.045 0
 18 0.043 4 0.000 0.205 0.023 0
 18 0.034 6 0.000 0.205 0.045 0
 18 0.068 4 0.000 0.205 0.045 0
 18 0.094 3 0.000 0.205 0.068 0
 19 0.094 4 0.000 0.205 0.045 0
 19 0.085 4 0.000 0.231 0.023 0
 19 0.085 6 0.000 0.154 0.023 0
 19 0.077 4 0.000 0.179 0.023 0
 19 0.077 4 0.000 0.154 0.023 0
 19 0.077 3 0.000 0.179 0.045 0
 19 0.111 4 0.000 0.179 0.045 0
 19 0.128 4 0.000 0.179 0.068 0
 19 0.128 3 0.000 0.154 0.023 0
 19 0.103 1 0.000 0.128 0.045 0
 19 0.128 3 0.000 0.128 0.045 0
 19 0.128 3 0.026 0.077 0.045 0
 20 0.128 4 0.026 0.128 0.045 0
 20 0.120 3 0.026 0.128 0.023 0
 20 0.111 4 0.026 0.179 0.023 0
 20 0.103 4 0.026 0.128 0.023 0
 20 0.103 1 0.026 0.128 0.000 0
 20 0.111 3 0.026 0.154 -0.023 0
 20 0.137 4 0.026 0.154 -0.023 0
 20 0.137 4 0.026 0.154 0.023 0
 20 0.111 4 0.026 0.154 -0.023 0
 20 0.085 1 0.026 0.154 -0.068 0
 20 0.068 1 0.000 0.103 -0.159 0
 20 0.060 1 0.000 0.103 -0.227 0
 21 0.060 1 0.000 0.077 -0.227 0
 21 0.060 3 0.000 0.103 -0.114 0
 21 0.060 1 0.000 0.103 -0.068 0
 21 0.094 1 0.000 0.103 -0.023 0
 21 0.094 1 0.000 0.000 0.045 0
 21 0.077 1 0.000 0.000 0.045 0
 21 0.060 1 0.026 -0.026 0.023 0
 21 0.051 1 0.026 -0.026 0.068 0
 21 0.060 1 0.026 -0.026 0.091 0
 21 0.060 1 0.026 -0.077 0.182 0
 21 0.051 1 0.026 -0.077 0.250 0
 21 0.051 1 0.026 -0.077 0.250 0
 22 0.051 1 0.026 -0.103 0.159 0
 22 0.051 1 0.026 -0.103 0.114 0
 22 0.051 1 0.026 -0.103 0.045 0
 22 0.068 1 0.026 -0.154 0.023 0
 22 0.077 1 0.026 -0.154 0.023 0
 22 0.077 1 0.000 -0.179 0.023 0
 22 0.068 1 0.000 -0.205 0.023 0
 22 0.068 1 0.000 -0.231 0.023 0
 22 0.077 1 -0.026 -0.282 0.045 0
 22 0.077 1 -0.026 -0.256 0.045 0
 22 0.060 1 -0.026 -0.282 0.045 0
 23 0.060 1 -0.026 -0.282 0.023 0
 23 0.051 1 -0.026 -0.308 0.023 0
 23 0.060 1 -0.026 -0.308 0.045 0
 23 0.077 1 -0.026 -0.308 0.023 0
 23 0.077 1 -0.026 -0.282 0.023 0
 23 0.077 1 -0.053 -0.333 0.023 0
 23 0.077 1 -0.053 -0.308 0.000 0
 23 0.043 1 -0.053 -0.308 0.023 0
 23 0.043 1 -0.026 -0.359 0.000 0
 23 0.051 4 -0.026 -0.333 -0.023 0
 23 0.060 1 -0.053 -0.333 -0.045 0
 23 0.060 1 -0.079 -0.385 -0.068 0
 0 0.043 1 -0.106 -0.359 -0.159 0
 0 0.043 6 -0.106 -0.385 -0.205 0
 0 0.043 1 -0.132 -0.359 -0.250 0
 0 0.051 1 -0.132 -0.333 -0.295 0
 0 0.051 1 -0.106 -0.385 -0.318 0
 0 0.060 1 -0.132 -0.385 -0.341 0
 0 0.068 1 -0.132 -0.359 -0.364 0
 0 0.085 1 -0.159 -0.385 -0.386 0
 0 0.085 1 -0.185 -0.359 -0.386 0
 0 0.077 7 -0.159 -0.333 -0.432 0
 0 0.154 3 -0.159 -0.333 -0.432 0
 1 0.154 1 -0.185 -0.359 -0.364 0
 1 0.103 3 -0.185 -0.385 -0.318 0
 1 0.137 1 -0.185 -0.333 -0.273 0
 1 0.154 1 -0.212 -0.359 -0.205 0
 1 0.154 1 -0.212 -0.359 -0.182 0
 1 0.154 1 -0.238 -0.308 -0.136 0
 1 0.154 1 -0.265 -0.308 -0.045 0
 1 0.239 1 -0.238 -0.385 0.000 0
 1 0.239 1 -0.212 -0.308 0.000 0
 1 0.222 1 -0.212 -0.333 0.091 0
 1 0.214 1 -0.185 -0.308 0.136 0
 1 0.222 1 -0.159 -0.282 0.205 0
 2 0.222 1 -0.159 -0.282 0.182 0
 2 0.222 1 -0.185 -0.308 0.227 0
 2 0.239 1 -0.185 -0.282 0.250 0
 2 0.239 1 -0.212 -0.256 0.273 0
 2 0.154 1 -0.159 -0.256 0.273 0
 2 0.197 1 -0.159 -0.179 0.227 0
 2 0.197 1 -0.185 -0.231 0.205 0
 2 0.248 1 -0.185 -0.154 0.250 0
 2 0.248 1 -0.212 -0.154 0.273 0
 2 0.239 1 -0.238 -0.205 0.273 0
 2 0.239 1 -0.212 -0.154 0.250 0
 2 0.188 1 -0.212 -0.103 0.273 0
 3 0.188 1 -0.185 -0.128 0.250 0
 3 0.214 1 -0.212 -0.179 0.273 0
 3 0.214 1 -0.185 -0.103 0.227 0
 3 0.188 1 -0.185 -0.077 0.227 0
 3 0.188 1 -0.159 -0.051 0.227 0
 3 0.154 1 -0.159 -0.026 0.227 0
 3 0.154 1 -0.159 0.051 0.205 0
 3 0.154 1 -0.159 0.077 0.159 0
 3 0.154 1 -0.132 0.128 0.159 0
 3 0.154 1 -0.159 0.103 0.159 0
 3 0.145 1 -0.185 0.103 0.159 0
 3 0.111 3 -0.132 0.128 0.159 0
 4 0.128 4 -0.079 0.205 0.091 0
 4 0.128 6 -0.079 0.179 0.136 0
 4 0.103 1 -0.106 0.179 0.091 0
 4 0.120 3 -0.106 0.231 0.068 0
 4 0.120 7 -0.026 0.231 0.068 0
 4 0.128 6 0.000 0.333 0.045 0
 4 0.128 1 0.000 0.282 0.091 0
 4 0.068 1 -0.079 0.333 0.114 0
 4 0.085 4 -0.079 0.359 0.114 0
 4 0.085 1 -0.106 0.385 0.182 0
 4 0.068 1 -0.185 0.385 0.182 0
 4 0.085 1 -0.132 0.462 0.159 0
 5 0.085 1 -0.106 0.487 0.136 0
 5 0.111 1 -0.079 0.487 0.136 0
 5 0.111 1 -0.079 0.513 0.136 0
 5 0.103 1 -0.159 0.538 0.182 0
 5 0.094 1 -0.132 0.538 0.182 0
 5 0.085 1 -0.079 0.538 0.136 0
 5 0.085 1 -0.079 0.538 0.114 0
 5 0.034 4 -0.106 0.513 0.136 0
 5 0.068 1 -0.053 0.564 0.068 0
 5 0.068 1 0.000 0.615 0.045 0
 5 0.077 1 0.000 0.590 0.045 0
 6 0.077 4 0.026 0.564 0.023 0
 6 0.051 1 0.026 0.590 0.023 0
 6 0.068 1 0.026 0.590 0.068 0
 6 0.137 1 0.053 0.615 0.023 0
 6 0.137 1 0.000 0.615 0.045 0
 6 0.128 1 -0.026 0.538 0.045 0
 6 0.128 1 0.053 0.564 0.000 0
 6 0.128 1 0.053 0.564 0.000 0
 6 0.103 1 0.026 0.564 0.000 0
 6 0.103 1 0.132 0.538 -0.045 0
 6 0.103 3 0.159 0.513 -0.045 0
 6 0.103 3 0.106 0.513 -0.023 0
 7 0.103 1 0.132 0.513 -0.023 0
 7 0.103 1 0.106 0.462 -0.045 0
 7 0.103 1 0.132 0.462 -0.068 0
 7 0.085 1 0.132 0.410 -0.091 0
 7 0.077 1 0.132 0.410 -0.068 0
 7 0.077 1 0.159 0.410 -0.068 0
 7 0.085 1 0.212 0.359 -0.136 0
 7 0.085 1 0.238 0.385 -0.114 0
 7 0.077 1 0.132 0.359 -0.091 0
 7 0.077 1 0.053 0.359 -0.068 0
 7 0.077 3 0.106 0.359 -0.091 0
 7 0.068 1 0.053 0.333 -0.068 0
 8 0.060 1 0.053 0.308 -0.068 0
 8 0.060 1 0.000 0.256 -0.045 0
 8 0.060 1 0.026 0.256 -0.045 0
 8 0.068 3 0.053 0.205 -0.091 0
 8 0.068 3 0.026 0.205 -0.068 0
 8 0.060 1 0.026 0.205 -0.023 0
 8 0.068 3 0.053 0.205 -0.068 0
 8 0.068 1 0.106 0.179 -0.068 0
 8 0.060 1 0.106 0.154 -0.091 0
 8 0.060 1 0.026 0.128 -0.045 0
 8 0.060 4 0.026 0.154 -0.023 0
 8 0.060 4 0.079 0.103 -0.068 0
 9 0.060 3 0.159 0.077 -0.091 0
 9 0.060 3 0.132 0.077 -0.068 0
 9 0.043 4 0.106 0.051 -0.045 0
 9 0.034 6 0.079 0.000 -0.045 0
 9 0.051 1 0.106 0.000 -0.114 0
 9 0.051 6 0.106 0.051 -0.114 0
 9 0.051 1 0.079 -0.026 -0.273 0
 9 0.051 1 0.106 -0.026 -0.318 0
 9 0.051 1 0.185 -0.128 -0.386 0
 9 0.085 1 0.265 -0.103 -0.477 0
 9 0.128 1 0.265 -0.128 -0.477 0
 9 0.128 1 0.212 -0.128 -0.500 0
 10 0.154 1 0.238 -0.077 -0.500 0
 10 0.154 1 0.265 -0.154 -0.523 0
 10 0.145 1 0.291 -0.154 -0.545 0
 10 0.145 1 0.291 -0.154 -0.500 0
 10 0.171 1 0.265 -0.179 -0.500 0
 10 0.171 1 0.265 -0.231 -0.318 0
 10 0.145 1 0.238 -0.205 -0.273 0
 10 0.145 1 0.212 -0.231 -0.227 0
 10 0.137 1 0.159 -0.231 -0.159 0
 10 0.085 1 0.132 -0.256 -0.159 0
 10 0.103 1 0.132 -0.256 -0.114 0
 10 0.111 1 0.132 -0.231 -0.114 0
 11 0.111 1 0.106 -0.282 -0.091 0
 11 0.103 1 0.106 -0.282 -0.091 0
 11 0.077 1 0.079 -0.282 -0.091 0
 11 0.120 1 0.106 -0.282 -0.068 0
 11 0.145 1 0.079 -0.308 -0.091 0
 11 0.179 4 0.079 -0.282 -0.068 0
 11 0.179 6 0.053 -0.308 -0.068 0
 11 0.188 1 0.053 -0.282 -0.068 0
 11 0.188 1 0.053 -0.308 -0.068 0
 11 0.188 1 0.079 -0.256 -0.068 0
 11 0.239 3 0.053 -0.282 -0.068 0
 12 0.239 4 0.053 -0.308 -0.091 0
 12 0.197 1 0.053 -0.308 -0.068 0
 12 0.188 1 0.053 -0.308 -0.068 0
 12 0.197 1 0.026 -0.333 -0.068 0
 12 0.308 4 0.053 -0.333 -0.045 0
 12 0.308 3 0.053 -0.282 -0.045 0
 12 0.325 1 0.053 -0.282 -0.045 0
 12 0.325 3 0.053 -0.282 -0.045 0
 12 0.239 1 0.053 -0.256 -0.023 0
 12 0.239 1 0.026 -0.256 -0.023 0
 12 0.239 1 0.026 -0.256 0.000 0
 12 0.197 4 0.053 -0.282 0.023 0
 13 0.197 1 0.053 -0.282 0.023 0
 13 0.231 3 0.053 -0.282 0.045 0
 13 0.231 3 0.053 -0.256 0.045 0
 13 0.205 1 0.026 -0.282 0.068 0
 13 0.205 6 0.026 -0.308 0.091 0
 13 0.154 4 0.026 -0.333 0.114 0
 13 0.120 1 0.026 -0.308 0.136 0
 13 0.128 1 0.053 -0.308 0.159 0
 13 0.162 1 0.053 -0.308 0.182 0
 13 0.162 1 0.053 -0.359 0.182 0
 13 0.128 1 0.026 -0.333 0.182 0
 13 0.128 4 0.026 -0.308 0.205 0
 14 0.094 1 0.026 -0.282 0.182 0
 14 0.094 1 0.026 -0.282 0.205 0
 14 0.103 1 0.026 -0.231 0.205 0
 14 0.103 3 0.026 -0.231 0.205 0
 14 0.077 1 0.053 -0.282 0.205 0
 14 0.077 1 0.053 -0.256 0.182 0
 14 0.077 1 0.026 -0.256 0.182 0
 14 0.085 1 0.026 -0.205 0.182 0
 14 0.085 1 0.026 -0.231 0.159 0
 14 0.111 1 0.026 -0.179 0.182 0
 14 0.154 6 0.026 -0.179 0.159 0
 14 0.154 3 0.026 -0.179 0.159 0
 15 0.094 1 0.026 -0.154 0.136 0
 15 0.094 6 0.026 -0.128 0.114 0
 15 0.103 1 0.026 -0.128 0.114 0
 15 0.120 4 0.000 -0.128 0.091 0
 15 0.120 1 0.000 -0.077 0.091 0
 15 0.077 1 0.000 -0.128 0.068 0
 15 0.111 6 0.000 -0.077 0.068 0
 15 0.111 3 0.000 -0.051 0.068 0
 15 0.154 1 0.000 -0.026 0.045 0
 15 0.154 1 0.000 -0.026 0.068 0
 15 0.154 1 0.000 -0.077 0.068 0
 15 0.128 1 0.000 -0.051 0.068 0
 16 0.171 1 0.000 -0.077 0.068 0
 16 0.171 1 0.000 -0.026 0.045 0
 16 0.154 1 0.000 -0.051 0.045 0
 16 0.077 7 0.000 0.026 0.045 0
 16 0.085 6 0.000 0.026 0.068 0
 16 0.197 1 0.000 0.026 0.045 0
 16 0.197 1 0.000 0.026 0.068 0
 16 0.188 3 0.000 0.077 0.068 0
 16 0.128 1 0.000 0.051 0.068 0
 16 0.154 1 0.000 0.051 0.068 0
 16 0.197 1 0.000 0.077 0.068 0
 17 0.222 3 0.000 0.128 0.068 0
 17 0.222 4 0.000 0.103 0.068 0
 17 0.214 4 0.000 0.128 0.091 0
 17 0.214 1 0.000 0.154 0.091 0
 17 0.162 1 0.000 0.154 0.068 0
 17 0.103 1 0.000 0.205 0.091 0
 17 0.077 6 0.000 0.205 0.068 0
 17 0.103 1 0.000 0.179 0.068 0
 17 0.111 3 0.000 0.179 0.068 0
 17 0.120 6 0.000 0.179 0.068 0
 17 0.128 4 0.000 0.205 0.068 0
 17 0.154 1 0.000 0.205 0.068 0
 18 0.154 1 0.000 0.256 0.068 0
 18 0.154 1 0.000 0.205 0.045 0
 18 0.154 1 0.026 0.231 0.045 0
 18 0.137 3 0.026 0.154 0.045 0
 18 0.085 1 0.026 0.205 0.023 0
 18 0.085 4 0.026 0.231 0.045 0
 18 0.085 4 0.026 0.179 0.045 0
 18 0.060 1 0.026 0.154 0.023 0
 18 0.077 3 0.026 0.154 0.023 0
 18 0.077 4 0.026 0.205 0.023 0
 18 0.068 4 0.026 0.205 0.023 0
 18 0.077 4 0.026 0.179 0.023 0
 19 0.077 1 0.053 0.179 0.045 0
 19 0.060 7 0.026 0.205 0.045 0
 19 0.051 3 0.026 0.154 0.045 0
 19 0.051 3 0.026 0.179 0.045 0
 19 0.051 4 0.026 0.179 0.023 0
 19 0.103 4 0.026 0.154 0.023 0
 19 0.103 4 0.026 0.179 0.023 0
 19 0.085 3 0.026 0.154 0.023 0
 19 0.051 4 0.026 0.154 0.023 0
 19 0.034 4 0.026 0.179 0.023 0
 19 0.068 4 0.026 0.154 0.023 0
 19 0.068 4 0.000 0.179 0.000 0
 20 0.068 4 0.000 0.205 0.000 0
 20 0.068 4 0.000 0.205 0.000 0
 20 0.051 4 0.000 0.256 0.000 0
 20 0.051 6 0.000 0.154 0.000 0
 20 0.026 4 0.000 0.154 0.000 0
 20 0.026 7 0.026 0.128 0.000 0
 20 0.026 9 0.026 0.128 0.000 0
 20 0.026 7 0.026 0.154 0.000 0
 20 0.026 7 0.026 0.077 0.000 0
 20 0.026 7 0.026 0.077 0.000 0
 20 0.000 7 0.026 0.051 0.000 0
 20 0.043 4 0.026 0.026 0.000 0
 21 0.051 3 0.000 0.051 0.000 0
 21 0.051 7 0.000 0.051 0.000 0
 21 0.026 7 0.000 0.026 0.000 0
 21 0.026 7 0.000 0.000 0.000 0
 21 0.026 3 -0.026 0.000 0.000 0
 21 0.051 3 -0.026 -0.026 0.000 0
 21 0.077 1 -0.026 0.026 0.000 0
 21 0.051 6 -0.026 0.026 0.000 0
 21 0.026 10 -0.026 -0.026 0.000 0
 21 0.026 4 -0.026 0.026 0.000 0
 21 0.051 4 -0.026 -0.051 0.000 0
 21 0.051 1 0.000 -0.103 0.000 0
 22 0.051 1 0.000 -0.103 0.000 0
 22 0.051 3 0.000 -0.154 0.000 0
 22 0.051 3 0.026 -0.154 0.000 0
 22 0.026 3 0.026 -0.179 0.000 0
 22 0.000 3 0.026 -0.154 0.000 0
 22 0.000 3 0.026 -0.205 0.000 0
 22 0.000 3 0.026 -0.205 0.000 0
 22 0.000 3 0.026 -0.179 0.000 0
 22 0.000 3 0.026 -0.179 0.000 0
 22 0.000 3 0.026 -0.205 0.000 0
 22 0.000 3 0.026 -0.205 0.000 0
 23 0.026 3 0.000 -0.231 0.000 0
 23 0.026 3 0.000 -0.231 0.000 0
 23 0.051 3 -0.026 -0.256 0.023 0
 23 0.051 7 -0.053 -0.256 0.023 0
 23 0.051 1 -0.053 -0.256 0.023 0
 23 0.060 1 -0.053 -0.308 0.000 0
 23 0.085 1 -0.079 -0.333 0.000 0
 23 0.094 1 -0.079 -0.333 0.000 0
 23 0.103 1 -0.079 -0.333 -0.023 0
 23 0.103 1 -0.106 -0.385 -0.045 0
 23 0.077 1 -0.132 -0.385 -0.068 0
 23 0.103 1 -0.106 -0.359 -0.159 0
 0 0.103 1 -0.132 -0.359 -0.205 0
 0 0.111 1 -0.159 -0.359 -0.273 0
 0 0.111 1 -0.132 -0.359 -0.432 0
 0 0.145 1 -0.159 -0.385 -0.477 0
 0 0.145 1 -0.185 -0.410 -0.523 0
 0 0.154 1 -0.159 -0.359 -0.545 0
 0 0.154 1 -0.185 -0.385 -0.545 0
 0 0.179 1 -0.212 -0.385 -0.545 0
 0 0.179 1 -0.185 -0.436 -0.523 0
 0 0.154 1 -0.159 -0.359 -0.500 0
 0 0.154 1 -0.185 -0.410 -0.409 0
 0 0.094 1 -0.212 -0.436 -0.318 0
 1 0.154 1 -0.212 -0.359 -0.227 0
 1 0.162 1 -0.238 -0.385 -0.023 0
 1 0.162 1 -0.212 -0.333 0.045 0
 1 0.145 1 -0.185 -0.359 0.091 0
 1 0.154 1 -0.212 -0.282 0.136 0
 1 0.154 1 -0.212 -0.333 0.159 0
 1 0.154 1 -0.212 -0.385 0.205 0
 1 0.197 1 -0.185 -0.333 0.205 0
 1 0.197 1 -0.212 -0.333 0.205 0
 1 0.188 1 -0.212 -0.308 0.250 0
 1 0.188 1 -0.185 -0.359 0.227 0
 1 0.154 1 -0.159 -0.359 0.227 0
 2 0.154 1 -0.132 -0.359 0.159 0
 2 0.145 1 -0.132 -0.333 0.182 0
 2 0.162 1 -0.185 -0.256 0.205 0
 2 0.179 1 -0.159 -0.231 0.227 0
 2 0.179 1 -0.159 -0.231 0.227 0
 2 0.188 1 -0.106 -0.231 0.182 0
 2 0.188 1 -0.132 -0.231 0.182 0
 2 0.128 1 -0.132 -0.154 0.205 0
 2 0.188 1 -0.132 -0.231 0.182 0
 2 0.188 3 -0.106 -0.128 0.182 0
 2 0.171 6 -0.079 -0.103 0.114 0
 2 0.171 1 -0.132 -0.179 0.182 0
 3 0.103 4 -0.159 -0.103 0.159 0
 3 0.128 6 -0.106 -0.154 0.159 0
 3 0.128 6 -0.106 -0.128 0.114 0
 3 0.120 3 -0.106 -0.154 0.091 0
 3 0.128 4 -0.132 -0.051 0.136 0
 3 0.128 1 -0.132 0.000 0.159 0
 3 0.094 1 -0.159 -0.026 0.159 0
 3 0.085 1 -0.185 0.026 0.205 0
 3 0.077 1 -0.159 0.077 0.182 0
 3 0.068 1 -0.212 0.128 0.227 0
 3 0.085 1 -0.132 0.179 0.159 0
 4 0.085 1 -0.132 0.179 0.136 0
 4 0.060 1 -0.079 0.205 0.114 0
 4 0.060 1 -0.053 0.205 0.091 0
 4 0.060 1 -0.053 0.256 0.114 0
 4 0.051 1 -0.106 0.256 0.136 0
 4 0.051 1 -0.106 0.282 0.091 0
 4 0.051 1 -0.106 0.308 0.114 0
 4 0.043 1 -0.106 0.282 0.114 0
 4 0.051 1 -0.185 0.333 0.136 0
 4 0.051 4 -0.132 0.308 0.114 0
 4 0.034 1 -0.159 0.308 0.136 0
 4 0.051 1 -0.132 0.359 0.136 0
 5 0.051 1 -0.185 0.385 0.159 0
 5 0.051 1 -0.238 0.385 0.205 0
 5 0.043 1 -0.265 0.410 0.205 0
 5 0.043 1 -0.291 0.436 0.205 0
 5 0.034 1 -0.291 0.385 0.250 0
 5 0.051 1 -0.291 0.436 0.205 0
 5 0.051 1 -0.212 0.462 0.136 0
 5 0.051 1 -0.132 0.462 0.091 0
 5 0.034 6 -0.053 0.436 0.045 0
 5 0.034 1 -0.079 0.462 0.045 0
 5 0.026 1 -0.132 0.462 0.068 0
 5 0.034 3 -0.185 0.513 0.114 0
 6 0.043 1 -0.212 0.487 0.114 0
 6 0.051 1 -0.159 0.487 0.091 0
 6 0.077 1 0.000 0.513 0.023 0
 6 0.077 1 0.079 0.513 -0.045 0
 6 0.051 1 0.132 0.487 -0.068 0
 6 0.051 1 0.106 0.487 -0.045 0
 6 0.060 1 0.053 0.513 0.000 0
 6 0.060 1 -0.026 0.487 0.023 0
 6 0.060 1 -0.026 0.513 0.045 0
 6 0.060 1 0.079 0.462 0.000 0
 6 0.060 1 0.132 0.513 -0.045 0
 6 0.043 1 0.159 0.436 -0.045 0
 7 0.034 1 0.106 0.487 -0.023 0
 7 0.051 6 0.079 0.462 -0.023 0
 7 0.051 1 0.000 0.487 0.023 0
 7 0.051 1 0.026 0.487 0.023 0
 7 0.051 1 0.000 0.436 0.023 0
 7 0.051 1 0.106 0.436 -0.045 0
 7 0.051 1 0.053 0.410 0.000 0
 7 0.034 1 0.053 0.410 -0.023 0
 7 0.034 1 0.026 0.385 0.000 0
 7 0.051 1 0.079 0.333 -0.045 0
 7 0.051 1 0.106 0.333 -0.045 0
 7 0.026 7 0.132 0.333 -0.068 0
 8 0.026 1 0.053 0.282 -0.023 0
 8 0.034 1 0.132 0.231 -0.068 0
 8 0.034 1 0.159 0.231 -0.091 0
 8 0.026 3 0.185 0.205 -0.114 0
 8 0.026 6 0.106 0.205 -0.068 0
 8 0.051 1 0.132 0.205 -0.227 0
 8 0.060 1 0.212 0.205 -0.273 0
 8 0.060 1 0.212 0.205 -0.295 0
 8 0.051 1 0.185 0.205 -0.295 0
 8 0.051 1 0.238 0.154 -0.341 0
 8 0.051 1 0.291 0.154 -0.386 0
 9 0.077 1 0.370 0.179 -0.455 0
 9 0.077 1 0.317 0.179 -0.432 0
 9 0.077 1 0.265 0.103 -0.409 0
 9 0.051 1 0.265 0.128 -0.409 0
 9 0.051 1 0.291 0.103 -0.409 0
 9 0.051 1 0.291 0.077 -0.318 0
 9 0.051 1 0.265 0.051 -0.295 0
 9 0.085 1 0.265 0.000 -0.318 0
 9 0.085 1 0.291 -0.026 -0.295 0
 9 0.128 1 0.265 -0.026 -0.341 0
 9 0.128 1 0.265 -0.051 -0.318 0
 9 0.111 1 0.265 -0.051 -0.318 0
 10 0.111 1 0.238 -0.077 -0.341 0
 10 0.068 1 0.265 -0.051 -0.341 0
 10 0.103 1 0.291 -0.051 -0.364 0
 10 0.103 1 0.265 -0.051 -0.364 0
 10 0.051 1 0.291 -0.026 -0.341 0
 10 0.077 1 0.265 -0.103 -0.318 0
 10 0.103 6 0.238 -0.077 -0.273 0
 10 0.103 1 0.212 -0.077 -0.205 0
 10 0.077 7 0.185 -0.051 -0.114 0
 10 0.094 7 0.159 -0.103 -0.114 0
 10 0.103 1 0.106 -0.051 -0.091 0
 10 0.120 1 0.132 -0.128 -0.045 0
 11 0.120 1 0.106 -0.154 -0.045 0
 11 0.120 6 0.079 -0.179 -0.045 0
 11 0.103 6 0.079 -0.205 -0.045 0
 11 0.094 6 0.053 -0.179 -0.023 0
 11 0.085 1 0.053 -0.179 -0.023 0
 11 0.068 1 0.079 -0.205 -0.045 0
 11 0.077 1 0.053 -0.205 -0.091 0
 11 0.077 1 0.053 -0.154 -0.114 0
 11 0.077 1 0.053 -0.179 -0.068 0
 11 0.085 1 0.053 -0.154 -0.045 0
 11 0.103 1 0.026 -0.154 -0.045 0
 11 0.103 1 0.053 -0.128 -0.023 0
 12 0.128 6 0.053 -0.205 0.000 0
 12 0.128 1 0.053 -0.256 0.000 0
 12 0.120 1 0.053 -0.231 0.000 0
 12 0.085 1 0.053 -0.256 0.000 0
 12 0.103 1 0.026 -0.231 0.023 0
 12 0.094 1 0.026 -0.256 0.023 0
 12 0.094 1 0.026 -0.282 0.023 0
 12 0.085 1 0.053 -0.282 0.000 0
 12 0.085 1 0.053 -0.256 0.000 0
 12 0.077 7 0.053 -0.308 0.000 0
 12 0.111 1 0.026 -0.256 0.000 0
 12 0.111 1 0.026 -0.256 0.000 0
 13 0.085 7 0.026 -0.205 0.000 0
 13 0.077 3 0.026 -0.282 -0.023 0
 13 0.103 4 0.026 -0.256 -0.023 0
 13 0.103 6 0.026 -0.282 -0.023 0
 13 0.103 1 0.026 -0.308 -0.023 0
 13 0.094 7 0.026 -0.282 -0.023 0
 13 0.128 3 0.000 -0.282 -0.023 0
 13 0.154 3 0.000 -0.308 -0.023 0
 13 0.222 3 0.000 -0.385 -0.023 0
 13 0.222 1 0.026 -0.410 -0.023 0
 13 0.197 1 0.026 -0.385 -0.023 0
 13 0.214 1 0.026 -0.333 -0.023 0
 14 0.214 7 0.026 -0.282 0.000 0
 14 0.094 1 0.026 -0.282 0.023 0
 14 0.094 1 0.026 -0.282 0.023 0
 14 0.128 1 0.026 -0.282 0.023 0
 14 0.128 1 0.026 -0.333 0.045 0
 14 0.120 4 0.053 -0.333 0.045 0
 14 0.120 3 0.053 -0.333 0.045 0
 14 0.094 1 0.053 -0.333 0.045 0
 14 0.120 1 0.026 -0.308 0.068 0
 14 0.120 1 0.026 -0.333 0.068 0
 14 0.094 3 0.026 -0.359 0.091 0
 15 0.094 4 0.026 -0.359 0.091 0
 15 0.094 4 0.026 -0.282 0.068 0
 15 0.128 3 0.026 -0.308 0.091 0
 15 0.094 1 0.026 -0.282 0.091 0
 15 0.128 3 0.026 -0.205 0.068 0
 15 0.128 1 0.000 -0.231 0.068 0
 15 0.094 3 0.000 -0.231 0.068 0
 15 0.137 3 0.000 -0.179 0.068 0
 15 0.137 1 0.000 -0.128 0.068 0
 15 0.128 6 0.000 -0.103 0.068 0
 15 0.043 4 0.000 -0.128 0.045 0
 15 0.103 3 0.000 -0.103 0.068 0
 16 0.103 3 0.000 -0.154 0.091 0
 16 0.068 6 0.000 -0.128 0.091 0
 16 0.103 3 0.000 -0.128 0.114 0
 16 0.103 1 0.000 -0.103 0.136 0
 16 0.085 3 0.000 -0.051 0.159 0
 16 0.085 1 0.000 -0.077 0.182 0
 16 0.077 3 0.000 -0.077 0.205 0
 16 0.085 1 0.000 -0.051 0.182 0
 16 0.085 1 0.000 -0.051 0.182 0
 16 0.085 6 0.000 -0.026 0.182 0
 16 0.128 3 0.000 0.026 0.182 0
 16 0.128 6 0.000 0.077 0.159 0
 17 0.094 3 0.000 0.103 0.159 0
 17 0.094 1 0.026 0.077 0.159 0
 17 0.094 1 0.026 0.103 0.159 0
 17 0.077 3 0.026 0.103 0.159 0
 17 0.103 6 0.026 0.128 0.136 0
 17 0.103 1 0.026 0.128 0.114 0
 17 0.085 1 0.026 0.154 0.136 0
 17 0.154 6 0.026 0.154 0.136 0
 17 0.154 3 0.026 0.154 0.136 0
 17 0.094 1 0.026 0.231 0.114 0
 17 0.103 3 0.026 0.205 0.136 0
 17 0.111 1 0.026 0.282 0.114 0
 18 0.111 4 0.000 0.256 0.091 0
 18 0.103 1 0.000 0.256 0.091 0
 18 0.103 1 0.000 0.308 0.068 0
 18 0.085 4 0.000 0.308 0.068 0
 18 0.085 4 0.000 0.333 0.045 0
 18 0.085 1 0.000 0.333 0.023 0
 18 0.128 3 0.000 0.333 0.045 0
 18 0.128 4 0.000 0.333 0.045 0
 18 0.103 4 0.000 0.308 0.045 0
 18 0.103 1 0.000 0.333 0.045 0
 18 0.077 6 0.026 0.308 0.045 0
 18 0.068 4 0.026 0.308 0.045 0
 19 0.068 4 0.026 0.333 0.045 0
 19 0.068 3 0.026 0.308 0.045 0
 19 0.068 4 0.026 0.333 0.045 0
 19 0.068 1 0.026 0.333 0.068 0
 19 0.060 7 0.026 0.333 0.091 0
 19 0.034 7 0.026 0.308 0.068 0
 19 0.034 7 0.026 0.308 0.091 0
 19 0.034 6 0.026 0.333 0.091 0
 19 0.034 1 0.026 0.256 0.045 0
 19 0.034 4 0.000 0.231 0.068 0
 19 0.026 4 0.000 0.231 0.068 0
 20 0.026 4 0.000 0.205 0.045 0
 20 0.026 4 0.000 0.205 0.045 0
 20 0.026 4 0.000 0.154 0.068 0
 20 0.026 4 0.000 0.179 0.045 0
 20 0.051 4 0.000 0.179 0.023 0
 20 0.051 1 0.000 0.154 0.023 0
 20 0.051 3 0.000 0.128 0.000 0
 20 0.026 7 0.000 0.128 0.000 0
 20 0.000 7 0.000 0.128 0.023 0
 20 0.000 7 0.000 0.103 0.000 0
 20 0.034 7 0.000 0.103 0.000 0
 20 0.034 4 0.026 0.077 0.000 0
 21 0.026 7 0.026 0.077 0.000 0
 21 0.068 1 0.026 0.051 0.000 0
 21 0.068 1 0.026 0.026 0.023 0
 21 0.060 1 0.026 0.026 0.023 0
 21 0.060 1 0.026 0.026 0.023 0
 21 0.077 1 0.026 0.026 0.023 0
 21 0.077 1 0.026 0.000 0.045 0
 21 0.077 1 0.026 -0.051 0.045 0
 21 0.094 1 0.026 -0.051 0.023 0
 21 0.094 1 0.026 -0.051 0.023 0
 21 0.085 1 0.000 -0.077 0.000 0
 21 0.077 1 0.000 -0.077 0.000 0
 22 0.077 1 0.000 -0.103 -0.023 0
 22 0.077 1 0.000 -0.077 -0.023 0
 22 0.085 1 0.000 -0.154 -0.023 0
 22 0.085 1 0.000 -0.154 -0.023 0
 22 0.077 1 0.000 -0.154 -0.023 0
 22 0.085 1 0.000 -0.179 -0.045 0
 22 0.085 1 0.000 -0.179 -0.045 0
 22 0.077 1 0.000 -0.205 -0.023 0
 22 0.051 1 0.000 -0.205 -0.023 0
 22 0.051 1 0.000 -0.282 0.023 0
 22 0.051 1 0.000 -0.282 0.023 0
 22 0.085 1 0.000 -0.282 0.023 0
 23 0.085 1 0.000 -0.308 0.023 0
 23 0.077 1 0.000 -0.333 0.023 0
 23 0.060 1 0.000 -0.333 0.023 0
 23 0.077 1 0.000 -0.385 0.023 0
 23 0.077 1 -0.026 -0.410 0.023 0
 23 0.060 1 -0.026 -0.462 0.000 0
 23 0.060 1 -0.053 -0.436 0.000 0
 23 0.060 1 -0.053 -0.462 0.000 0
 23 0.060 1 -0.079 -0.436 -0.068 0
 23 0.060 1 -0.106 -0.462 -0.114 0
 23 0.060 1 -0.106 -0.436 -0.114 0
 0 0.068 1 -0.106 -0.436 -0.159 0
 0 0.068 1 -0.132 -0.462 -0.227 0
 0 0.068 1 -0.159 -0.436 -0.295 0
 0 0.094 1 -0.185 -0.436 -0.364 0
 0 0.094 1 -0.185 -0.436 -0.409 0
 0 0.068 1 -0.212 -0.436 -0.455 0
 0 0.103 1 -0.185 -0.436 -0.477 0
 0 0.094 1 -0.212 -0.385 -0.477 0
 0 0.060 1 -0.238 -0.410 -0.432 0
 0 0.051 1 -0.238 -0.333 -0.364 0
 0 0.051 1 -0.265 -0.308 -0.341 0
 0 0.051 1 -0.265 -0.359 -0.295 0
 1 0.060 7 -0.265 -0.333 -0.182 0
 1 0.060 1 -0.265 -0.308 -0.114 0
 1 0.060 4 -0.291 -0.333 0.000 0
 1 0.051 6 -0.291 -0.359 0.136 0
 1 0.051 3 -0.265 -0.308 0.205 0
 1 0.051 1 -0.291 -0.231 0.250 0
 1 0.103 1 -0.265 -0.256 0.250 0
 1 0.103 1 -0.238 -0.231 0.295 0
 1 0.085 6 -0.212 -0.256 0.273 0
 1 0.085 1 -0.238 -0.231 0.318 0
 1 0.085 1 -0.265 -0.256 0.341 0
 2 0.085 1 -0.265 -0.282 0.318 0
 2 0.094 1 -0.238 -0.256 0.341 0
 2 0.094 1 -0.185 -0.256 0.295 0
 2 0.060 1 -0.238 -0.256 0.250 0
 2 0.051 1 -0.317 -0.231 0.341 0
 2 0.060 1 -0.317 -0.205 0.364 0
 2 0.060 1 -0.317 -0.205 0.364 0
 2 0.051 1 -0.291 -0.231 0.341 0
 2 0.051 7 -0.291 -0.231 0.318 0
 2 0.034 1 -0.265 -0.256 0.273 0
 2 0.034 1 -0.265 -0.231 0.273 0
 2 0.026 1 -0.291 -0.205 0.295 0
 3 0.043 1 -0.212 -0.179 0.227 0
 3 0.051 1 -0.132 -0.128 0.182 0
 3 0.077 1 0.053 -0.103 0.045 0
 3 0.077 1 0.185 -0.026 -0.114 0
 3 0.068 1 0.185 -0.051 -0.159 0
 3 0.060 1 0.106 -0.051 -0.091 0
 3 0.051 1 0.026 -0.026 -0.068 0
 3 0.051 1 -0.053 0.026 0.045 0
 3 0.017 7 -0.079 0.051 0.068 0
 3 0.034 1 -0.132 0.051 0.091 0
 3 0.034 3 -0.053 0.077 0.045 0
 3 0.026 7 -0.159 0.154 0.091 0
 4 0.051 1 -0.291 0.154 0.159 0
 4 0.051 1 -0.423 0.231 0.273 0
 4 0.026 1 -0.582 0.205 0.386 0
 4 0.026 1 -0.556 0.205 0.409 0
 4 0.026 1 -0.397 0.231 0.318 0
 4 0.043 1 -0.212 0.256 0.205 0
 4 0.043 1 -0.053 0.282 0.045 0
 4 0.043 1 0.079 0.359 -0.045 0
 4 0.043 1 0.159 0.359 -0.114 0
 4 0.043 1 0.079 0.359 -0.045 0
 4 0.043 1 0.132 0.410 -0.068 0
 5 0.034 1 0.106 0.410 -0.045 0
 5 0.026 1 0.159 0.385 -0.068 0
 5 0.026 1 0.344 0.410 -0.159 0
 5 0.026 1 0.397 0.385 -0.227 0
 5 0.026 1 0.370 0.410 -0.250 0
 5 0.026 1 0.185 0.410 -0.114 0
 5 0.026 1 -0.079 0.462 0.068 0
 5 0.034 1 -0.265 0.436 0.205 0
 5 0.043 1 -0.317 0.436 0.250 0
 5 0.060 1 -0.265 0.462 0.182 0
 5 0.060 1 -0.238 0.487 0.205 0
 5 0.051 1 -0.185 0.487 0.159 0
 6 0.060 1 -0.185 0.487 0.136 0
 6 0.060 1 -0.265 0.487 0.182 0
 6 0.077 1 -0.291 0.487 0.273 0
 6 0.077 1 -0.291 0.513 0.250 0
 6 0.051 1 -0.265 0.487 0.205 0
 6 0.043 1 -0.132 0.462 0.114 0
 6 0.051 1 -0.026 0.513 0.023 0
 6 0.051 1 0.026 0.487 0.000 0
 6 0.051 3 0.026 0.513 0.023 0
 6 0.068 1 0.106 0.487 -0.045 0
 6 0.068 1 0.185 0.462 -0.091 0
 7 0.068 1 0.159 0.462 -0.068 1
 7 0.068 1 0.159 0.436 -0.068 1
 7 0.068 1 0.132 0.410 -0.114 1
 7 0.068 1 0.079 0.410 -0.045 1
 7 0.068 1 0.132 0.385 -0.068 1
 7 0.068 1 0.185 0.385 -0.091 1
 7 0.068 1 0.185 0.333 -0.091 1
 7 0.068 1 0.185 0.333 -0.091 1
 7 0.068 1 0.185 0.308 -0.114 1
 7 0.068 1 0.053 0.282 -0.045 1