 0.917 0.068 0.250 0.000 -0.125 0.022 0
 0.917 0.093 0.250 0.000 -0.175 0.022 0
 0.917 0.093 0.083 0.025 -0.175 0.000 0
 0.917 0.076 0.083 0.025 -0.200 0.000 0
 0.917 0.068 0.083 0.025 -0.275 0.000 0
 0.917 0.068 0.500 0.025 -0.250 0.000 0
 0.917 0.042 0.500 0.025 -0.250 0.000 0
 0.917 0.042 0.083 0.025 -0.275 -0.022 0
 0.917 0.034 0.083 0.025 -0.275 -0.022 0
 0.917 0.034 0.083 0.025 -0.275 -0.022 0
 0.917 0.034 0.250 0.025 -0.250 -0.022 0
 0.917 0.051 0.500 0.025 -0.275 -0.022 0
 0.958 0.051 0.583 0.025 -0.250 -0.022 0
 0.958 0.034 0.083 0.000 -0.275 -0.022 0
 0.958 0.051 0.083 -0.025 -0.275 -0.022 0
 0.958 0.051 0.083 -0.025 -0.375 -0.022 0
 0.958 0.051 0.083 -0.025 -0.400 0.000 0
 0.958 0.051 0.083 -0.025 -0.375 0.000 0
 0.958 0.042 0.083 -0.051 -0.400 0.022 0
 0.958 0.042 0.083 -0.051 -0.375 0.022 0
 0.958 0.025 0.083 -0.076 -0.400 0.067 0
 0.958 0.025 0.083 -0.076 -0.375 0.111 0
 0.958 0.034 0.083 -0.076 -0.350 0.111 0
 0.958 0.051 0.083 -0.076 -0.400 0.111 0
 0.000 0.051 0.083 -0.076 -0.350 0.111 0
 0.000 0.034 0.083 -0.076 -0.350 0.133 0
 0.000 0.034 0.083 -0.101 -0.350 0.178 0
 0.000 0.051 0.083 -0.101 -0.300 0.178 0
 0.000 0.051 0.083 -0.101 -0.325 0.200 0
 0.000 0.051 0.083 -0.076 -0.325 0.178 0
 0.000 0.051 0.083 -0.076 -0.300 0.200 0
 0.000 0.051 0.083 -0.051 -0.350 0.178 0
 0.000 0.051 0.083 -0.076 -0.350 0.133 0
 0.000 0.076 0.083 -0.076 -0.400 0.133 0
 0.000 0.076 0.083 -0.051 -0.375 0.133 0
 0.000 0.093 0.083 -0.051 -0.425 0.111 0
 0.042 0.093 0.083 -0.051 -0.425 0.111 0
 0.042 0.059 0.083 -0.025 -0.425 0.067 0
 0.042 0.059 0.083 -0.025 -0.300 0.044 0
 0.042 0.051 0.083 -0.051 -0.275 0.067 0
 0.042 0.051 0.083 -0.076 -0.275 0.156 1
 0.042 0.051 0.083 -0.101 -0.250 0.156 1
 0.042 0.051 0.083 -0.126 -0.250 0.178 1
 0.042 0.051 0.083 -0.126 -0.250 0.244 1
 0.042 0.076 0.083 -0.126 -0.275 0.244 1
 0.042 0.076 0.083 -0.152 -0.300 0.289 1
 0.042 0.085 0.083 -0.177 -0.250 0.289 1
 0.042 0.085 0.083 -0.152 -0.300 0.311 1
 0.083 0.076 0.083 -0.177 -0.275 0.333 1
 0.083 0.076 0.083 -0.202 -0.300 0.378 1
 0.083 0.085 0.083 -0.202 -0.300 0.356 1
 0.083 0.127 0.083 -0.177 -0.300 0.311 1
 0.083 0.127 0.083 -0.152 -0.300 0.289 1
 0.083 0.102 0.083 -0.126 -0.300 0.244 1
 0.083 0.076 0.083 -0.101 -0.275 0.178 1
 0.083 0.076 0.083 -0.076 -0.225 0.156 1
 0.083 0.110 0.083 -0.101 -0.200 0.133 1
 0.083 0.110 0.083 -0.051 -0.225 0.133 0
 0.083 0.110 0.083 -0.076 -0.125 0.089 0
 0.125 0.076 0.500 -0.051 -0.125 0.089 0
 0.125 0.059 0.000 -0.051 -0.025 0.044 0
 0.125 0.076 0.083 0.000 -0.125 0.044 0
 0.125 0.076 0.083 0.000 -0.075 0.022 0
 0.125 0.102 0.083 0.000 -0.100 0.000 0
 0.125 0.102 0.083 0.025 -0.050 -0.022 0
 0.125 0.102 0.083 0.025 -0.050 -0.044 0
 0.125 0.119 0.250 0.025 -0.050 -0.067 0
 0.125 0.119 0.083 0.051 0.025 -0.133 0
 0.125 0.153 0.333 0.076 0.050 -0.133 0
 0.125 0.153 0.250 0.126 0.000 -0.178 0
 0.167 0.186 0.083 0.177 0.100 -0.311 0
 0.167 0.186 0.250 0.202 0.075 -0.356 0
 0.167 0.161 0.250 0.202 0.125 -0.422 0
 0.167 0.136 0.083 0.202 0.175 -0.444 0
 0.167 0.136 0.250 0.227 0.225 -0.422 0
 0.167 0.110 0.083 0.202 0.250 -0.422 0
 0.167 0.110 0.083 0.202 0.300 -0.400 0
 0.167 0.076 0.083 0.177 0.375 -0.356 0
 0.167 0.051 0.083 0.177 0.350 -0.311 0
 0.167 0.042 0.083 0.126 0.375 -0.267 0
 0.167 0.025 0.083 0.101 0.400 -0.200 0
 0.208 0.025 0.000 0.025 0.425 -0.133 0
 0.208 0.017 0.000 0.025 0.475 -0.067 0
 0.208 0.017 0.000 -0.025 0.450 0.000 0
 0.208 0.017 0.000 -0.025 0.525 0.022 0
 0.208 0.017 0.000 -0.076 0.500 0.022 0
 0.208 0.017 0.000 -0.101 0.550 0.089 0
 0.208 0.017 0.083 -0.101 0.500 0.111 0
 0.208 0.017 0.083 -0.126 0.525 0.133 0
 0.208 0.034 0.583 -0.126 0.525 0.156 0
 0.208 0.051 0.333 -0.126 0.475 0.133 0
 0.208 0.051 0.333 -0.126 0.500 0.133 0
 0.208 0.051 0.250 -0.101 0.525 0.178 0
 0.250 0.068 0.083 -0.101 0.500 0.178 0
 0.250 0.068 0.083 -0.076 0.550 0.133 0
 0.250 0.042 0.083 -0.076 0.550 0.133 0
 0.250 0.025 0.250 -0.051 0.550 0.133 0
 0.250 0.059 0.083 -0.025 0.500 0.111 0
 0.250 0.059 0.333 -0.025 0.500 0.089 0
 0.250 0.051 0.250 0.000 0.450 0.067 0
 0.250 0.051 0.083 0.025 0.400 0.022 0
 0.250 0.068 0.250 0.025 0.425 0.022 1
 0.250 0.068 0.083 0.025 0.400 -0.022 1
 0.250 0.042 0.500 0.025 0.400 -0.044 1
 0.250 0.059 0.250 0.051 0.325 -0.089 1
 0.292 0.059 0.083 0.051 0.300 -0.089 1
 0.292 0.068 0.500 0.076 0.325 -0.111 1
 0.292 0.068 0.250 0.076 0.350 -0.089 1
 0.292 0.051 0.083 0.101 0.325 -0.133 1
 0.292 0.042 0.500 0.101 0.275 -0.133 1
 0.292 0.051 0.083 0.101 0.325 -0.133 1
 0.292 0.051 0.333 0.076 0.375 -0.133 1
 0.292 0.042 0.333 0.076 0.400 -0.156 1
 0.292 0.042 0.333 0.076 0.375 -0.089 1
 0.292 0.042 0.083 0.101 0.375 -0.067 1
 0.292 0.051 0.083 0.076 0.375 -0.067 1
 0.292 0.051 0.250 0.076 0.350 -0.067 1
 0.333 0.051 0.500 0.025 0.300 -0.044 1
 0.333 0.008 0.500 0.025 0.300 -0.067 1
 0.333 0.076 0.333 0.000 0.275 -0.044 1
 0.333 0.076 0.333 -0.025 0.300 -0.022 1
 0.333 0.025 0.333 -0.025 0.250 0.000 1
 0.333 0.025 0.083 -0.025 0.250 0.044 1
 0.333 0.025 0.583 -0.025 0.225 0.044 1
 0.333 0.025 0.083 -0.025 0.150 0.000 1
 0.333 0.025 0.083 -0.051 0.125 0.000 1
 0.333 0.059 0.083 -0.051 0.100 0.044 1
 0.333 0.059 0.083 -0.051 0.100 0.044 1
 0.333 0.051 0.083 0.000 0.100 0.000 1
 0.375 0.051 0.500 0.000 0.050 0.000 1
 0.375 0.034 0.250 0.025 0.000 0.000 1
 0.375 0.034 0.333 0.051 -0.075 -0.067 1
 0.375 0.025 0.333 0.051 -0.075 -0.111 1
 0.375 0.025 0.083 0.076 -0.100 -0.133 1
 0.375 0.017 0.333 0.076 -0.175 -0.133 1
 0.375 0.017 0.500 0.076 -0.175 -0.156 1
 0.375 0.017 0.750 0.101 -0.200 -0.156 1
 0.375 0.008 0.583 0.101 -0.250 -0.200 0
 0.375 0.025 0.083 0.101 -0.300 -0.200 0
 0.375 0.034 0.333 0.076 -0.325 -0.156 0
 0.417 0.034 0.583 0.076 -0.375 -0.178 0
 0.417 0.042 0.583 0.051 -0.400 -0.178 0
 0.417 0.042 0.500 0.051 -0.400 -0.133 0
 0.417 0.034 0.083 0.076 -0.425 -0.111 0
 0.417 0.034 0.083 0.051 -0.425 -0.111 0
 0.417 0.051 0.583 0.051 -0.425 -0.089 0
 0.417 0.051 0.500 0.051 -0.400 -0.089 0
 0.417 0.042 0.083 0.025 -0.400 -0.089 0
 0.417 0.042 0.083 0.025 -0.350 -0.067 0
 0.417 0.034 0.083 0.025 -0.350 -0.044 0
 0.417 0.025 0.083 0.025 -0.350 -0.044 0
 0.417 0.034 0.083 0.025 -0.350 -0.022 0
 0.458 0.051 0.083 0.051 -0.375 -0.044 0
 0.458 0.051 0.083 0.051 -0.400 -0.044 0
 0.458 0.034 0.083 0.025 -0.325 -0.044 0
 0.458 0.025 0.083 0.025 -0.375 -0.044 0
 0.458 0.025 0.083 0.025 -0.400 -0.044 0
 0.458 0.025 0.083 0.025 -0.375 -0.022 0
 0.458 0.034 0.083 0.025 -0.425 -0.022 0
 0.458 0.034 0.500 0.025 -0.400 -0.022 0
 0.458 0.025 0.083 0.025 -0.375 -0.022 0
 0.458 0.025 0.083 0.025 -0.325 -0.044 0
 0.458 0.025 0.083 0.025 -0.325 -0.044 0
 0.458 0.025 0.083 0.000 -0.300 -0.022 0
 0.500 0.025 0.333 0.000 -0.300 -0.022 0
 0.500 0.034 0.333 0.000 -0.325 -0.022 0
 0.500 0.034 0.250 0.000 -0.325 -0.022 0
 0.500 0.025 0.083 0.000 -0.350 -0.022 0
 0.500 0.025 0.500 0.000 -0.325 -0.022 0
 0.500 0.034 0.250 0.000 -0.350 -0.022 0
 0.500 0.051 0.333 0.000 -0.325 0.000 0
 0.500 0.042 0.250 0.000 -0.325 0.000 0
 0.500 0.034 0.250 0.000 -0.325 0.022 0
 0.500 0.034 0.083 0.000 -0.300 0.022 0
 0.500 0.034 0.083 0.000 -0.325 0.022 0
 0.500 0.025 0.083 0.000 -0.275 0.022 0
 0.542 0.025 0.083 0.000 -0.250 0.022 0
 0.542 0.025 0.083 0.000 -0.300 0.000 0
 0.542 0.042 0.083 0.000 -0.225 0.000 0
 0.542 0.042 0.083 0.000 -0.225 0.000 0
 0.542 0.042 0.083 0.000 -0.250 0.000 0
 0.542 0.051 0.083 0.000 -0.200 0.000 0
 0.542 0.059 0.083 0.025 -0.175 0.000 0
 0.542 0.059 0.083 0.025 -0.225 0.000 0
 0.542 0.068 0.083 0.025 -0.250 0.022 0
 0.542 0.068 0.083 0.025 -0.225 0.022 0
 0.542 0.068 0.250 0.025 -0.225 0.022 0
 0.542 0.059 0.083 0.025 -0.225 0.022 0
 0.583 0.102 0.250 0.025 -0.200 0.067 0
 0.583 0.102 0.083 0.025 -0.200 0.067 0
 0.583 0.051 0.083 0.025 -0.175 0.067 0
 0.583 0.051 0.083 0.025 -0.225 0.067 0
 0.583 0.076 0.083 0.025 -0.200 0.044 0
 0.583 0.076 0.333 0.000 -0.200 0.044 0
 0.583 0.076 0.250 0.000 -0.175 0.044 0
 0.583 0.076 0.250 0.000 -0.150 0.022 0
 0.583 0.076 0.083 0.000 -0.175 0.022 0
 0.583 0.059 0.083 0.000 -0.150 0.022 0
 0.583 0.076 0.083 0.000 -0.175 0.022 0
 0.625 0.076 0.250 0.000 -0.150 0.000 0
 0.625 0.059 0.250 0.000 -0.100 0.000 0
 0.625 0.059 0.250 0.000 -0.125 0.000 0
 0.625 0.059 0.083 0.000 -0.075 0.000 0
 0.625 0.059 0.250 0.000 -0.075 0.000 0
 0.625 0.076 0.250 0.000 -0.075 0.000 0
 0.625 0.076 0.083 0.000 -0.050 0.000 0
 0.625 0.051 0.083 0.000 0.000 0.000 0
 0.625 0.076 0.083 0.000 0.000 0.000 0
 0.625 0.076 0.083 0.000 0.025 0.000 0
 0.625 0.136 0.083 0.000 0.050 0.000 0
 0.625 0.136 0.083 0.000 0.075 0.000 0
 0.667 0.076 0.083 0.000 0.100 0.000 0
 0.667 0.076 0.083 0.000 0.100 0.022 0
 0.667 0.059 0.083 0.000 0.150 0.000 0
 0.667 0.059 0.083 0.000 0.175 0.000 0
 0.667 0.076 0.083 0.000 0.150 0.000 0
 0.667 0.076 0.083 0.000 0.175 0.000 0
 0.667 0.119 0.250 0.000 0.125 0.000 0
 0.667 0.119 0.083 0.000 0.100 0.000 0
 0.667 0.059 0.250 0.000 0.100 0.000 0
 0.667 0.059 0.250 0.000 0.125 0.000 0
 0.667 0.076 0.083 0.000 0.125 0.000 0
 0.667 0.076 0.083 0.000 0.125 0.000 0
 0.708 0.051 0.083 0.000 0.125 -0.022 0
 0.708 0.059 0.083 0.000 0.125 0.000 0
 0.708 0.059 0.333 0.000 0.125 0.000 0
 0.708 0.051 0.333 0.000 0.150 0.000 0
 0.708 0.059 0.333 0.000 0.100 0.000 0
 0.708 0.059 0.333 0.000 0.100 0.000 0
 0.708 0.051 0.083 0.000 0.125 0.000 0
 0.708 0.051 0.250 0.000 0.150 0.000 0
 0.708 0.076 0.250 0.000 0.175 0.000 0
 0.708 0.076 0.083 0.000 0.175 0.000 0
 0.708 0.076 0.083 0.000 0.225 0.000 0
 0.708 0.076 0.083 0.000 0.225 0.000 0
 0.750 0.076 0.083 0.000 0.250 0.000 0
 0.750 0.076 0.083 0.000 0.225 0.000 0
 0.750 0.076 0.083 0.000 0.250 0.000 0
 0.750 0.076 0.083 0.000 0.325 0.022 0
 0.750 0.076 0.083 0.000 0.275 0.022 0
 0.750 0.110 0.083 0.000 0.275 0.022 0
 0.750 0.110 0.083 0.000 0.325 0.044 0
 0.750 0.127 0.083 -0.025 0.325 0.044 0
 0.750 0.136 0.083 -0.025 0.350 0.067 0
 0.750 0.153 0.250 -0.025 0.350 0.067 0
 0.750 0.153 0.083 -0.025 0.325 0.067 0
 0.792 0.153 0.083 -0.025 0.350 0.067 0
 0.792 0.161 0.083 -0.025 0.350 0.067 0
 0.792 0.186 0.083 -0.025 0.325 0.067 0
 0.792 0.153 0.250 -0.025 0.325 0.044 0
 0.792 0.144 0.083 -0.025 0.325 0.044 0
 0.792 0.102 0.083 -0.025 0.300 0.044 0
 0.792 0.110 0.333 -0.025 0.275 0.022 0
 0.792 0.110 0.333 0.000 0.275 0.022 0
 0.792 0.110 0.083 0.000 0.225 0.000 0
 0.792 0.153 0.333 0.000 0.200 0.000 0
 0.792 0.153 0.250 0.000 0.175 0.000 0
 0.792 0.144 0.083 0.000 0.150 0.022 0
 0.833 0.169 0.250 0.000 0.150 0.022 0
 0.833 0.169 0.083 0.000 0.125 0.022 0
 0.833 0.136 0.083 0.000 0.100 0.022 0
 0.833 0.136 0.083 0.000 0.025 0.022 0
 0.833 0.110 0.083 0.000 0.075 0.022 0
 0.833 0.102 0.250 0.000 0.075 0.022 0
 0.833 0.102 0.083 0.000 0.025 0.022 0
 0.833 0.102 0.083 0.000 0.050 0.022 0
 0.833 0.076 0.083 0.000 -0.050 0.022 0
 0.833 0.076 0.083 0.000 -0.050 0.022 0
 0.833 0.110 0.250 0.000 -0.025 0.000 0
 0.833 0.127 0.250 0.000 -0.050 0.000 0
 0.875 0.136 0.083 0.000 -0.075 -0.022 0
 0.875 0.127 0.083 0.000 -0.075 -0.022 0
 0.875 0.161 0.083 0.000 -0.075 -0.022 0
 0.875 0.161 0.250 0.000 -0.050 -0.044 0
 0.875 0.127 0.083 0.000 -0.050 -0.044 0
 0.875 0.127 0.250 0.000 -0.050 -0.044 0
 0.875 0.093 0.083 0.000 -0.050 -0.044 0
 0.875 0.153 0.083 0.000 -0.075 -0.044 0
 0.875 0.153 0.250 0.000 -0.025 -0.044 0
 0.875 0.169 0.083 0.000 -0.075 -0.044 0
 0.875 0.186 0.250 0.000 -0.075 -0.044 0
 0.917 0.203 0.250 0.000 -0.075 -0.022 0
 0.917 0.229 0.250 0.000 -0.100 -0.022 0
 0.917 0.229 0.250 0.000 -0.100 -0.022 0
 0.917 0.195 0.250 0.000 -0.125 0.000 0
 0.917 0.195 0.333 0.000 -0.125 0.000 0
 0.917 0.178 0.083 0.000 -0.150 0.000 0
 0.917 0.212 0.333 0.000 -0.125 0.000 0
 0.917 0.212 0.083 0.000 -0.150 0.000 0
 0.917 0.186 0.250 0.000 -0.125 0.000 0
 0.917 0.178 0.083 0.000 -0.125 0.000 0
 0.917 0.169 0.250 0.000 -0.150 -0.022 0
 0.917 0.203 0.250 0.000 -0.200 -0.022 0
 0.958 0.203 0.083 0.000 -0.175 -0.022 0
 0.958 0.212 0.083 0.000 -0.200 -0.022 0
 0.958 0.212 0.083 0.000 -0.250 -0.022 0
 0.958 0.178 0.333 0.000 -0.300 -0.022 0
 0.958 0.186 0.333 0.000 -0.300 -0.022 0
 0.958 0.186 0.250 0.000 -0.300 -0.044 0
 0.958 0.186 0.333 0.000 -0.350 -0.044 0
 0.958 0.186 0.083 0.000 -0.375 -0.044 0
 0.958 0.195 0.333 0.000 -0.425 -0.044 0
 0.958 0.203 0.250 0.000 -0.400 0.000 0
 0.958 0.203 0.250 -0.025 -0.425 0.000 0
 0.958 0.195 0.333 -0.025 -0.425 0.000 0
 0.000 0.195 0.083 -0.025 -0.425 0.022 0
 0.000 0.161 0.333 -0.051 -0.400 0.022 0
 0.000 0.203 0.083 -0.051 -0.400 0.044 0
 0.000 0.203 0.333 -0.076 -0.450 0.067 0
 0.000 0.237 0.083 -0.076 -0.450 0.111 0
 0.000 0.237 0.333 -0.076 -0.475 0.111 0
 0.000 0.186 0.083 -0.076 -0.475 0.111 0
 0.000 0.322 0.250 -0.101 -0.525 0.133 0
 0.000 0.322 0.250 -0.101 -0.525 0.111 0
 0.000 0.263 0.250 -0.076 -0.550 0.111 0
 0.000 0.288 0.083 -0.076 -0.550 0.133 0
 0.042 0.288 0.250 -0.101 -0.550 0.133 0
 0.042 0.203 0.083 -0.101 -0.500 0.156 0
 0.042 0.246 0.083 -0.126 -0.450 0.178 0
 0.042 0.254 0.250 -0.101 -0.450 0.200 0
 0.042 0.254 0.083 -0.126 -0.400 0.200 0
 0.042 0.203 0.083 -0.126 -0.475 0.222 0
 0.042 0.263 0.083 -0.126 -0.475 0.222 0
 0.042 0.263 0.083 -0.101 -0.350 0.200 0
 0.042 0.263 0.333 -0.101 -0.325 0.200 0
 0.042 0.263 0.083 -0.126 -0.350 0.244 0
 0.042 0.169 0.083 -0.152 -0.300 0.267 0
 0.042 0.186 0.250 -0.177 -0.350 0.311 0
 0.083 0.195 0.083 -0.152 -0.300 0.311 0
 0.083 0.237 0.250 -0.177 -0.325 0.311 0
 0.083 0.237 0.083 -0.202 -0.325 0.311 0
 0.083 0.169 0.083 -0.202 -0.375 0.356 0
 0.083 0.220 0.333 -0.202 -0.325 0.333 0
 0.083 0.220 0.250 -0.177 -0.250 0.311 0
 0.083 0.288 0.083 -0.152 -0.325 0.289 0
 0.083 0.288 0.083 -0.152 -0.225 0.289 0
 0.083 0.297 0.083 -0.152 -0.175 0.267 0
 0.083 0.314 0.083 -0.152 -0.150 0.267 0
 0.083 0.314 0.083 -0.126 -0.075 0.267 0
 0.083 0.237 0.083 -0.227 -0.050 0.356 0
 0.125 0.237 0.333 -0.152 -0.075 0.311 0
 0.125 0.237 0.083 -0.101 -0.100 0.267 0
 0.125 0.288 0.083 -0.051 -0.050 0.156 0
 0.125 0.288 0.333 0.000 -0.025 0.111 0
 0.125 0.254 0.250 -0.051 0.025 0.111 0
 0.125 0.220 0.083 -0.101 0.075 0.200 0
 0.125 0.220 0.083 -0.177 0.025 0.267 0
 0.125 0.186 0.083 -0.253 0.000 0.356 0
 0.125 0.186 0.083 -0.303 0.075 0.400 0
 0.125 0.186 0.083 -0.227 0.100 0.311 0
 0.125 0.186 0.083 -0.152 0.100 0.200 0
 0.125 0.153 0.083 -0.227 0.150 0.267 0
 0.167 0.212 0.083 -0.278 0.100 0.289 0
 0.167 0.212 0.083 -0.253 0.175 0.289 0
 0.167 0.153 0.250 -0.202 0.275 0.222 0
 0.167 0.186 0.083 -0.126 0.250 0.222 0
 0.167 0.186 0.250 -0.051 0.250 0.089 0
 0.167 0.127 0.083 0.025 0.300 0.000 0
 0.167 0.102 0.083 0.076 0.300 -0.044 0
 0.167 0.102 0.083 0.126 0.250 -0.089 0
 0.167 0.102 0.083 0.101 0.275 -0.111 0
 0.167 0.102 0.083 0.101 0.300 -0.067 0
 0.167 0.085 0.083 0.202 0.250 -0.178 0
 0.208 0.136 0.083 0.303 0.325 -0.311 0
 0.208 0.153 0.083 0.303 0.325 -0.378 0
 0.208 0.153 0.083 0.253 0.325 -0.333 0
 0.208 0.093 0.500 0.227 0.325 -0.333 0
 0.208 0.076 0.083 0.152 0.325 -0.244 0
 0.208 0.076 0.083 0.101 0.400 -0.133 0
 0.208 0.068 0.083 0.076 0.425 -0.111 0
 0.208 0.068 0.083 0.025 0.450 -0.067 0
 0.208 0.051 0.083 -0.025 0.475 0.022 0
 0.208 0.059 0.083 -0.025 0.400 0.000 0
 0.208 0.102 0.250 -0.051 0.475 0.022 0
 0.250 0.102 0.083 -0.101 0.450 0.089 0
 0.250 0.102 0.250 -0.126 0.475 0.200 0
 0.250 0.102 0.083 -0.177 0.500 0.244 0
 0.250 0.102 0.083 -0.227 0.475 0.311 0
 0.250 0.085 0.083 -0.202 0.500 0.289 0
 0.250 0.068 0.083 -0.177 0.475 0.267 0
 0.250 0.110 0.333 -0.152 0.500 0.244 0
 0.250 0.110 0.333 -0.076 0.475 0.156 0
 0.250 0.153 0.083 -0.076 0.500 0.111 0
 0.250 0.186 0.250 -0.051 0.500 0.067 0
 0.250 0.186 0.333 -0.025 0.425 0.067 0
 0.250 0.186 0.250 0.000 0.450 0.067 0
 0.292 0.178 0.083 -0.025 0.425 0.067 0
 0.292 0.102 0.083 -0.076 0.425 0.111 0
 0.292 0.102 0.083 -0.051 0.425 0.067 0
 0.292 0.102 0.083 -0.051 0.350 0.067 0
 0.292 0.093 0.083 -0.101 0.375 0.089 0
 0.292 0.110 0.083 -0.076 0.300 0.067 0
 0.292 0.110 0.083 -0.101 0.250 0.089 0
 0.292 0.110 0.083 -0.076 0.250 0.089 0
 0.292 0.093 0.083 -0.051 0.225 0.067 0
 0.292 0.127 0.083 -0.076 0.225 0.089 0
 0.292 0.127 0.083 -0.126 0.200 0.133 0
 0.292 0.144 0.083 -0.152 0.150 0.133 0
 0.333 0.186 0.083 -0.076 0.250 0.133 0
 0.333 0.186 0.083 -0.076 0.200 0.133 0
 0.333 0.186 0.083 -0.076 0.200 0.133 0
 0.333 0.186 0.333 0.025 0.125 0.000 0
 0.333 0.186 0.083 0.101 0.100 -0.111 0
 0.333 0.246 0.083 0.152 0.100 -0.156 0
 0.333 0.254 0.250 0.202 0.050 -0.200 0
 0.333 0.254 0.250 0.253 0.050 -0.289 0
 0.333 0.237 0.083 0.303 0.000 -0.400 0
 0.333 0.237 0.083 0.354 0.025 -0.489 0
 0.333 0.229 0.083 0.379 0.000 -0.511 0
 0.375 0.169 0.083 0.354 -0.075 -0.511 0
 0.375 0.136 0.083 0.379 -0.025 -0.533 0
 0.375 0.127 0.083 0.379 -0.025 -0.533 0
 0.375 0.127 0.083 0.328 0.000 -0.444 0
 0.375 0.195 0.083 0.253 -0.025 -0.356 0
 0.375 0.203 0.083 0.253 -0.050 -0.333 0
 0.375 0.203 0.083 0.227 -0.100 -0.333 0
 0.375 0.186 0.083 0.177 -0.125 -0.244 0
 0.375 0.186 0.083 0.101 -0.175 -0.133 0
 0.375 0.186 0.083 0.076 -0.150 -0.067 0
 0.417 0.153 0.083 0.076 -0.200 -0.044 0
 0.417 0.153 0.083 0.076 -0.225 -0.089 0
 0.417 0.136 0.250 0.076 -0.275 -0.089 0
 0.417 0.178 0.250 0.076 -0.275 -0.111 0
 0.417 0.186 0.250 0.126 -0.300 -0.178 0
 0.417 0.263 0.083 0.152 -0.225 -0.244 0
 0.417 0.263 0.333 0.152 -0.250 -0.267 0
 0.417 0.229 0.333 0.126 -0.275 -0.222 0
 0.417 0.271 0.083 0.101 -0.225 -0.200 0
 0.417 0.271 0.083 0.126 -0.250 -0.222 0
 0.417 0.305 0.083 0.101 -0.225 -0.222 0
 0.417 0.305 0.083 0.101 -0.250 -0.244 0
 0.458 0.263 0.250 0.101 -0.250 -0.244 0
 0.458 0.237 0.083 0.101 -0.250 -0.244 0
 0.458 0.263 0.250 0.101 -0.275 -0.178 0
 0.458 0.263 0.083 0.076 -0.275 -0.156 0
 0.458 0.212 0.083 0.076 -0.350 -0.111 0
 0.458 0.212 0.500 0.051 -0.300 -0.089 0
 0.458 0.144 0.083 0.076 -0.275 -0.089 0
 0.458 0.144 0.083 0.076 -0.275 -0.067 0
 0.458 0.127 0.583 0.051 -0.300 -0.067 0
 0.458 0.169 0.250 0.051 -0.300 -0.044 0
 0.458 0.220 0.333 0.051 -0.325 -0.044 0
 0.458 0.186 0.250 0.051 -0.325 -0.044 0
 0.500 0.237 0.083 0.025 -0.350 -0.044 0
 0.500 0.237 0.083 0.025 -0.400 -0.089 0
 0.500 0.203 0.333 0.025 -0.425 -0.111 0
 0.500 0.254 0.250 0.025 -0.400 -0.133 0
 0.500 0.254 0.083 0.025 -0.450 -0.133 0
 0.500 0.229 0.250 0.000 -0.400 -0.156 0
 0.500 0.229 0.250 0.000 -0.450 -0.156 0
 0.500 0.229 0.083 0.025 -0.475 -0.156 0
 0.500 0.229 0.250 0.025 -0.475 -0.156 0
 0.500 0.229 0.333 0.025 -0.450 -0.133 0
 0.500 0.229 0.333 0.025 -0.450 -0.133 0
 0.500 0.153 0.250 0.025 -0.450 -0.111 0
 0.542 0.144 0.083 0.025 -0.450 -0.111 0
 0.542 0.119 0.250 0.025 -0.450 -0.111 0
 0.542 0.212 0.250 0.025 -0.475 -0.089 0
 0.542 0.212 0.333 0.025 -0.450 -0.089 0
 0.542 0.288 0.083 0.025 -0.475 -0.067 0
 0.542 0.288 0.083 0.025 -0.500 -0.067 0
 0.542 0.271 0.083 0.000 -0.450 -0.044 0
 0.542 0.263 0.083 0.000 -0.425 -0.044 0
 0.542 0.178 0.083 0.000 -0.425 -0.022 0
 0.542 0.178 0.083 0.000 -0.400 0.000 0
 0.542 0.144 0.083 0.000 -0.350 0.022 0
 0.583 0.110 0.083 0.000 -0.300 0.022 0
 0.583 0.110 0.083 0.000 -0.250 0.044 0
 0.583 0.085 0.083 0.000 -0.275 0.044 0
 0.583 0.085 0.333 0.000 -0.275 0.044 0
 0.583 0.085 0.083 0.000 -0.250 0.044 0
 0.583 0.102 0.250 0.000 -0.300 0.044 0
 0.583 0.102 0.500 0.000 -0.250 0.067 0
 0.583 0.136 0.083 0.000 -0.200 0.067 0
 0.583 0.136 0.250 0.000 -0.225 0.022 0
 0.583 0.153 0.083 0.000 -0.250 0.022 0
 0.583 0.169 0.250 0.000 -0.200 0.000 0
 0.583 0.229 0.250 0.000 -0.175 -0.022 0
 0.625 0.229 0.250 0.000 -0.175 -0.022 0
 0.625 0.186 0.250 0.000 -0.200 -0.022 0
 0.625 0.144 0.250 0.000 -0.150 -0.044 0
 0.625 0.144 0.250 0.000 -0.125 -0.044 0
 0.625 0.127 0.500 0.000 -0.125 -0.044 0
 0.625 0.127 0.333 0.000 -0.100 -0.067 0
 0.625 0.127 0.333 0.000 -0.125 -0.067 0
 0.625 0.127 0.250 0.000 -0.075 -0.044 0
 0.625 0.127 0.333 0.000 -0.075 -0.067 0
 0.625 0.127 0.333 0.000 -0.050 -0.067 0
 0.625 0.161 0.083 0.000 -0.075 -0.044 0
 0.625 0.186 0.333 0.025 -0.025 -0.044 0
 0.667 0.186 0.083 0.025 -0.075 -0.067 0
 0.667 0.127 0.083 0.025 0.000 -0.044 0
 0.667 0.127 0.333 0.025 -0.025 -0.044 0
 0.667 0.102 0.083 0.025 0.025 -0.044 0
 0.667 0.102 0.083 0.025 0.050 -0.067 0
 0.667 0.076 0.250 0.025 0.100 -0.067 0
 0.667 0.085 0.083 0.025 0.075 -0.067 0
 0.667 0.127 0.083 0.025 0.075 -0.044 0
 0.667 0.127 0.250 0.025 0.075 -0.044 0
 0.667 0.085 0.083 0.025 0.075 -0.044 0
 0.667 0.085 0.083 0.000 0.075 -0.044 0
 0.667 0.085 0.083 0.000 0.100 -0.022 0
 0.708 0.153 0.250 0.000 0.175 -0.022 0
 0.708 0.153 0.250 0.000 0.100 -0.022 0
 0.708 0.076 0.250 0.000 0.125 -0.022 0
 0.708 0.051 0.250 0.000 0.125 0.000 0
 0.708 0.127 0.250 0.000 0.175 0.000 0
 0.708 0.127 0.083 0.000 0.250 0.000 0
 0.708 0.102 0.083 0.000 0.225 0.000 0
 0.708 0.102 0.083 0.000 0.225 -0.022 0
 0.708 0.085 0.333 0.000 0.200 -0.022 0
 0.708 0.085 0.250 0.000 0.225 -0.022 0
 0.708 0.085 0.083 0.000 0.175 -0.022 0
 0.750 0.085 0.083 0.000 0.250 -0.022 0
 0.750 0.093 0.250 0.025 0.225 -0.022 0
 0.750 0.093 0.083 0.025 0.275 -0.022 0
 0.750 0.102 0.083 0.025 0.250 -0.044 0
 0.750 0.102 0.083 0.025 0.250 -0.044 0
 0.750 0.102 0.083 0.025 0.250 -0.044 0
 0.750 0.102 0.083 0.025 0.250 -0.044 0
 0.750 0.051 0.083 0.025 0.275 -0.022 0
 0.750 0.042 0.250 0.025 0.275 -0.044 0
 0.750 0.042 0.250 0.025 0.300 -0.044 0
 0.750 0.059 0.333 0.025 0.325 -0.044 0
 0.750 0.051 0.083 0.025 0.325 -0.044 0
 0.792 0.051 0.083 0.000 0.300 -0.044 0
 0.792 0.051 0.333 0.000 0.350 -0.044 0
 0.792 0.051 0.250 0.000 0.300 -0.022 0
 0.792 0.042 0.333 0.000 0.300 -0.022 0
 0.792 0.042 0.250 0.000 0.275 -0.022 0
 0.792 0.042 0.333 0.025 0.250 -0.022 0
 0.792 0.034 0.083 0.025 0.275 -0.022 0
 0.792 0.034 0.083 0.025 0.275 0.000 0
 0.792 0.042 0.083 0.025 0.250 -0.022 0
 0.792 0.051 0.500 0.025 0.200 -0.022 0
 0.792 0.051 0.333 0.025 0.225 -0.022 0
 0.833 0.051 0.333 0.025 0.200 -0.022 0
 0.833 0.051 0.250 0.025 0.200 -0.022 0
 0.833 0.025 0.500 0.025 0.125 -0.022 0
 0.833 0.025 0.500 0.025 0.125 -0.022 0
 0.833 0.051 0.583 0.025 0.150 -0.022 0
 0.833 0.025 0.083 0.000 0.100 -0.044 0
 0.833 0.025 0.083 0.000 0.150 -0.044 0
 0.833 0.025 0.083 0.000 0.125 -0.044 0
 0.833 0.051 0.583 0.000 0.150 -0.022 0
 0.833 0.076 0.500 0.000 0.075 -0.022 0
 0.833 0.076 0.583 0.000 0.025 -0.022 0
 0.833 0.076 0.333 0.000 0.025 -0.022 0
 0.875 0.076 0.333 0.000 -0.025 -0.022 0
 0.875 0.076 0.583 0.000 -0.025 -0.022 0
 0.875 0.025 0.500 0.000 0.000 -0.022 0
 0.875 0.025 0.333 0.000 0.000 -0.022 0
 0.875 0.034 0.333 0.000 -0.025 0.000 0
 0.875 0.068 0.250 0.000 -0.025 0.000 0
 0.875 0.068 0.333 0.000 -0.050 0.000 0
 0.875 0.068 0.333 0.000 -0.050 0.000 0
 0.875 0.051 0.333 0.000 -0.025 0.000 0
 0.875 0.068 0.083 0.000 -0.050 0.000 0
 0.875 0.110 0.333 0.000 -0.075 0.000 0
 0.875 0.110 0.333 0.000 -0.125 0.000 0
 0.917 0.102 0.333 0.000 -0.125 0.000 0
 0.917 0.102 0.083 0.000 -0.100 0.000 0
 0.917 0.102 0.083 0.000 -0.125 0.000 0
 0.917 0.102 0.333 0.000 -0.200 0.000 0
 0.917 0.102 0.083 0.000 -0.175 0.000 0
 0.917 0.102 0.083 0.000 -0.250 0.000 0
 0.917 0.076 0.083 0.000 -0.250 0.000 0
 0.917 0.076 0.083 0.000 -0.275 0.000 0
 0.917 0.076 0.083 0.000 -0.275 0.000 0
 0.917 0.076 0.083 0.000 -0.275 0.000 0
 0.917 0.068 0.333 0.000 -0.275 0.000 0
 0.917 0.068 0.083 0.000 -0.250 0.000 0
 0.958 0.102 0.083 0.000 -0.250 0.000 0
 0.958 0.102 0.083 0.000 -0.275 0.000 0
 0.958 0.076 0.083 0.000 -0.250 0.000 0
 0.958 0.102 0.250 -0.025 -0.250 0.000 0
 0.958 0.102 0.250 -0.025 -0.300 0.000 0
 0.958 0.051 0.250 -0.051 -0.350 0.000 0
 0.958 0.034 0.083 -0.076 -0.400 0.022 0
 0.958 0.034 0.250 -0.101 -0.450 0.022 0
 0.958 0.042 0.083 -0.126 -0.400 0.044 0
 0.958 0.051 0.083 -0.152 -0.375 0.089 0
 0.958 0.093 0.083 -0.152 -0.375 0.156 0
 0.000 0.127 0.083 -0.177 -0.375 0.222 0
 0.000 0.127 0.083 -0.177 -0.375 0.267 0
 0.000 0.169 0.083 -0.227 -0.400 0.311 0
 0.000 0.169 0.250 -0.227 -0.325 0.400 0
 0.000 0.186 0.250 -0.253 -0.325 0.467 0
 0.000 0.195 0.083 -0.227 -0.400 0.489 0
 0.000 0.195 0.083 -0.227 -0.375 0.533 0
 0.000 0.161 0.083 -0.227 -0.400 0.556 0
 0.000 0.161 0.083 -0.227 -0.375 0.556 0
 0.000 0.127 0.083 -0.227 -0.375 0.578 0
 0.000 0.110 0.250 -0.278 -0.350 0.600 0
 0.042 0.195 0.250 -0.278 -0.375 0.578 0
 0.042 0.229 0.083 -0.253 -0.375 0.533 0
 0.042 0.229 0.083 -0.227 -0.375 0.511 0
 0.042 0.229 0.250 -0.227 -0.400 0.489 0
 0.042 0.229 0.250 -0.227 -0.450 0.444 0
 0.042 0.212 0.250 -0.227 -0.400 0.444 0
 0.042 0.212 0.083 -0.227 -0.375 0.400 0
 0.042 0.237 0.083 -0.177 -0.350 0.378 0
 0.042 0.237 0.083 -0.177 -0.275 0.356 0
 0.042 0.153 0.083 -0.202 -0.325 0.356 0
 0.042 0.102 0.083 -0.202 -0.300 0.333 0
 0.042 0.102 0.083 -0.177 -0.275 0.289 0
 0.083 0.169 0.083 -0.278 -0.325 0.356 0
 0.083 0.212 0.083 -0.177 -0.300 0.267 0
 0.083 0.229 0.250 -0.152 -0.300 0.200 0
 0.083 0.229 0.083 -0.126 -0.325 0.200 0
 0.083 0.212 0.083 -0.076 -0.325 0.111 0
 0.083 0.153 0.083 -0.025 -0.225 0.089 0
 0.083 0.186 0.083 -0.025 -0.225 0.089 0
 0.083 0.186 0.083 0.000 -0.175 0.044 0
 0.083 0.186 0.250 0.025 -0.150 0.022 0
 0.083 0.178 0.083 0.051 -0.100 -0.022 0
 0.083 0.144 0.083 -0.051 -0.100 0.067 0
 0.083 0.144 0.083 -0.051 -0.075 0.067 0
 0.125 0.203 0.083 -0.177 -0.075 0.200 0
 0.125 0.203 0.250 -0.227 -0.075 0.244 0
 0.125 0.153 0.083 -0.253 -0.075 0.267 0
 0.125 0.169 0.083 -0.303 0.025 0.356 0
 0.125 0.169 0.333 -0.354 0.000 0.333 0
 0.125 0.153 0.083 -0.404 0.025 0.400 0
 0.125 0.144 0.083 -0.404 0.075 0.422 0
 0.125 0.144 0.083 -0.404 0.025 0.400 0
 0.125 0.161 0.083 -0.328 0.125 0.356 0
 0.125 0.169 0.250 -0.202 0.100 0.244 0
 0.125 0.178 0.083 -0.101 0.150 0.156 0
 0.125 0.178 0.250 -0.076 0.175 0.111 0
 0.167 0.127 0.083 -0.076 0.225 0.133 0
 0.167 0.127 0.083 -0.025 0.275 0.044 0
 0.167 0.127 0.083 -0.025 0.275 0.022 0
 0.167 0.102 0.083 0.000 0.300 0.044 0
 0.167 0.102 0.083 0.025 0.275 -0.022 0
 0.167 0.102 0.083 0.051 0.350 -0.022 0
 0.167 0.102 0.083 0.076 0.350 -0.044 0
 0.167 0.085 0.083 0.000 0.325 0.000 0
 0.167 0.093 0.083 0.025 0.350 -0.022 0
 0.167 0.093 0.083 0.051 0.350 -0.044 0
 0.167 0.144 0.083 0.126 0.375 -0.089 0
 0.167 0.144 0.083 0.152 0.425 -0.111 0
 0.208 0.110 0.083 0.126 0.450 -0.089 0
 0.208 0.110 0.083 0.126 0.500 -0.089 0
 0.208 0.144 0.083 0.076 0.450 -0.044 0
 0.208 0.144 0.083 0.000 0.450 0.000 0
 0.208 0.102 0.083 -0.101 0.475 0.067 0
 0.208 0.076 0.083 -0.177 0.475 0.111 0
 0.208 0.093 0.083 -0.202 0.525 0.133 0
 0.208 0.093 0.083 -0.278 0.475 0.178 0
 0.208 0.102 0.083 -0.379 0.550 0.267 0
 0.208 0.102 0.083 -0.429 0.525 0.267 0
 0.208 0.093 0.083 -0.404 0.550 0.244 0
 0.250 0.093 0.083 -0.404 0.500 0.267 0
 0.250 0.059 0.083 -0.379 0.525 0.244 0
 0.250 0.059 0.083 -0.328 0.525 0.200 0
 0.250 0.042 0.083 -0.227 0.525 0.178 0
 0.250 0.051 0.083 -0.152 0.575 0.111 0
 0.250 0.051 0.083 -0.025 0.525 0.044 0
 0.250 0.042 0.083 0.126 0.550 -0.067 0
 0.250 0.051 0.083 0.177 0.575 -0.089 0
 0.250 0.051 0.250 0.227 0.575 -0.111 0
 0.250 0.076 0.083 0.253 0.550 -0.111 0
 0.250 0.076 0.083 0.303 0.500 -0.178 0
 0.250 0.076 0.083 0.354 0.550 -0.222 0
 0.292 0.102 0.333 0.404 0.525 -0.267 0
 0.292 0.127 0.083 0.480 0.500 -0.333 0
 0.292 0.127 0.083 0.530 0.500 -0.444 0
 0.292 0.288 0.083 0.606 0.625 -0.511 0
 0.292 0.449 0.333 0.657 0.625 -0.644 0
 0.292 0.449 0.333 0.657 0.575 -0.733 0
 0.292 0.415 0.333 0.707 0.525 -0.822 0
 0.292 0.390 0.333 0.707 0.475 -0.889 0
 0.292 0.314 0.083 0.682 0.375 -0.889 0
 0.292 0.229 0.250 0.631 0.275 -0.844 0
 0.292 0.229 0.083 0.581 0.275 -0.800 0
 0.292 0.229 0.083 0.505 0.275 -0.756 0
 0.333 0.186 0.500 0.429 0.200 -0.622 0
 0.333 0.186 0.583 0.354 0.250 -0.533 0
 0.333 0.153 0.583 0.303 0.225 -0.489 0
 0.333 0.144 0.583 0.227 0.200 -0.333 0
 0.333 0.136 0.583 0.126 0.200 -0.178 0
 0.333 0.136 0.583 0.051 0.200 -0.089 0
 0.333 0.102 0.583 0.051 0.175 -0.044 0
 0.333 0.076 0.583 0.025 0.100 0.000 0
 0.333 0.034 0.500 0.025 0.075 0.022 0
 0.333 0.000 0.833 0.000 0.100 0.022 0
 0.333 0.034 0.083 0.000 0.000 0.067 0
 0.375 0.034 0.083 0.000 0.025 -0.022 0
 0.375 0.076 0.083 0.000 0.025 -0.022 0
 0.375 0.076 0.500 -0.025 -0.050 0.022 0
 0.375 0.076 0.250 -0.051 -0.150 0.022 0
 0.375 0.076 0.083 -0.051 -0.200 0.000 0
 0.375 0.076 0.083 -0.051 -0.175 0.022 0
 0.375 0.076 0.083 -0.025 -0.150 0.000 0
 0.375 0.076 0.083 0.000 -0.100 -0.044 0
 0.375 0.076 0.083 0.000 -0.050 -0.089 0
 0.375 0.076 0.583 0.051 0.025 -0.089 0
 0.375 0.076 0.583 0.051 0.000 -0.133 0
 0.375 0.076 0.583 0.051 0.025 -0.133 0
 0.417 0.034 0.083 0.051 0.075 -0.133 0
 0.417 0.076 0.583 0.051 0.000 -0.133 0
 0.417 0.076 0.083 0.051 0.000 -0.156 0
 0.417 0.076 0.500 0.076 0.000 -0.156 0
 0.417 0.068 0.083 0.076 -0.050 -0.178 0
 0.417 0.059 0.083 0.051 -0.100 -0.156 0
 0.417 0.034 0.083 0.051 -0.100 -0.133 0
 0.417 0.034 0.083 0.051 -0.075 -0.111 0
 0.417 0.076 0.500 0.025 -0.100 -0.111 0
 0.417 0.076 0.583 0.025 -0.125 -0.111 0
 0.417 0.076 0.583 0.025 -0.100 -0.089 0
 0.417 0.076 0.500 0.051 -0.125 -0.089 0
 0.458 0.110 0.083 0.051 -0.150 -0.089 0
 0.458 0.153 0.083 0.051 -0.125 -0.089 0
 0.458 0.153 0.083 0.025 -0.175 -0.044 0
 0.458 0.102 0.083 0.025 -0.225 0.000 0
 0.458 0.102 0.083 0.025 -0.225 0.000 0
 0.458 0.076 0.083 0.025 -0.275 0.000 0
 0.458 0.076 0.083 0.025 -0.275 0.000 0
 0.458 0.076 0.083 0.025 -0.325 -0.044 0
 0.458 0.076 0.833 0.051 -0.325 -0.022 0
 0.458 0.076 0.833 0.051 -0.300 -0.022 0
 0.458 0.042 0.083 0.025 -0.375 -0.044 0
 0.458 0.076 0.583 0.025 -0.400 -0.022 0
 0.500 0.076 0.750 0.025 -0.375 0.000 0
 0.500 0.034 0.083 0.051 -0.375 -0.044 0
 0.500 0.076 0.083 0.051 -0.375 -0.067 0
 0.500 0.076 0.083 0.051 -0.350 -0.067 0
 0.500 0.068 0.583 0.051 -0.400 -0.067 0
 0.500 0.025 0.750 0.051 -0.375 -0.067 0
 0.500 0.000 0.750 0.051 -0.425 -0.022 0
 0.500 0.025 0.750 0.025 -0.375 -0.022 0
 0.500 0.025 0.750 0.025 -0.350 -0.044 0
 0.500 0.025 0.583 0.025 -0.400 -0.022 0
 0.500 0.025 0.583 0.025 -0.375 -0.044 0
 0.542 0.025 0.250 0.025 -0.400 -0.044 0
 0.542 0.034 0.500 0.000 -0.325 -0.044 0
 0.542 0.034 0.500 0.000 -0.300 -0.044 0
 0.542 0.034 0.750 0.000 -0.225 -0.044 0
 0.542 0.034 0.750 0.000 -0.250 -0.044 0
 0.542 0.025 0.583 0.000 -0.200 -0.044 0
 0.542 0.051 0.583 0.000 -0.225 -0.044 0
 0.542 0.076 0.500 0.000 -0.200 -0.067 0
 0.542 0.144 0.250 0.000 -0.275 -0.044 0
 0.542 0.186 0.333 0.000 -0.275 -0.022 0
 0.542 0.237 0.333 0.000 -0.225 -0.022 0
 0.542 0.237 0.333 0.000 -0.225 -0.022 0
 0.583 0.186 0.333 0.000 -0.225 0.000 0
 0.583 0.161 0.083 0.000 -0.275 0.000 0
 0.583 0.186 0.250 0.000 -0.300 0.000 0
 0.583 0.186 0.250 0.000 -0.275 -0.022 0
 0.583 0.212 0.333 0.000 -0.250 -0.022 0
 0.583 0.212 0.250 0.000 -0.225 -0.022 0
 0.583 0.195 0.333 0.000 -0.200 -0.022 0
 0.583 0.195 0.250 0.000 -0.175 -0.022 0
 0.583 0.186 0.333 0.000 -0.175 -0.044 0
 0.583 0.186 0.250 0.025 -0.150 -0.044 0
 0.583 0.153 0.333 0.025 -0.150 -0.044 0
 0.583 0.136 0.083 0.025 -0.150 -0.067 0
 0.625 0.110 0.583 0.025 -0.225 -0.067 0
 0.625 0.144 0.333 0.025 -0.225 -0.067 0
 0.625 0.144 0.500 0.025 -0.200 -0.067 0
 0.625 0.102 0.083 0.025 -0.225 -0.067 0
 0.625 0.102 0.500 0.025 -0.225 -0.067 0
 0.625 0.102 0.083 0.025 -0.200 -0.044 0
 0.625 0.144 0.083 0.025 -0.225 -0.044 0
 0.625 0.144 0.250 0.025 -0.150 -0.044 0
 0.625 0.127 0.500 0.000 -0.150 -0.044 0
 0.625 0.102 0.333 0.000 -0.175 -0.067 0
 0.625 0.093 0.083 0.000 -0.225 -0.044 0
 0.667 0.093 0.250 0.000 -0.175 -0.044 0
 0.667 0.093 0.500 0.000 -0.150 -0.044 0
 0.667 0.085 0.083 0.000 -0.075 -0.022 0
 0.667 0.093 0.083 0.000 -0.025 -0.022 0
 0.667 0.110 0.083 0.000 -0.025 -0.022 0
 0.667 0.110 0.583 0.000 -0.075 -0.022 0
 0.667 0.059 0.833 0.000 -0.075 -0.022 0
 0.667 0.059 0.500 0.000 -0.075 -0.022 0
 0.667 0.059 0.083 0.000 -0.100 -0.044 0
 0.667 0.102 0.083 0.025 -0.100 -0.022 0
 0.667 0.102 0.333 0.000 -0.100 -0.022 0
 0.708 0.059 0.583 0.000 -0.050 -0.022 0
 0.708 0.068 0.333 0.000 0.025 -0.022 0
 0.708 0.085 0.250 0.000 0.025 -0.022 0
 0.708 0.110 0.333 0.000 0.050 -0.022 0
 0.708 0.119 0.250 0.025 0.125 -0.022 0
 0.708 0.136 0.250 0.025 0.125 -0.044 0
 0.708 0.136 0.250 0.025 0.150 -0.044 0
 0.708 0.110 0.333 0.025 0.200 -0.044 0
 0.708 0.093 0.250 0.025 0.175 -0.044 0
 0.708 0.102 0.333 0.000 0.175 -0.044 0
 0.708 0.102 0.250 0.025 0.250 -0.022 0
 0.708 0.051 0.333 0.025 0.350 -0.022 0
 0.750 0.051 0.500 0.025 0.325 -0.022 0
 0.750 0.051 0.500 0.025 0.350 -0.044 0
 0.750 0.051 0.500 0.025 0.275 -0.044 0
 0.750 0.025 0.500 0.000 0.250 -0.022 0
 0.750 0.025 0.500 0.000 0.250 0.000 0
 0.750 0.000 0.500 0.000 0.275 -0.022 0
 0.750 0.051 0.500 0.000 0.300 -0.022 0
 0.750 0.051 0.333 0.000 0.300 0.000 0
 0.750 0.051 0.500 0.025 0.325 0.000 0
 0.750 0.025 0.500 0.025 0.300 -0.022 0
 0.750 0.025 0.500 0.025 0.350 -0.022 0
 0.750 0.025 0.500 0.025 0.325 -0.044 0
 0.792 0.051 0.333 0.025 0.350 -0.022 0
 0.792 0.051 0.500 0.025 0.325 -0.044 0
 0.792 0.051 0.333 0.025 0.275 -0.067 0
 0.792 0.051 0.333 0.025 0.300 -0.044 0
 0.792 0.025 0.500 0.025 0.300 -0.022 0
 0.792 0.025 0.333 0.025 0.250 -0.022 0
 0.792 0.025 0.500 0.025 0.250 -0.022 0
 0.792 0.025 0.583 0.000 0.275 -0.022 0
 0.792 0.000 0.583 0.000 0.300 -0.044 0
 0.792 0.000 0.500 0.000 0.250 -0.022 0
 0.792 0.000 0.583 0.000 0.200 0.000 0
 0.792 0.000 0.583 0.000 0.200 -0.022 0
 0.833 0.000 0.500 0.000 0.225 0.000 0
 0.833 0.025 0.333 0.000 0.250 0.000 0
 0.833 0.025 0.333 0.000 0.200 -0.022 0
 0.833 0.051 0.500 0.000 0.225 -0.022 0
 0.833 0.051 0.500 0.000 0.200 -0.022 0
 0.833 0.025 0.333 0.000 0.175 -0.022 0
 0.833 0.051 0.500 0.000 0.150 -0.044 0
 0.833 0.051 0.583 0.000 0.125 0.000 0
 0.833 0.051 0.083 0.000 0.150 -0.044 0
 0.833 0.051 0.833 0.000 0.100 -0.044 0
 0.833 0.025 0.250 0.000 0.125 -0.022 0
 0.875 0.025 0.500 0.000 0.050 -0.022 0
 0.875 0.000 0.500 0.000 0.050 -0.022 0
 0.875 0.000 0.500 0.000 0.050 -0.022 0
 0.875 0.025 0.500 0.000 -0.025 -0.022 0
 0.875 0.025 0.500 0.000 -0.025 -0.022 0
 0.875 0.000 0.500 0.000 0.000 -0.022 0
 0.875 0.000 0.500 0.000 -0.025 0.000 0
 0.875 0.000 0.500 0.000 -0.025 -0.022 0
 0.875 0.025 0.500 0.025 -0.075 -0.022 0
 0.875 0.051 0.083 0.000 -0.075 -0.022 0
 0.875 0.051 0.083 0.000 -0.100 -0.022 0
 0.875 0.051 0.083 0.000 -0.050 -0.022 0
 0.917 0.051 0.083 0.000 -0.125 -0.022 0
 0.917 0.051 0.083 0.000 -0.100 -0.022 0
 0.917 0.051 0.083 0.000 -0.125 -0.022 0
 0.917 0.042 0.500 0.000 -0.125 -0.022 0
 0.917 0.025 0.083 0.000 -0.150 -0.022 0
 0.917 0.025 0.083 0.000 -0.125 -0.022 0
 0.917 0.025 0.500 0.000 -0.100 -0.022 0
 0.917 0.025 0.500 -0.025 -0.075 0.000 0
 0.917 0.025 0.500 0.000 -0.100 -0.022 0
 0.917 0.025 0.500 0.000 -0.100 -0.022 0
 0.917 0.051 0.583 0.000 -0.100 -0.022 0
 0.917 0.051 0.583 0.000 -0.050 -0.022 0
 0.958 0.051 0.583 0.000 -0.075 -0.022 0
 0.958 0.051 0.083 0.000 -0.100 -0.022 0
 0.958 0.051 0.750 0.000 -0.075 -0.022 0
 0.958 0.051 0.583 -0.025 -0.075 0.000 0
 0.958 0.051 0.583 -0.025 -0.100 0.000 0
 0.958 0.076 0.583 -0.025 -0.100 0.000 0
 0.958 0.076 0.333 -0.025 -0.125 0.022 0
 0.958 0.059 0.583 -0.051 -0.100 0.067 0
 0.958 0.059 0.583 -0.051 -0.125 0.067 0
 0.958 0.068 0.500 -0.051 -0.100 0.089 0
 0.958 0.068 0.583 -0.051 -0.150 0.089 0
 0.958 0.059 0.583 -0.076 -0.125 0.111 0
 0.000 0.076 0.583 -0.076 -0.175 0.133 0
 0.000 0.076 0.583 -0.076 -0.150 0.133 0
 0.000 0.076 0.583 -0.051 -0.175 0.133 0
 0.000 0.102 0.583 -0.076 -0.175 0.156 0
 0.000 0.102 0.583 -0.076 -0.175 0.178 0
 0.000 0.076 0.583 -0.101 -0.175 0.200 0
 0.000 0.076 0.583 -0.126 -0.225 0.244 0
 0.000 0.076 0.333 -0.177 -0.150 0.244 0
 0.000 0.076 0.083 -0.227 -0.200 0.378 0
 0.000 0.076 0.083 -0.227 -0.225 0.378 0
 0.000 0.076 0.083 -0.202 -0.250 0.356 0
 0.042 0.102 0.083 -0.328 -0.200 0.578 0
 0.042 0.102 0.083 -0.354 -0.200 0.622 0
 0.042 0.076 0.083 -0.379 -0.200 0.689 0
 0.042 0.076 0.083 -0.379 -0.225 0.689 0
 0.042 0.076 0.083 -0.379 -0.200 0.667 0
 0.042 0.076 0.083 -0.354 -0.200 0.622 0
 0.042 0.076 0.083 -0.379 -0.275 0.689 0
 0.042 0.051 0.083 -0.379 -0.275 0.756 0
 0.042 0.051 0.083 -0.354 -0.275 0.644 0
 0.042 0.051 0.083 -0.354 -0.275 0.644 0
 0.042 0.051 0.083 -0.354 -0.300 0.644 0
 0.042 0.051 0.083 -0.227 -0.275 0.400 0
 0.042 0.144 0.083 -0.152 -0.250 0.356 0
 0.083 0.153 0.083 -0.152 -0.225 0.267 0
 0.083 0.153 0.083 -0.126 -0.250 0.244 0
 0.083 0.093 0.083 -0.152 -0.200 0.289 0
 0.083 0.093 0.083 -0.202 -0.225 0.311 0
 0.083 0.127 0.083 -0.152 -0.225 0.222 0
 0.083 0.127 0.083 -0.126 -0.175 0.156 0
 0.083 0.127 0.083 -0.101 -0.225 0.111 0
 0.083 0.076 0.083 -0.152 -0.125 0.178 0
 0.083 0.076 0.083 -0.152 -0.125 0.178 0
 0.083 0.076 0.083 -0.152 -0.125 0.178 0
 0.083 0.076 0.083 -0.202 -0.125 0.178 0
 0.125 0.076 0.083 -0.152 -0.050 0.178 0
 0.125 0.076 0.083 -0.152 -0.050 0.178 0
 0.125 0.076 0.083 -0.202 0.000 0.178 0
 0.125 0.076 0.083 -0.177 0.025 0.200 0
 0.125 0.127 0.083 -0.177 0.025 0.200 0
 0.125 0.127 0.083 -0.177 0.150 0.200 0
 0.125 0.102 0.083 -0.202 0.100 0.200 0
 0.125 0.076 0.083 -0.152 0.175 0.156 0
 0.125 0.102 0.083 -0.126 0.175 0.133 0
 0.125 0.102 0.083 -0.126 0.175 0.133 0
 0.125 0.076 0.083 -0.152 0.200 0.156 0
 0.167 0.076 0.083 -0.227 0.200 0.178 0
 0.167 0.076 0.083 -0.227 0.175 0.178 0
 0.167 0.102 0.083 -0.051 0.350 0.089 0
 0.167 0.093 0.083 -0.025 0.350 0.044 0
 0.167 0.102 0.083 0.000 0.350 0.000 0
 0.167 0.102 0.083 0.000 0.350 0.022 0
 0.167 0.102 0.083 0.025 0.350 0.022 0
 0.167 0.076 0.083 -0.076 0.425 0.044 0
 0.167 0.076 0.083 -0.126 0.425 0.067 0
 0.167 0.076 0.083 -0.101 0.400 0.089 0
 0.167 0.076 0.083 -0.051 0.400 0.044 0
 0.167 0.051 0.083 -0.051 0.450 0.044 0
 0.208 0.102 0.500 0.000 0.425 0.022 0
 0.208 0.102 0.500 -0.051 0.450 0.044 0
 0.208 0.102 0.083 0.025 0.475 0.000 0
 0.208 0.102 0.333 0.076 0.500 -0.044 0
 0.208 0.102 0.083 0.076 0.550 -0.044 0
 0.208 0.076 0.083 0.051 0.500 0.000 0
 0.208 0.093 0.500 0.126 0.575 -0.022 0
 0.208 0.093 0.083 0.152 0.575 -0.022 0
 0.208 0.093 0.083 0.126 0.550 -0.022 0
 0.208 0.076 0.250 0.101 0.600 -0.022 0
 0.208 0.102 0.083 0.126 0.550 -0.044 0
 0.208 0.102 0.333 0.076 0.575 0.000 0
 0.250 0.085 0.250 0.000 0.575 0.000 0
 0.250 0.059 0.083 -0.076 0.500 0.067 0
 0.250 0.042 0.083 -0.126 0.450 0.111 0
 0.250 0.025 0.083 -0.126 0.525 0.111 0
 0.250 0.051 0.083 -0.101 0.500 0.067 0
 0.250 0.153 0.083 0.303 0.225 -0.289 0
 0.250 0.059 0.083 0.328 0.150 -0.311 0
 0.250 0.059 0.083 0.354 0.100 -0.356 0
 0.250 0.059 0.083 0.354 0.150 -0.333 0
 0.250 0.059 0.083 0.404 0.150 -0.356 0
 0.250 0.059 0.083 0.429 0.150 -0.400 0
 0.292 0.068 0.083 0.455 0.125 -0.356 0
 0.292 0.076 0.083 0.455 0.125 -0.400 0
 0.292 0.093 0.083 0.455 0.050 -0.378 0
 0.292 0.093 0.083 0.480 0.000 -0.400 0
 0.292 0.102 0.083 0.480 0.000 -0.400 0
 0.292 0.102 0.083 0.101 0.000 -0.044 0
 0.292 0.127 0.083 0.051 0.000 0.000 0
 0.292 0.127 0.083 0.000 -0.025 0.022 0
 0.292 0.127 0.250 -0.025 -0.025 0.067 0
 0.292 0.025 0.083 -0.076 -0.050 0.111 0
 0.292 0.034 0.083 -0.101 -0.025 0.156 0
 0.292 0.051 0.333 -0.051 -0.050 0.089 0
 0.333 0.051 0.583 0.000 -0.075 0.089 0
 0.333 0.034 0.500 -0.025 -0.125 0.044 0
 0.333 0.025 0.083 -0.051 -0.050 0.089 0
 0.333 0.034 0.083 -0.101 -0.100 0.111 0
 0.333 0.034 0.500 -0.101 -0.125 0.111 0
 0.333 0.093 0.583 -0.051 0.150 0.067 0
 0.333 0.093 0.583 -0.025 0.150 0.067 0
 0.333 0.093 0.083 0.000 0.200 0.000 0
 0.333 0.051 0.583 0.025 0.225 -0.022 0
 0.333 0.051 0.083 0.025 0.200 -0.022 0
 0.333 0.051 0.083 0.000 0.125 0.000 0
 0.333 0.076 0.583 -0.025 0.150 -0.022 0
 0.375 0.076 0.333 0.051 0.100 -0.044 0
 0.375 0.059 0.500 0.101 0.125 -0.111 0
 0.375 0.076 0.500 0.202 0.100 -0.178 0
 0.375 0.102 0.500 0.227 0.025 -0.244 0
 0.375 0.102 0.583 0.227 0.025 -0.244 0
 0.375 0.093 0.583 0.227 0.000 -0.267 0
 0.375 0.093 0.583 0.253 0.000 -0.267 0
 0.375 0.076 0.583 0.253 0.000 -0.289 0
 0.375 0.076 0.583 0.253 -0.025 -0.311 0
 0.375 0.076 0.583 0.227 -0.025 -0.311 0
 0.375 0.076 0.583 0.227 -0.050 -0.267 0
 0.375 0.068 0.083 0.227 0.225 -0.600 0
 0.417 0.068 0.083 0.202 0.200 -0.600 0
 0.417 0.059 0.083 0.152 0.075 -0.556 0
 0.417 0.059 0.083 0.152 0.050 -0.533 0
 0.417 0.085 0.083 0.126 0.000 -0.533 0
 0.417 0.153 0.083 0.126 0.000 -0.511 0
 0.417 0.153 0.250 0.101 0.050 -0.511 0
 0.417 0.153 0.083 0.101 0.025 -0.489 0
 0.417 0.127 0.083 0.101 0.000 -0.511 0
 0.417 0.127 0.083 0.126 0.025 -0.489 0
 0.417 0.127 0.083 0.101 0.025 -0.511 0
 0.417 0.127 0.500 0.051 -0.025 -0.133 0
 0.417 0.237 0.083 0.051 0.050 -0.133 0
 0.458 0.237 0.083 0.076 0.000 -0.178 0
 0.458 0.288 0.333 0.051 -0.050 -0.200 0
 0.458 0.288 0.083 0.076 -0.050 -0.200 0
 0.458 0.364 0.250 0.076 0.000 -0.222 0
 0.458 0.364 0.250 0.076 0.000 -0.200 0
 0.458 0.288 0.083 0.101 0.025 -0.267 0
 0.458 0.229 0.083 0.101 0.075 -0.244 0
 0.458 0.127 0.083 0.101 0.025 -0.267 0
 0.458 0.093 0.083 0.101 -0.050 -0.267 0
 0.458 0.093 0.083 0.101 -0.050 -0.244 0
 0.458 0.102 0.083 0.101 -0.425 -0.244 0
 0.458 0.102 0.083 0.076 -0.400 -0.178 0
 0.500 0.178 0.083 0.076 -0.350 -0.133 0
 0.500 0.178 0.083 0.051 -0.350 -0.111 0
 0.500 0.119 0.250 0.051 -0.275 -0.111 0
 0.500 0.102 0.083 0.076 -0.375 -0.111 0
 0.500 0.102 0.083 0.051 -0.425 -0.044 0
 0.500 0.127 0.083 0.051 -0.525 -0.022 0
 0.500 0.127 0.083 0.025 -0.575 0.000 0
 0.500 0.127 0.083 0.051 -0.625 0.044 0
 0.500 0.102 0.083 0.051 -0.600 0.000 0
 0.500 0.102 0.333 0.051 -0.650 0.022 0
 0.500 0.136 0.083 0.025 -0.750 0.022 0
 0.500 0.153 0.083 0.051 -0.700 0.089 0
 0.542 0.153 0.333 0.051 -0.650 0.111 0
 0.542 0.127 0.250 0.051 -0.650 0.111 0
 0.542 0.127 0.083 0.025 -0.650 0.111 0
 0.542 0.102 0.083 0.025 -0.600 0.111 0
 0.542 0.093 0.083 0.025 -0.650 0.111 0
 0.542 0.076 0.083 0.051 -0.675 0.089 0
 0.542 0.076 0.083 0.025 -0.600 0.067 0
 0.542 0.076 0.083 0.025 -0.500 0.089 0
 0.542 0.085 0.083 0.025 -0.425 0.067 0
 0.542 0.085 0.083 0.051 -0.250 0.022 0
 0.542 0.076 0.083 0.025 -0.275 -0.067 0
 0.542 0.076 0.083 0.051 -0.200 -0.067 0
 0.583 0.076 0.083 0.051 -0.150 -0.067 0
 0.583 0.076 0.083 0.051 -0.175 -0.111 0
 0.583 0.085 0.083 0.051 -0.100 -0.111 0
 0.583 0.102 0.083 0.051 -0.075 -0.111 0
 0.583 0.102 0.083 0.025 0.025 -0.089 0
 0.583 0.110 0.083 0.025 0.050 -0.089 0
 0.583 0.110 0.083 0.025 0.100 -0.111 0
 0.583 0.102 0.083 0.025 0.125 -0.089 0
 0.583 0.110 0.083 0.025 0.250 -0.067 0
 0.583 0.110 0.083 0.025 0.275 -0.044 0
 0.583 0.110 0.083 0.000 0.300 -0.089 0
 0.583 0.110 0.083 0.000 0.325 -0.067 0
 0.625 0.102 0.083 0.000 0.375 -0.022 0
 0.625 0.102 0.083 0.000 0.375 -0.022 0
 0.625 0.102 0.083 0.000 0.325 -0.044 0
 0.625 0.110 0.083 0.000 0.350 -0.044 0
 0.625 0.110 0.083 0.025 0.325 -0.044 0
 0.625 0.051 0.083 0.025 0.275 -0.022 0
 0.625 0.068 0.083 0.025 0.225 -0.022 0
 0.625 0.076 0.083 0.025 0.200 -0.022 0
 0.625 0.093 0.083 0.025 0.125 -0.022 0
 0.625 0.102 0.083 0.025 0.225 0.000 0
 0.625 0.102 0.083 0.025 0.200 0.000 0
 0.667 0.085 0.083 0.025 0.200 0.000 0
 0.667 0.076 0.083 0.025 0.250 0.000 0
 0.667 0.076 0.083 0.025 0.275 0.000 0
 0.667 0.127 0.083 0.025 0.225 0.000 0
 0.667 0.161 0.083 0.025 0.150 -0.022 0
 0.667 0.161 0.083 0.000 0.150 -0.022 0
 0.667 0.144 0.083 0.000 0.150 -0.022 0
 0.667 0.102 0.083 0.000 0.150 -0.022 0
 0.667 0.093 0.083 0.000 0.100 -0.022 0
 0.667 0.093 0.083 0.000 0.125 -0.022 0
 0.667 0.127 0.083 0.000 0.125 -0.022 0
 0.667 0.144 0.083 0.000 0.150 -0.044 0
 0.708 0.144 0.083 0.000 0.125 -0.044 0
 0.708 0.127 0.083 0.000 0.125 -0.044 0
 0.708 0.102 0.083 0.000 0.150 -0.044 0
 0.708 0.076 0.083 -0.025 0.150 -0.022 0
 0.708 0.102 0.083 0.000 0.250 -0.044 0
 0.708 0.102 0.083 0.000 0.300 -0.044 0
 0.708 0.127 0.083 0.000 0.350 -0.044 0
 0.708 0.127 0.083 0.000 0.325 -0.044 0
 0.708 0.127 0.083 0.000 0.375 -0.044 0
 0.708 0.127 0.083 0.000 0.350 -0.044 0
 0.708 0.127 0.500 0.000 0.325 -0.022 0
 0.750 0.102 0.083 0.000 0.350 -0.022 0
 0.750 0.102 0.083 0.000 0.325 -0.022 0
 0.750 0.102 0.083 0.000 0.375 0.000 0
 0.750 0.102 0.083 0.000 0.375 0.000 0
 0.750 0.102 0.083 0.000 0.425 0.022 0
 0.750 0.102 0.083 0.000 0.475 0.022 0
 0.750 0.102 0.083 0.000 0.500 0.022 0
 0.750 0.102 0.083 0.000 0.450 0.022 0
 0.750 0.102 0.083 0.000 0.450 0.022 0
 0.750 0.102 0.083 0.000 0.450 0.022 0
 0.750 0.102 0.083 0.000 0.425 0.022 0
 0.750 0.093 0.083 0.000 0.500 0.022 0
 0.792 0.102 0.083 0.000 0.500 0.022 0
 0.792 0.102 0.083 0.000 0.500 0.022 0
 0.792 0.102 0.083 0.000 0.475 0.022 0
 0.792 0.102 0.083 0.000 0.450 0.022 0
 0.792 0.051 0.083 -0.126 -0.675 0.133 0
 0.792 0.068 0.083 -0.126 -0.675 0.156 0
 0.792 0.076 0.083 -0.126 -0.725 0.156 0
 0.792 0.076 0.083 -0.101 -0.700 0.156 0
 0.792 0.076 0.083 -0.101 -0.700 0.156 0
 0.792 0.076 0.083 -0.101 -0.750 0.156 0
 0.833 0.076 0.083 -0.101 -0.750 0.156 0
 0.833 0.076 0.083 -0.101 -0.875 0.156 0
 0.833 0.102 0.333 -0.101 -0.900 0.156 0
 0.833 0.102 0.500 -0.101 -0.950 0.156 0
 0.833 0.102 0.500 -0.101 -0.925 0.156 0
 0.833 0.102 0.500 0.025 -0.925 0.044 0
 0.833 0.076 0.583 0.025 -0.975 0.022 0
 0.833 0.076 0.583 0.025 -1.000 0.022 0
 0.833 0.076 0.500 0.000 -0.950 0.022 0
 0.833 0.076 0.583 0.000 -0.925 0.022 0
 0.833 0.076 0.500 0.025 -0.925 0.044 0
 0.833 0.076 0.500 0.025 -0.925 0.044 0
 0.875 0.076 0.333 0.025 -1.000 0.044 0
 0.875 0.076 0.083 0.025 -1.000 0.022 0
 0.875 0.076 0.333 0.025 -0.975 0.022 0
 0.875 0.076 0.250 0.025 -0.975 0.022 0
 0.875 0.076 0.250 0.025 -0.975 0.022 0
 0.875 0.051 0.250 0.025 0.075 0.000 0
 0.875 0.076 0.500 0.025 0.000 0.000 0
 0.875 0.076 0.083 0.025 0.000 0.000 0
 0.875 0.076 0.083 0.025 0.025 0.000 0
 0.875 0.076 0.083 0.000 -0.050 -0.022 0
 0.875 0.051 0.083 0.025 -0.050 -0.022 0
 0.875 0.051 0.083 0.025 -0.125 -0.044 0
 0.917 0.051 0.083 0.025 -0.075 -0.044 0
 0.917 0.076 0.083 0.025 -0.025 -0.044 0
 0.917 0.076 0.083 0.025 -0.075 -0.044 0
 0.917 0.076 0.083 0.025 -0.100 -0.044 0
 0.917 0.102 0.083 0.025 -0.075 -0.022 0
 0.917 0.127 0.083 0.025 -0.100 -0.022 0
 0.917 0.127 0.083 0.025 -0.100 0.000 0
 0.917 0.102 0.083 0.025 -0.150 0.000 0
 0.917 0.076 0.083 0.025 -0.200 0.000 0
 0.917 0.102 0.083 0.000 -0.175 -0.022 0
 0.917 0.102 0.083 0.000 -0.200 0.000 0
 0.917 0.076 0.083 0.000 -0.250 0.022 0
 0.958 0.076 0.250 0.000 -0.300 0.022 0
 0.958 0.076 0.083 0.000 -0.375 0.044 0
 0.958 0.076 0.250 0.000 -0.400 0.044 0
 0.958 0.059 0.583 0.000 -0.375 0.022 0
 0.958 0.059 0.333 -0.025 -0.425 0.044 0
 0.958 0.076 0.333 -0.025 -0.400 0.044 0
 0.958 0.102 0.500 -0.051 -0.400 0.089 0
 0.958 0.102 0.500 -0.051 -0.450 0.089 0
 0.958 0.127 0.083 -0.076 -0.375 0.133 0
 0.958 0.136 0.083 -0.076 -0.400 0.156 0
 0.958 0.153 0.083 -0.101 -0.350 0.156 0
 0.000 0.153 0.083 -0.101 -0.300 0.178 0
 0.000 0.110 0.250 -0.126 -0.350 0.200 0
 0.000 0.136 0.083 -0.152 -0.300 0.222 0
 0.000 0.212 0.083 -0.152 -0.275 0.267 0
 0.000 0.212 0.083 -0.152 -0.300 0.244 0
 0.000 0.034 0.833 -0.177 0.525 0.156 0
 0.000 0.034 0.750 -0.177 0.525 0.200 0
 0.000 0.034 0.083 -0.202 0.550 0.222 0
 0.000 0.059 0.083 -0.202 0.625 0.222 0
 0.000 0.059 0.083 -0.227 0.575 0.244 0
 0.000 0.068 0.083 -0.202 0.575 0.311 0
 0.000 0.068 0.500 -0.202 0.575 0.267 0
 0.042 0.076 0.083 -0.177 0.650 0.222 0
 0.042 0.076 0.083 -0.152 0.650 0.222 0
 0.042 0.085 0.083 -0.202 0.625 0.222 0
 0.042 0.085 0.083 -0.202 0.625 0.311 0
 0.042 0.059 0.333 -0.202 0.675 0.422 0
 0.042 0.068 0.083 -0.227 0.700 0.378 0
 0.042 0.068 0.083 -0.227 0.725 0.400 0
 0.042 0.102 0.333 -0.227 0.725 0.467 0
 0.042 0.110 0.083 -0.227 0.725 0.422 0
 0.042 0.136 0.083 -0.227 0.750 0.378 0
 0.042 0.136 0.083 -0.227 0.750 0.400 0
 0.042 0.102 0.083 -0.253 0.700 0.444 0
 0.083 0.076 0.083 -0.278 0.725 0.444 0
 0.083 0.093 0.083 -0.253 0.725 0.444 0
 0.083 0.093 0.083 -0.253 0.700 0.378 0
 0.083 0.076 0.083 -0.253 0.700 0.333 0
 0.083 0.059 0.083 -0.227 -0.075 0.333 0
 0.083 0.076 0.083 -0.227 -0.150 0.311 0
 0.083 0.102 0.083 -0.202 -0.125 0.222 0
 0.083 0.110 0.083 -0.202 -0.175 0.222 0
 0.083 0.110 0.083 -0.227 -0.150 0.200 0
 0.083 0.102 0.083 -0.253 -0.150 0.222 0
 0.083 0.127 0.083 -0.253 -0.125 0.200 0
 0.083 0.127 0.083 -0.202 -0.150 0.178 0
 0.125 0.119 0.083 -0.202 -0.100 0.178 0
 0.125 0.068 0.083 -0.227 -0.050 0.178 0
 0.125 0.102 0.083 -0.227 -0.050 0.200 0
 0.125 0.102 0.083 -0.202 -0.050 0.200 0
 0.125 0.102 0.083 -0.202 -0.050 0.200 0
 0.125 0.059 0.083 -0.253 -0.025 0.200 0
 0.125 0.051 0.083 -0.253 0.025 0.222 0
 0.125 0.042 0.083 -0.278 -0.025 0.200 0
 0.125 0.102 0.083 -0.253 0.025 0.200 0
 0.125 0.127 0.083 -0.202 0.050 0.178 0
 0.125 0.127 0.083 -0.227 0.100 0.200 0
 0.125 0.051 0.083 -0.227 0.125 0.178 0
 0.167 0.051 0.083 -0.202 0.200 0.178 0
 0.167 0.051 0.083 -0.177 0.225 0.133 0
 0.167 0.076 0.083 -0.177 0.250 0.111 0
 0.167 0.220 0.083 -0.152 0.275 0.089 0
 0.167 0.220 0.083 -0.025 0.350 0.044 0
 0.167 0.085 0.083 -0.025 0.325 0.067 0
 0.167 0.068 0.083 0.000 0.325 0.089 0
 0.167 0.051 0.083 -0.051 0.350 0.067 0
 0.167 0.076 0.083 -0.076 0.375 0.089 0
 0.167 0.076 0.083 -0.076 0.400 0.044 0
 0.167 0.076 0.083 -0.025 0.375 0.044 0
 0.167 0.068 0.083 0.025 0.400 0.000 0
 0.208 0.051 0.083 0.025 0.400 0.022 0
 0.208 0.042 0.083 0.051 0.400 0.000 0
 0.208 0.051 0.083 0.025 0.425 0.000 0
 0.208 0.068 0.083 -0.051 0.425 0.044 0
 0.208 0.068 0.083 -0.076 0.450 0.022 0
 0.208 0.025 0.083 -0.051 0.425 0.000 0
 0.208 0.034 0.083 0.025 0.500 0.000 1
 0.208 0.034 0.083 0.000 0.475 -0.022 1
 0.208 0.034 0.083 0.000 0.475 0.000 1
 0.208 0.042 0.250 -0.025 0.475 0.022 1
 0.208 0.042 0.083 0.051 0.475 0.000 1
 0.208 0.034 0.083 0.101 0.450 -0.044 1
 0.250 0.034 0.333 0.101 0.475 -0.067 1
 0.250 0.034 0.083 0.076 0.450 -0.044 1
 0.250 0.034 0.083 0.101 0.375 -0.067 1
 0.250 0.025 0.083 0.177 0.400 -0.089 1
 0.250 0.051 0.083 0.177 0.450 -0.089 1
 0.250 0.051 0.083 0.202 0.450 -0.156 1
 0.250 0.051 0.500 0.227 0.450 -0.133 1
 0.250 0.025 0.083 0.177 0.475 -0.111 1
 0.250 0.034 0.083 0.152 0.475 -0.111 1
 0.250 0.034 0.083 0.101 0.525 -0.089 1
 0.250 0.051 0.083 0.076 0.525 -0.089 1
 0.250 0.051 0.083 0.025 0.525 -0.022 1
 0.292 0.034 0.083 0.025 0.575 -0.022 1
 0.292 0.034 0.083 0.101 0.600 -0.044 1
 0.292 0.076 0.083 0.177 0.625 -0.178 0
 0.292 0.076 0.083 0.303 0.575 -0.333 0
 0.292 0.076 0.083 0.379 0.525 -0.422 0
 0.292 0.068 0.083 0.455 0.425 -0.533 0
 0.292 0.059 0.083 0.556 0.400 -0.644 0
 0.292 0.119 0.083 0.606 0.425 -0.644 0
 0.292 0.153 0.083 0.581 0.475 -0.600 0
 0.292 0.153 0.083 0.556 0.400 -0.533 0
 0.292 0.093 0.083 0.581 0.325 -0.578 0
 0.333 0.102 0.083 0.631 0.200 -0.600 0
 0.333 0.576 0.083 0.581 0.275 -0.578 0
 0.333 0.576 0.083 0.480 0.300 -0.444 0
 0.333 0.924 0.083 0.631 0.275 -0.711 0
 0.333 0.924 0.083 0.581 -181.700 -0.733 0
 0.333 0.475 0.083 0.505 -181.700 -0.711 0
 0.333 0.475 0.083 0.455 -181.725 -0.667 0
 0.333 0.229 0.083 0.429 -181.750 -0.733 0
 0.333 0.186 0.083 0.404 -181.775 -0.756 0
 0.333 0.110 0.083 0.379 -181.800 -0.778 0
 0.333 0.110 0.083 0.379 -181.850 -0.778 0
 0.333 0.102 0.583 0.354 -181.850 -0.800 0
 0.375 0.085 0.083 0.303 -181.925 -0.733 0
 0.375 0.102 0.083 0.303 -181.975 -0.711 0
 0.375 0.102 0.083 0.025 -182.000 -0.311 0
 0.375 0.076 0.083 -0.051 -182.000 -0.133 0
 0.375 0.076 0.083 -0.076 -181.975 -0.111 0
 0.375 0.076 0.083 -0.076 -181.925 -0.044 0
 0.375 0.127 0.083 -0.076 -181.925 0.022 0
 0.375 0.127 0.083 -0.101 -181.950 0.022 0
 0.375 0.059 0.083 -0.076 -182.025 0.022 0
 0.375 0.059 0.083 -0.076 -181.975 0.022 0
 0.375 0.093 0.083 -0.051 -181.950 0.067 0
 0.375 0.093 0.083 -0.051 -181.850 0.022 0
 0.417 0.051 0.083 -0.051 0.175 0.000 0
 0.417 0.051 0.083 -0.051 0.175 0.022 0
 0.417 0.042 0.083 -0.051 0.175 0.022 0
 0.417 0.051 0.083 -0.051 182.050 0.089 0
 0.417 0.051 0.083 -0.051 182.025 0.067 0
 0.417 0.034 0.083 -0.025 182.025 0.022 0
 0.417 0.025 0.083 0.000 182.025 0.022 0
 0.417 0.008 0.833 0.000 182.025 0.022 0
 0.417 0.008 0.833 0.000 182.025 0.022 0
 0.417 0.000 0.750 0.000 181.650 -0.022 0
 0.417 0.008 0.750 0.000 181.600 -0.022 0
 0.417 0.008 0.500 0.000 181.600 -0.022 0
 0.458 0.008 0.583 0.000 181.475 -0.022 0
 0.458 0.034 0.333 0.000 182.025 -0.022 0
 0.458 0.034 0.333 0.025 181.325 -0.044 0
 0.458 0.025 0.583 0.025 181.550 -0.044 0
 0.458 0.025 0.333 0.000 181.675 -0.022 0
 0.458 0.000 0.333 0.000 181.450 -0.022 0
 0.458 0.000 0.333 -0.025 181.450 -0.022 0
 0.458 0.000 0.583 -0.025 181.450 -0.022 0
 0.458 0.025 0.750 -0.025 181.450 0.022 0
 0.458 0.229 0.083 -0.025 181.450 0.000 0
 0.458 0.339 0.083 -0.025 181.450 0.178 0
 0.458 0.415 0.083 0.000 -0.650 0.156 0
 0.500 0.415 0.083 0.025 -1.175 0.133 0
 0.500 0.263 0.083 0.025 -1.175 0.089 0
 0.500 0.297 0.083 0.051 -1.150 0.044 0
 0.500 0.297 0.083 0.051 -1.100 0.000 0
 0.500 0.102 0.083 0.051 -1.050 0.000 0
 0.500 0.102 0.083 0.076 -1.075 -0.022 0
 0.500 0.102 0.083 0.076 -1.150 -0.022 0
 0.500 0.102 0.083 0.076 -1.150 -0.044 0
 0.500 0.119 0.083 0.076 -0.800 -0.044 0
 0.500 0.119 0.083 0.101 -0.775 -0.222 0
 0.500 0.102 0.083 0.076 -0.850 -0.200 0
 0.500 0.102 0.083 0.051 -0.725 -0.178 0
 0.542 0.102 0.250 0.025 -1.300 -0.111 0
 0.542 0.102 0.333 0.000 -0.625 -0.022 0
 0.542 0.102 0.500 0.000 -0.850 0.022 0
 0.542 0.102 0.333 0.000 -0.975 0.022 0
 0.542 0.102 0.083 0.000 -0.775 0.067 0
 0.542 0.076 0.333 0.000 -0.800 0.044 0
 0.542 0.093 0.083 0.000 -0.875 0.044 0
 0.542 0.102 0.083 0.025 -0.900 0.044 0
 0.542 0.161 0.083 0.000 -0.925 0.022 0
 0.542 0.161 0.083 0.000 -0.950 0.022 0
 0.542 0.085 0.083 0.000 -0.975 0.022 0
 0.542 0.093 0.083 0.025 -0.475 0.000 0
 0.583 0.093 0.083 0.025 -0.525 -0.044 0
 0.583 0.102 0.083 0.025 -0.525 -0.022 0
 0.583 0.102 0.083 0.025 -0.600 -0.022 0
 0.583 0.059 0.083 0.000 -0.625 -0.044 0
 0.583 0.059 0.083 0.000 -0.600 -0.022 0
 0.583 0.068 0.583 0.000 -0.550 -0.022 0
 0.583 0.076 0.500 -0.025 -0.550 0.022 0
 0.583 0.076 0.083 -0.025 -0.525 0.044 0
 0.583 0.051 0.000 -0.025 -0.525 0.044 0
 0.583 0.000 0.000 -0.025 -0.500 0.044 0
 0.583 0.000 0.000 -0.025 -0.450 0.044 0
 0.583 0.017 0.083 -0.025 -0.475 0.044 0
 0.625 0.017 0.083 -0.025 -0.425 0.022 0
 0.625 0.000 0.083 -0.025 -0.425 0.022 0
 0.625 0.000 0.083 0.000 -0.425 0.022 0
 0.625 0.000 0.083 0.000 -0.400 0.022 0
 0.625 0.000 0.083 0.000 -0.350 0.000 0
 0.625 0.000 0.083 0.000 -0.275 0.000 0
 0.625 0.000 0.083 0.000 -0.250 -0.022 0
 0.625 0.000 0.083 0.000 -0.200 -0.022 0
 0.625 0.034 0.083 0.000 -0.175 -0.022 0
 0.625 0.051 0.083 0.000 -0.150 -0.022 0
 0.625 0.051 0.083 0.000 -0.125 -0.044 0
 0.667 0.051 0.083 0.000 -0.100 -0.022 0
 0.667 0.034 0.333 0.000 -0.075 -0.022 0
 0.667 0.034 0.583 0.000 -0.025 -0.044 0
 0.667 0.042 0.583 0.000 0.000 -0.044 0
 0.667 0.042 0.583 0.000 -0.050 -0.022 0
 0.667 0.025 0.583 0.000 -0.025 -0.044 0
 0.667 0.025 0.583 0.000 -0.025 -0.022 0
 0.667 0.025 0.583 0.000 -0.050 -0.022 0
 0.667 0.034 0.583 0.000 -0.025 -0.044 0
 0.667 0.051 0.583 0.000 0.025 -0.044 0
 0.667 0.051 0.583 0.000 -0.025 -0.022 0
 0.667 0.068 0.500 0.000 0.050 -0.044 0
 0.708 0.068 0.083 0.000 0.025 -0.067 0
 0.708 0.085 0.083 0.000 0.050 -0.044 0
 0.708 0.093 0.083 0.000 0.050 -0.044 0
 0.708 0.093 0.083 0.000 0.100 -0.044 0
 0.708 0.127 0.083 0.000 0.100 -0.044 0
 0.708 0.127 0.083 0.000 0.125 -0.044 0
 0.708 0.110 0.083 0.000 0.100 -0.044 0
 0.708 0.127 0.083 0.000 0.125 -0.022 0
 0.708 0.127 0.083 0.000 0.125 -0.022 0
 0.708 0.127 0.083 0.000 0.125 -0.044 0
 0.708 0.127 0.083 0.000 0.125 -0.044 0
 0.708 0.136 0.083 0.000 0.200 -0.022 0
 0.750 0.136 0.083 0.000 0.200 -0.022 0
 0.750 0.119 0.083 0.025 0.225 -0.022 0
 0.750 0.110 0.083 0.025 0.175 -0.022 0
 0.750 0.119 0.083 0.025 0.200 -0.044 0
 0.750 0.119 0.083 0.025 0.225 -0.044 0
 0.750 0.127 0.083 0.025 0.225 -0.044 0
 0.750 0.127 0.083 0.025 0.225 -0.044 0
 0.750 0.093 0.083 0.025 0.175 -0.044 0
 0.750 0.076 0.083 0.025 0.200 -0.022 0
 0.750 0.076 0.083 0.025 0.250 -0.022 0
 0.750 0.076 0.083 0.025 0.225 -0.022 0
 0.750 0.076 0.083 0.025 0.275 -0.022 0
 0.792 0.076 0.083 0.000 0.225 -0.022 0
 0.792 0.076 0.083 0.000 0.250 -0.022 0
 0.792 0.102 0.083 0.000 0.200 0.000 0
 0.792 0.102 0.083 0.000 0.150 0.000 0
 0.792 0.076 0.083 0.000 0.150 0.000 0
 0.792 0.076 0.083 0.000 0.200 0.000 0
 0.792 0.076 0.083 0.000 0.150 0.000 0
 0.792 0.102 0.083 0.000 0.200 0.000 0
 0.792 0.102 0.083 0.000 0.200 0.000 0
 0.792 0.076 0.083 0.000 0.250 0.000 0
 0.792 0.102 0.083 0.000 0.200 0.000 0
 0.792 0.102 0.083 0.000 0.200 0.000 0
 0.833 0.076 0.333 0.000 0.200 0.000 0
 0.833 0.076 0.500 0.000 0.250 0.000 0
 0.833 0.102 0.500 0.000 0.300 0.000 0
 0.833 0.102 0.500 0.000 0.300 0.000 0
 0.833 0.102 0.500 0.000 0.300 0.000 0
 0.833 0.102 0.083 0.000 0.325 0.000 0
 0.833 0.102 0.083 0.000 0.375 0.000 0
 0.833 0.076 0.500 0.000 0.400 0.000 0
 0.833 0.102 0.500 0.000 0.325 0.000 0
 0.833 0.102 0.083 0.000 0.325 0.000 0
 0.833 0.102 0.083 0.000 0.225 0.000 0
 0.833 0.102 0.083 0.000 0.250 0.000 0
 0.875 0.102 0.083 0.000 0.250 0.000 0
 0.875 0.127 0.083 0.000 0.225 0.000 0
 0.875 0.127 0.083 0.000 0.200 0.000 0
 0.875 0.093 0.083 0.000 0.175 0.000 0
 0.875 0.102 0.083 0.000 0.100 0.000 0
 0.875 0.110 0.083 0.000 0.075 0.000 0
 0.875 0.110 0.083 0.000 0.000 0.000 0
 0.875 0.102 0.083 0.000 0.000 0.000 0
 0.875 0.076 0.083 0.000 -0.075 0.000 0
 0.875 0.076 0.083 0.000 -0.075 0.000 0
 0.875 0.068 0.250 0.000 -0.100 0.000 0
 0.917 0.068 0.500 0.000 -0.175 0.000 0
 0.917 0.051 0.083 0.000 -0.225 0.000 0
 0.917 0.051 0.083 0.000 -0.275 0.000 0
 0.917 0.051 0.083 0.000 -0.300 0.000 0
 0.917 0.051 0.083 0.000 -0.300 0.000 0
 0.917 0.068 0.083 0.000 -0.300 0.000 0
 0.917 0.093 0.083 0.000 -0.300 0.000 0
 0.917 0.093 0.083 0.000 -0.350 0.000 0
 0.917 0.076 0.083 0.000 -0.350 0.000 0
 0.917 0.102 0.083 0.000 -0.375 0.022 0
 0.917 0.102 0.083 0.000 -0.350 0.022 0
 0.917 0.059 0.833 0.000 -0.350 0.000 0
 0.958 0.051 0.083 -0.025 -0.400 0.022 0
 0.958 0.076 0.083 -0.025 -0.400 0.022 0
 0.958 0.076 0.083 -0.025 -0.375 0.022 0
 0.958 0.076 0.083 -0.025 -0.400 0.022 0
 0.958 0.034 0.083 -0.025 -0.375 0.022 0
 0.958 0.051 0.083 -0.025 -0.325 0.022 0
 0.958 0.051 0.083 -0.025 -0.325 0.022 0
 0.958 0.051 0.083 -0.051 -0.350 0.044 0
 0.958 0.076 0.083 -0.051 -0.325 0.022 0
 0.958 0.102 0.083 -0.076 -0.350 0.044 0
 0.958 0.102 0.083 -0.076 -0.350 0.067 0
 0.958 0.076 0.083 -0.076 -0.350 0.111 0
 0.000 0.051 0.083 -0.101 -0.400 0.156 0
 0.000 0.059 0.083 -0.126 -0.400 0.178 0
 0.000 0.144 0.083 -0.152 -0.375 0.244 0
 0.000 0.144 0.083 -0.152 -0.375 0.289 0
 0.000 0.119 0.083 -0.202 -0.350 0.378 0
 0.000 0.119 0.083 -0.227 -0.350 0.400 0
 0.000 0.085 0.083 -0.253 -0.350 0.511 0
 0.000 0.102 0.083 -0.227 -0.275 0.489 0
 0.000 0.102 0.083 -0.227 -0.325 0.467 0
 0.000 0.102 0.083 -0.202 -0.325 0.422 0
 0.000 0.102 0.083 -0.227 -0.325 0.422 0
 0.042 0.102 0.083 -0.253 -0.350 0.489 0
 0.042 0.102 0.083 -0.253 -0.325 0.467 0
 0.042 0.068 0.083 -0.227 -0.325 0.422 0
 0.042 0.034 0.083 -0.202 -0.325 0.400 1
 0.042 0.076 0.083 -0.152 -0.375 0.289 1
 0.042 0.076 0.083 -0.101 -0.400 0.244 1
 0.042 0.076 0.083 -0.076 -0.325 0.133 1
 0.042 0.110 0.083 -0.076 -0.300 0.156 1
 0.042 0.110 0.083 -0.076 -0.275 0.111 1
 0.042 0.110 0.500 -0.025 -0.225 0.067 1
 0.042 0.136 0.083 -0.025 -0.125 0.067 1
 0.083 0.136 0.083 -0.051 -0.125 0.089 1
 0.083 0.102 0.500 -0.101 -0.150 0.156 1
 0.083 0.093 0.083 -0.126 -0.200 0.178 1
 0.083 0.093 0.083 -0.177 -0.250 0.222 1
 0.083 0.034 0.083 -0.227 -0.275 0.289 1
 0.083 0.025 0.250 -0.253 -0.300 0.356 1
 0.083 0.025 0.333 -0.253 -0.250 0.378 1
 0.083 0.017 0.500 -0.253 -0.250 0.400 1
 0.083 0.034 0.583 -0.227 -0.250 0.400 1
 0.083 0.034 0.083 -0.152 -0.175 0.267 1
 0.125 0.059 0.083 -0.101 -0.125 0.178 0
 0.125 0.059 0.083 -0.152 -0.125 0.178 0
 0.125 0.102 0.250 -0.253 -0.075 0.333 0
 0.125 0.110 0.083 -0.303 -0.050 0.422 0
 0.125 0.144 0.250 -0.278 -0.025 0.356 0
 0.125 0.144 0.083 -0.253 0.000 0.244 0
 0.125 0.119 0.083 -0.253 0.000 0.244 0
 0.125 0.153 0.083 -0.278 -0.025 0.244 0
 0.125 0.153 0.083 -0.303 -0.025 0.289 0
 0.125 0.153 0.250 -0.303 0.000 0.311 0
 0.125 0.076 0.583 -0.303 0.025 0.311 0
 0.125 0.076 0.083 -0.202 0.000 0.200 0
 0.167 0.093 0.083 0.025 -0.025 -0.044 1
 0.167 0.110 0.083 0.354 -0.025 -0.489 1
 0.167 0.153 0.083 0.556 0.050 -0.778 1
 0.167 0.153 0.083 0.657 0.150 -0.889 1
 0.167 0.076 0.083 0.707 0.225 -0.911 1
 0.167 0.076 0.083 0.707 0.250 -0.978 1
 0.167 0.034 0.083 0.707 0.275 -1.022 1
 0.167 0.025 0.833 0.657 0.350 -0.889 1
 0.167 0.025 0.833 0.556 0.350 -0.844 1
 0.167 0.025 0.833 0.202 0.375 -0.267 1
 0.167 0.008 0.083 0.025 0.400 -0.089 1
 0.208 0.025 0.083 -0.177 0.425 0.222 1
 0.208 0.025 0.083 -0.278 0.450 0.378 1
 0.208 0.008 0.083 -0.328 0.500 0.467 1
 0.208 0.025 0.083 -0.328 0.500 0.489 1
 0.208 0.025 0.083 -0.328 0.575 0.489 0
 0.208 0.034 0.083 -0.303 0.550 0.489 0
 0.208 0.059 0.083 -0.278 0.575 0.400 0
 0.208 0.102 0.083 -0.278 0.525 0.444 0
 0.208 0.102 0.083 -0.202 0.550 0.333 0
 0.208 0.076 0.083 -0.101 0.550 0.133 0
 0.208 0.110 0.083 -0.051 0.550 0.133 0
 0.208 0.110 0.083 -0.025 0.575 0.067 0
 0.250 0.153 0.083 -0.025 0.550 0.044 0
 0.250 0.203 0.083 0.051 0.550 -0.067 0
 0.250 0.203 0.083 0.101 0.475 -0.178 0
 0.250 0.169 0.083 0.152 0.425 -0.178 0
 0.250 0.127 0.083 0.177 0.475 -0.200 0
 0.250 0.110 0.083 0.227 0.500 -0.244 0
 0.250 0.102 0.083 0.253 0.450 -0.311 0
 0.250 0.119 0.083 0.328 0.475 -0.422 0
 0.250 0.144 0.083 0.379 0.400 -0.533 0
 0.250 0.169 0.083 0.404 0.375 -0.578 0
 0.250 0.169 0.083 0.379 0.350 -0.578 0
 0.250 0.119 0.083 0.354 0.350 -0.533 0
 0.292 0.161 0.083 0.253 0.350 -0.333 0
 0.292 0.161 0.083 0.152 0.300 -0.178 0
 0.292 0.144 0.083 0.051 0.275 -0.133 0
 0.292 0.144 0.083 0.000 0.250 0.022 0
 0.292 0.076 0.083 -0.025 0.200 0.022 0
 0.292 0.059 0.083 0.025 0.275 -0.022 0
 0.292 0.059 0.083 -0.051 0.300 0.111 0
 0.292 0.093 0.083 -0.202 0.175 0.289 0
 0.292 0.034 0.083 -0.227 0.125 0.356 0
 0.292 0.110 0.083 -0.253 0.150 0.422 0
 0.333 0.110 0.083 -0.227 0.175 0.333 0
 0.333 0.102 0.083 -0.227 0.175 0.289 0
 0.333 0.127 0.250 -0.152 0.275 0.289 0
 0.333 0.127 0.083 -0.101 0.225 0.133 0
 0.333 0.127 0.083 -0.076 0.150 0.111 0
 0.333 0.178 0.083 -0.025 0.075 0.089 0
 0.333 0.178 0.083 0.025 0.000 -0.022 0
 0.333 0.093 0.083 0.076 -0.050 -0.133 0
 0.333 0.093 0.083 0.101 -0.075 -0.133 0
 0.333 0.102 0.333 0.126 -0.050 -0.156 0
 0.333 0.102 0.500 0.152 -0.075 -0.222 0
 0.333 0.102 0.083 0.101 -0.100 -0.178 0
 0.375 0.212 0.083 0.126 -0.125 -0.111 0
 0.375 0.212 0.083 0.101 -0.050 -0.133 0
 0.375 0.178 0.333 0.101 0.025 -0.133 0
 0.375 0.153 0.083 0.126 0.025 -0.178 0
 0.375 0.153 0.083 0.101 0.050 -0.156 0
 0.375 0.169 0.083 0.101 -0.050 -0.111 0
 0.375 0.178 0.083 0.101 -0.075 -0.089 0
 0.375 0.178 0.333 0.101 -0.050 -0.111 0
 0.375 0.195 0.250 0.101 -0.075 -0.111 0
 0.375 0.195 0.083 0.101 -0.050 -0.133 0
 0.375 0.195 0.083 0.126 -0.025 -0.178 0
 0.375 0.195 0.083 0.126 -0.075 -0.222 0
 0.417 0.212 0.250 0.126 -0.125 -0.200 0
 0.417 0.212 0.250 0.101 -0.225 -0.178 0
 0.417 0.153 0.083 0.076 -0.250 -0.156 0
 0.417 0.153 0.083 0.051 -0.225 -0.156 0
 0.417 0.153 0.250 0.076 -0.250 -0.178 0
 0.417 0.153 0.333 0.051 -0.175 -0.156 0
 0.417 0.110 0.250 0.051 -0.175 -0.133 0
 0.417 0.102 0.333 0.076 -0.175 -0.156 0
 0.417 0.034 0.583 0.076 -0.175 -0.178 0
 0.417 0.034 0.500 0.101 -0.200 -0.156 0
 0.417 0.076 0.333 0.076 -0.225 -0.156 0
 0.417 0.076 0.583 0.076 -0.225 -0.178 0
 0.458 0.076 0.583 0.076 -0.275 -0.178 0
 0.458 0.076 0.583 0.101 -0.325 -0.156 0
 0.458 0.076 0.500 0.101 -0.375 -0.178 0
 0.458 0.068 0.500 0.076 -0.375 -0.156 0
 0.458 0.068 0.500 0.076 -0.325 -0.156 0
 0.458 0.051 0.500 0.076 -0.300 -0.178 0
 0.458 0.059 0.500 0.076 -0.325 -0.156 0
 0.458 0.059 0.083 0.076 -0.325 -0.133 0
 0.458 0.076 0.083 0.051 -0.350 -0.133 0
 0.458 0.110 0.083 0.051 -0.400 -0.111 0
 0.458 0.127 0.083 0.051 -0.350 -0.111 0
 0.458 0.127 0.083 0.051 -0.300 -0.089 0
 0.500 0.093 0.083 0.025 -0.275 -0.089 0
 0.500 0.102 0.083 0.025 -0.225 -0.089 0
 0.500 0.102 0.083 0.025 -0.150 -0.067 0
 0.500 0.102 0.083 0.025 -0.150 -0.022 0
 0.500 0.051 0.333 0.000 -0.150 0.000 0
 0.500 0.051 0.333 0.000 -0.125 0.044 0
 0.500 0.051 0.250 0.000 -0.125 0.044 0
 0.500 0.051 0.250 0.000 -0.075 0.044 0
 0.500 0.051 0.083 0.000 -0.075 0.089 0
 0.500 0.051 0.083 0.000 -0.125 0.089 0
 0.500 0.051 0.083 0.000 -0.150 0.089 0
 0.542 0.051 0.250 0.000 -0.175 0.111 0
 0.542 0.076 0.250 -0.025 -0.175 0.111 0
 0.542 0.076 0.083 0.000 -0.175 0.111 0
 0.542 0.127 0.083 0.000 -0.200 0.089 0
 0.542 0.127 0.250 0.000 -0.200 0.067 0
 0.542 0.076 0.250 0.000 -0.175 0.044 0
 0.542 0.076 0.083 0.025 -0.175 0.022 0
 0.542 0.051 0.250 0.025 -0.150 0.022 0
 0.542 0.051 0.083 0.025 -0.175 0.000 0
 0.542 0.093 0.083 0.025 -0.175 0.022 0
 0.542 0.102 0.083 0.025 -0.200 0.022 0
 0.542 0.102 0.083 0.025 -0.200 0.022 0
 0.583 0.127 0.333 0.025 -0.250 0.022 0
 0.583 0.127 0.083 0.025 -0.275 0.000 0
 0.583 0.102 0.333 0.025 -0.275 0.000 0
 0.583 0.102 0.500 0.025 -0.250 0.000 0
 0.583 0.102 0.333 0.025 -0.225 0.000 0
 0.583 0.102 0.250 0.000 -0.225 0.022 0
 0.583 0.127 0.250 0.000 -0.200 0.044 0
 0.583 0.127 0.333 0.000 -0.200 0.044 0
 0.583 0.127 0.250 0.000 -0.150 0.022 0
 0.583 0.127 0.250 0.000 -0.100 0.022 0
 0.583 0.127 0.250 0.000 -0.125 0.022 0
 0.583 0.110 0.083 0.000 -0.075 0.022 0
 0.625 0.153 0.250 0.000 -0.075 0.044 0
 0.625 0.169 0.333 0.000 -0.100 0.067 0
 0.625 0.169 0.083 0.000 -0.075 0.044 0
 0.625 0.127 0.083 0.000 -0.075 0.044 0
 0.625 0.119 0.083 0.000 -0.050 0.044 0
 0.625 0.102 0.083 0.000 -0.025 0.022 0
 0.625 0.093 0.083 0.000 -0.025 0.022 0
 0.625 0.093 0.083 0.000 0.000 0.022 0
 0.625 0.102 0.083 0.000 0.000 0.000 0
 0.625 0.102 0.083 0.025 0.000 0.000 0
 0.667 0.085 0.250 0.025 0.025 -0.044 0
 0.667 0.085 0.083 0.025 0.050 -0.067 0
 0.667 0.093 0.083 0.025 0.025 -0.067 0
 0.667 0.119 0.083 0.025 -0.025 -0.067 0
 0.667 0.119 0.083 0.025 0.000 -0.089 0
 0.667 0.102 0.083 0.025 0.025 -0.089 0
 0.667 0.076 0.083 0.025 0.025 -0.089 0
 0.667 0.076 0.083 0.025 0.000 -0.089 0
 0.667 0.051 0.083 0.025 -0.050 -0.089 0
 0.667 0.076 0.333 0.000 -0.050 -0.089 0