2018-06-25T13:28:38Z 270 0 0 0 0 0 0 0
2018-06-25T13:28:53Z 270 0 0 0 0 0 0 0
2018-06-25T13:29:05Z 270 0 0 0 0 0 0 0
2018-06-25T13:29:18Z 270 0 0 0 0 0 0 0
2018-06-25T13:29:32Z 270 0 0 0 0 0 0 0
2018-06-25T13:29:47Z 270 0 0 0 0 0 0 0
2018-06-25T13:30:00Z 270 0 0 0 0 0 0 0
2018-06-25T13:30:14Z 270 0 0 0 0 0 0 0
2018-06-25T13:30:30Z 270 0 0 0 0 0 0 0
2018-06-25T13:30:45Z 270 0 0 0 0 0 0 0
2018-06-25T13:31:00Z 270 0 0 0 0 0 0 0
2018-06-25T13:31:15Z 270 0 0 0 0 0 0 0
2018-06-25T13:31:30Z 270 0 0 0 0 0 0 0
2018-06-25T13:31:43Z 270 0 0 0 0 0 0 0
2018-06-25T13:31:57Z 270 0 0 0 0 0 0 0
2018-06-25T13:32:08Z 270 0 0 0 0 0 0 0
2018-06-25T13:32:21Z 270 0 0 0 0 0 0 0
2018-06-25T13:32:34Z 270 0 0 0 0 0 0 0
2018-06-25T13:32:46Z 270 0 0 0 0 0 0 0
